100 1000
0 9 2 4 8 7 9 9 5 5 4 253 264 262 252 260 262 259 260 257 119 126 127 125 126 230 233 225 230 228 230 231 234 229 234 232 223 230 230 233 169 165 172 166 167 166 169 166 165 172 172 163 169 167 153 150 146 152 79 143 144 143 140 144 143 149 142 189 187 186 182 185 187 191 184 187 188 189 186 261 253 258 253 90 98 92 96 98 94 87 86 89 82 87 87 88 89 90 90 88 
9 0 11 9 3 7 1 1 7 4 10 262 272 270 261 269 270 268 269 265 128 135 136 134 134 230 234 226 231 228 231 232 234 229 234 233 224 230 231 234 168 164 171 165 166 165 168 164 164 171 171 163 168 165 160 158 154 160 87 145 147 145 143 146 145 152 144 190 188 187 183 185 188 192 184 188 189 191 186 266 258 264 258 85 93 87 92 93 90 86 86 89 82 87 87 88 89 89 90 89 
2 11 0 6 10 9 11 10 5 6 2 252 262 260 250 259 260 258 258 255 118 125 125 123 124 228 231 224 229 226 229 230 232 227 232 230 222 228 229 232 167 164 171 165 165 164 167 164 164 171 171 162 167 165 151 148 144 150 77 141 142 141 138 142 141 148 140 187 186 185 180 183 186 190 182 186 187 188 184 258 251 256 251 89 97 91 95 97 94 85 84 88 80 86 86 87 88 88 89 87 
4 9 6 0 6 4 8 8 7 5 7 256 266 264 255 263 264 262 263 259 121 129 129 127 128 233 237 229 234 231 234 235 237 232 237 235 227 233 234 237 172 169 176 169 170 169 172 169 168 175 175 167 172 170 155 152 149 155 82 146 147 147 144 148 147 153 145 193 191 190 185 188 191 195 187 191 192 193 189 264 257 262 256 92 100 94 98 100 97 90 89 93 85 91 91 91 93 93 94 92 
8 3 10 6 0 4 2 3 7 4 10 261 271 269 260 268 270 267 268 264 127 134 135 133 133 232 236 228 233 231 233 234 236 232 237 235 226 233 233 236 170 167 174 168 168 167 170 167 167 174 174 165 170 168 160 157 154 160 87 147 148 147 145 148 147 154 146 192 191 190 185 188 191 195 187 191 192 193 189 267 259 265 259 88 96 90 95 96 93 89 88 92 84 89 89 90 91 92 92 91 
7 7 9 4 4 0 6 6 8 5 10 259 270 268 258 266 268 266 266 263 125 132 133 131 132 234 238 230 235 233 236 236 239 234 239 237 228 235 235 238 173 170 177 170 171 170 173 170 169 176 176 168 173 171 159 156 152 158 85 149 150 149 146 150 149 155 148 194 193 192 187 190 192 197 189 193 194 195 191 267 260 265 259 92 100 94 98 100 96 91 90 94 86 92 92 92 94 94 95 93 
9 1 11 8 2 6 0 1 7 4 10 262 272 270 261 269 271 268 269 266 128 135 136 134 135 231 235 227 232 230 232 233 235 231 236 234 225 232 232 235 169 166 173 167 167 166 169 166 166 172 172 164 169 167 161 158 154 160 88 146 148 147 144 148 147 153 146 191 190 188 184 187 189 194 186 190 191 192 188 267 259 265 259 86 94 89 93 95 91 88 87 90 83 88 88 89 90 91 91 90 
9 1 10 8 3 6 1 0 6 4 10 261 272 270 260 268 270 267 268 265 128 135 135 133 134 230 234 226 231 229 231 232 234 230 235 233 224 231 231 234 168 165 172 166 166 165 168 165 165 171 171 163 168 166 160 157 154 160 87 145 147 146 143 147 146 152 145 190 189 187 183 186 188 193 185 189 190 191 186 266 258 264 258 86 94 88 92 94 90 87 86 89 82 87 87 88 89 90 90 89 
5 7 5 7 7 8 7 6 0 4 4 255 266 263 254 262 264 261 262 259 122 129 129 127 128 226 230 222 227 224 227 228 230 225 230 229 220 226 227 230 165 161 168 162 163 162 165 162 161 168 168 159 165 163 154 151 147 153 80 140 141 140 138 141 140 147 139 186 184 183 179 181 184 188 180 184 185 186 182 260 252 258 252 85 93 87 91 93 89 83 82 85 78 83 83 84 85 86 86 85 
5 4 6 5 4 5 4 4 4 0 6 258 268 266 257 265 266 264 265 261 124 131 132 130 130 229 233 225 230 228 230 231 233 229 234 232 223 230 230 233 168 164 171 165 166 165 168 165 164 171 171 163 168 166 157 154 150 156 83 144 145 144 141 145 144 150 143 189 188 186 182 185 187 192 184 188 189 190 186 263 256 261 255 87 95 89 93 95 91 86 85 89 81 87 87 87 88 89 90 88 
4 10 2 7 10 10 10 10 4 6 0 252 262 260 251 259 260 258 259 255 118 125 126 124 124 226 230 222 227 224 227 228 230 225 230 228 220 227 227 230 165 162 169 163 163 162 165 162 162 169 168 160 165 163 151 148 144 150 77 139 140 140 137 141 140 146 138 186 184 183 178 181 184 188 180 184 185 186 182 258 250 255 250 87 95 89 93 95 91 83 82 86 78 84 84 85 86 86 87 85 
253 262 252 256 261 259 262 261 255 258 252 0 10 8 2 7 9 8 8 5 135 127 127 129 128 267 266 264 264 261 260 265 268 259 266 263 261 267 259 265 266 268 266 264 267 270 267 270 260 268 265 261 268 270 105 106 111 105 175 206 200 207 201 206 205 205 198 240 239 239 232 239 237 238 239 236 237 233 241 139 142 142 138 283 285 281 285 286 284 240 238 239 241 244 245 243 245 242 244 236 
264 272 262 266 271 270 272 272 266 268 262 10 0 2 12 4 3 7 5 8 145 138 137 139 138 274 272 271 271 268 267 271 274 266 272 269 268 274 265 271 275 277 274 273 275 278 276 278 269 276 273 270 277 279 115 117 121 115 185 215 208 216 210 215 214 213 207 248 246 247 240 247 245 246 246 244 244 241 248 142 145 145 141 293 295 291 295 296 294 250 248 248 251 253 255 252 255 252 253 246 
262 270 260 264 269 268 270 270 263 266 260 8 2 0 9 2 2 5 3 6 143 136 135 137 136 272 271 269 269 266 265 270 272 264 271 268 266 272 263 269 273 275 272 270 273 276 274 276 266 274 271 267 274 277 113 114 119 113 183 213 206 214 207 213 211 211 204 246 244 245 238 245 243 244 244 242 242 239 246 141 144 143 140 290 293 288 293 293 292 248 245 246 249 251 253 250 253 250 251 244 
252 261 250 255 260 258 261 260 254 257 251 2 12 9 0 8 10 8 8 7 134 126 126 128 127 265 264 262 262 259 258 263 265 257 264 261 259 265 257 263 264 266 263 262 265 268 265 268 258 266 263 259 266 268 103 105 109 103 174 204 198 205 199 204 203 203 196 238 236 237 230 237 235 236 236 234 235 231 238 137 140 139 135 281 283 279 283 284 283 238 236 237 239 242 244 241 243 240 242 235 
260 269 259 263 268 266 269 268 262 265 259 7 4 2 8 0 1 3 1 7 142 135 134 136 135 270 268 267 267 263 262 267 270 262 268 265 264 270 261 267 270 273 270 268 271 274 271 274 264 272 269 265 272 275 111 113 117 111 182 211 204 211 205 211 209 209 202 244 242 242 235 243 241 241 242 240 240 237 244 139 142 141 137 289 291 287 291 291 290 246 244 244 247 249 251 248 251 248 249 242 
262 270 260 264 270 268 271 270 264 266 260 9 3 2 10 1 0 4 2 8 144 136 136 137 137 271 269 268 268 264 263 268 271 263 269 266 264 271 262 268 272 274 271 269 272 275 273 275 265 273 270 266 273 276 113 114 119 113 183 212 205 213 207 212 210 210 204 245 243 243 236 244 242 242 243 241 241 238 245 139 142 141 138 290 292 288 292 293 292 247 245 246 248 251 253 250 252 249 251 243 
259 268 258 262 267 266 268 267 261 264 258 8 7 5 8 3 4 0 2 9 142 134 133 135 134 267 266 264 264 261 260 265 267 259 266 263 261 267 258 264 268 270 267 266 268 272 269 272 262 270 267 263 270 272 110 112 116 110 181 208 202 209 203 209 207 207 200 241 239 240 233 240 238 239 240 237 238 234 242 136 139 138 135 287 289 285 289 290 288 244 242 243 245 248 250 247 249 246 248 240 
260 269 258 263 268 266 269 268 262 265 259 8 5 3 8 1 2 2 0 8 142 134 134 136 135 269 267 266 266 262 262 266 269 261 267 264 263 269 260 266 270 272 269 268 270 273 271 273 263 271 268 264 272 274 111 113 117 111 182 210 203 211 205 210 209 208 202 243 241 242 234 242 240 240 241 239 239 236 243 138 141 140 136 288 290 286 290 291 290 245 243 244 246 249 251 248 250 247 249 241 
257 265 255 259 264 263 266 265 259 261 255 5 8 6 7 7 8 9 8 0 138 131 130 132 131 272 271 269 269 266 265 270 272 264 271 268 266 272 263 269 271 273 270 269 271 274 272 275 265 273 270 266 273 275 109 110 115 109 178 211 204 212 205 211 209 210 202 245 243 244 237 244 242 243 243 241 241 238 245 143 146 146 142 287 289 285 289 290 289 244 242 243 245 248 250 247 249 247 248 241 
119 128 118 121 127 125 128 128 122 124 118 135 145 143 134 142 144 142 142 138 0 8 9 7 9 225 226 220 223 220 221 224 227 220 226 224 217 225 220 225 190 190 192 188 190 191 191 191 184 193 191 184 192 192 46 42 41 45 44 132 128 133 127 134 131 136 125 185 183 182 175 181 182 185 180 181 182 180 183 180 175 179 173 167 172 166 171 172 170 130 128 130 129 134 135 133 136 134 135 128 
126 135 125 129 134 132 135 135 129 131 125 127 138 136 126 135 136 134 134 131 8 0 1 1 2 222 223 218 221 218 219 222 225 217 224 221 215 223 218 223 190 190 192 188 190 191 191 192 184 193 191 184 192 192 39 34 34 38 50 131 127 132 126 133 131 134 124 183 181 181 173 180 180 183 179 179 180 178 181 173 168 172 166 171 175 170 175 176 174 134 131 133 133 137 139 136 139 137 138 131 
127 136 125 129 135 133 136 135 129 132 126 127 137 135 126 134 136 133 134 130 9 1 0 2 3 223 224 218 221 218 219 222 225 217 224 221 215 223 218 223 191 191 192 188 190 192 191 192 185 194 192 185 192 193 39 34 34 38 51 132 127 133 126 133 131 135 124 183 181 181 174 180 180 183 179 180 181 179 182 173 168 172 166 172 176 171 176 177 174 134 131 134 133 138 139 137 140 137 139 131 
125 134 123 127 133 131 134 133 127 130 124 129 139 137 128 136 137 135 136 132 7 1 2 0 2 222 223 218 221 217 218 222 225 217 224 221 215 223 218 223 190 190 191 187 189 191 191 191 184 193 191 184 191 192 40 35 35 39 49 131 127 132 125 132 130 134 124 183 181 180 173 179 180 183 179 179 180 178 181 174 169 173 167 170 174 169 174 175 173 133 130 132 132 136 138 135 138 136 137 130 
126 134 124 128 133 132 135 134 128 130 124 128 138 136 127 135 137 134 135 131 9 2 3 2 0 220 221 216 219 215 216 220 223 215 222 219 213 221 216 221 188 188 189 186 188 189 189 189 182 191 189 182 190 190 38 33 33 37 49 129 125 130 123 130 128 132 122 181 179 178 171 177 178 181 177 177 178 176 179 172 167 171 165 169 174 168 173 174 172 132 129 131 131 135 137 134 137 135 136 129 
230 230 228 233 232 234 231 230 226 229 226 267 274 272 265 270 271 267 269 272 225 222 223 222 220 0 5 4 4 6 9 4 5 9 6 7 7 1 10 6 67 72 63 69 69 72 68 72 68 64 63 70 68 72 199 202 198 200 204 95 98 95 100 94 96 90 101 42 44 45 51 46 45 41 47 45 44 45 45 152 145 149 148 162 155 158 157 156 158 143 144 141 148 143 144 142 142 141 140 141 
233 234 231 237 236 238 235 234 230 233 230 266 272 271 264 268 269 266 267 271 226 223 224 223 221 5 0 8 3 6 6 2 2 7 1 3 10 5 7 1 72 76 68 73 74 77 72 77 73 69 68 75 73 77 200 202 199 200 206 98 100 97 103 96 98 93 103 45 47 48 54 49 47 43 50 47 46 47 48 149 142 146 145 166 160 162 162 160 163 147 148 144 152 147 147 146 145 144 144 145 
225 226 224 229 228 230 227 226 222 225 222 264 271 269 262 267 268 264 266 269 220 218 218 218 216 4 8 0 6 5 9 7 8 8 9 8 3 5 10 9 64 68 59 65 66 69 64 69 64 61 60 67 65 69 195 198 194 196 200 91 94 90 96 90 92 86 97 38 40 40 47 42 40 37 43 40 39 40 41 151 143 147 146 158 152 154 153 152 155 139 140 136 144 139 139 138 137 137 136 137 
230 231 229 234 233 235 232 231 227 230 227 264 271 269 262 267 268 264 266 269 223 221 221 221 219 4 3 6 0 4 5 1 4 5 3 3 7 4 6 3 69 74 65 71 72 75 70 75 70 67 65 72 71 74 197 200 197 198 204 95 98 94 100 94 96 90 101 42 44 45 51 47 45 41 47 45 44 44 45 149 141 145 145 164 157 160 159 158 160 145 145 142 149 144 145 143 143 142 141 142 
228 228 226 231 231 233 230 229 224 228 224 261 268 266 259 263 264 261 262 266 220 218 218 217 215 6 6 5 4 0 4 4 7 3 6 4 5 6 5 6 68 73 64 69 70 73 69 74 68 66 64 71 69 73 194 197 193 195 200 92 94 91 97 90 92 87 97 39 41 42 48 44 41 38 45 42 41 41 43 146 138 143 142 162 156 158 157 156 159 142 143 139 147 142 142 141 140 139 139 140 
230 231 229 234 233 236 232 231 227 230 227 260 267 265 258 262 263 260 262 265 221 219 219 218 216 9 6 9 5 4 0 5 7 2 6 3 9 8 1 5 71 76 67 73 74 77 72 77 72 69 67 74 73 76 194 197 194 195 202 94 96 93 98 92 94 88 99 42 43 44 50 46 44 40 47 44 43 43 45 144 136 140 140 165 159 161 161 159 162 145 145 142 150 145 145 144 143 142 142 142 
231 232 230 235 234 236 233 232 228 231 228 265 271 270 263 267 268 265 266 270 224 222 222 222 220 4 2 7 1 4 5 0 3 6 2 2 8 4 6 2 70 75 66 72 73 76 71 76 71 68 66 73 72 75 198 201 198 199 205 96 99 95 101 95 97 91 102 43 45 46 52 48 46 42 48 46 45 45 46 149 141 145 145 165 158 161 160 159 161 146 146 143 150 145 146 145 144 143 142 143 
234 234 232 237 236 239 235 234 230 233 230 268 274 272 265 270 271 267 269 272 227 225 225 225 223 5 2 8 4 7 7 3 0 8 2 5 11 4 9 3 72 76 67 73 74 77 72 77 73 69 68 75 73 76 201 204 200 202 207 99 101 98 104 97 99 94 104 46 47 48 54 50 48 44 51 48 47 48 49 151 143 147 147 166 160 162 161 160 163 148 148 145 152 147 148 147 146 145 144 145 
229 229 227 232 232 234 231 230 225 229 225 259 266 264 257 262 263 259 261 264 220 217 217 217 215 9 7 8 5 3 2 6 8 0 7 4 7 9 2 6 70 75 66 71 72 75 71 76 70 68 66 73 71 75 193 196 192 194 200 92 94 91 97 91 93 87 97 40 42 43 48 44 42 38 45 42 41 41 43 144 136 140 140 164 158 160 159 158 160 143 144 140 148 143 144 142 142 141 140 141 
234 234 232 237 237 239 236 235 230 234 230 266 272 271 264 268 269 266 267 271 226 224 224 224 222 6 1 9 3 6 6 2 2 7 0 3 11 5 7 1 73 77 68 74 75 78 73 78 73 70 68 76 74 77 200 203 199 201 207 98 101 98 103 97 99 93 104 46 47 48 54 50 48 44 51 48 47 47 49 149 141 145 145 167 161 163 162 161 164 148 149 145 153 148 148 147 146 145 145 146 
232 233 230 235 235 237 234 233 229 232 228 263 269 268 261 265 266 263 264 268 224 221 221 221 219 7 3 8 3 4 3 2 5 4 3 0 9 6 4 2 72 76 68 73 74 77 72 77 72 69 68 75 73 77 197 200 196 198 204 96 98 95 101 94 96 91 101 43 45 46 52 48 46 42 49 46 45 45 47 147 139 143 143 166 160 162 161 160 163 146 147 143 151 146 147 145 145 144 143 144 
223 224 222 227 226 228 225 224 220 223 220 261 268 266 259 264 264 261 263 266 217 215 215 215 213 7 10 3 7 5 9 8 11 7 11 9 0 8 9 10 63 68 59 64 65 68 63 68 63 60 59 66 64 68 192 195 191 193 197 88 91 88 93 87 89 83 94 35 37 38 44 39 38 34 40 38 37 37 38 148 140 145 144 157 151 153 152 151 154 137 138 134 142 137 138 136 136 135 134 135 
230 230 228 233 233 235 232 231 226 230 227 267 274 272 265 270 271 267 269 272 225 223 223 223 221 1 5 5 4 6 8 4 4 9 5 6 8 0 10 6 68 72 63 69 70 73 68 73 69 65 64 71 69 72 199 202 199 200 204 96 99 95 101 94 96 91 102 42 44 45 52 47 45 41 48 45 44 45 46 152 145 149 148 162 156 158 157 156 159 144 145 141 149 144 144 143 142 141 141 142 
230 231 229 234 233 235 232 231 227 230 227 259 265 263 257 261 262 258 260 263 220 218 218 218 216 10 7 10 6 5 1 6 9 2 7 4 9 10 0 6 72 77 68 73 74 77 73 78 72 70 68 74 73 77 193 196 193 194 201 93 95 93 98 92 94 88 98 41 43 44 49 46 43 39 47 43 42 42 45 143 135 139 139 165 159 162 161 160 162 145 145 142 150 145 145 144 143 142 142 142 
233 234 232 237 236 238 235 234 230 233 230 265 271 269 263 267 268 264 266 269 225 223 223 223 221 6 1 9 3 6 5 2 3 6 1 2 10 6 6 0 72 77 68 74 75 78 73 78 73 70 68 75 74 77 199 202 198 200 206 97 100 97 102 96 98 92 103 45 46 47 53 49 47 43 50 47 46 46 48 148 140 145 144 166 160 163 162 161 163 147 148 144 152 147 148 146 146 145 144 145 
169 168 167 172 170 173 169 168 165 168 165 266 275 273 264 270 272 268 270 271 190 190 191 190 188 67 72 64 69 68 71 70 72 70 73 72 63 68 72 72 0 5 4 3 2 6 1 6 6 3 4 6 2 6 178 179 175 178 160 62 68 61 68 61 63 62 70 41 41 40 43 38 42 45 38 43 43 47 38 181 173 178 175 95 88 91 90 89 91 83 84 80 87 81 81 81 79 79 78 81 
165 164 164 169 167 170 166 165 161 164 162 268 277 275 266 273 274 270 272 273 190 190 191 190 188 72 76 68 74 73 76 75 76 75 77 76 68 72 77 77 5 0 9 5 3 1 4 2 9 7 9 7 4 2 179 180 176 179 159 63 69 62 69 63 64 64 72 45 46 44 47 43 47 49 42 47 48 52 42 185 177 182 179 90 84 87 85 84 87 80 81 77 84 78 78 78 76 76 75 79 
172 171 171 176 174 177 173 172 168 171 169 266 274 272 263 270 271 267 269 270 192 192 192 191 189 63 68 59 65 64 67 66 67 66 68 68 59 63 68 68 4 9 0 6 6 10 5 10 8 3 0 9 6 10 178 180 176 179 162 62 68 61 68 61 63 61 71 37 38 36 40 35 39 41 35 40 40 44 34 179 170 175 172 99 92 95 94 93 95 86 87 84 91 85 85 84 83 83 82 85 
166 165 165 169 168 170 167 166 162 165 163 264 273 270 262 268 269 266 268 269 188 188 188 187 186 69 73 65 71 69 73 72 73 71 74 73 64 69 73 74 3 5 6 0 2 6 3 6 4 6 6 4 4 7 175 177 173 176 157 59 65 58 65 59 61 59 68 41 41 40 42 38 42 45 38 43 43 47 38 180 172 177 174 93 86 89 88 87 89 80 81 78 85 79 79 78 77 77 76 79 
167 166 165 170 168 171 167 166 163 166 163 267 275 273 265 271 272 268 270 271 190 190 190 189 188 69 74 66 72 70 74 73 74 72 75 74 65 70 74 75 2 3 6 2 0 4 2 4 7 5 6 6 2 4 178 179 175 178 159 62 68 61 68 61 63 62 70 43 43 42 45 40 44 47 40 45 45 49 40 183 174 179 176 92 86 89 88 86 89 81 82 78 85 79 79 79 78 77 77 80 
166 165 164 169 167 170 166 165 162 165 162 270 278 276 268 274 275 272 273 274 191 191 192 191 189 72 77 69 75 73 77 76 77 75 78 77 68 73 77 78 6 1 10 6 4 0 5 0 10 8 10 9 4 1 180 181 177 180 159 64 70 63 70 64 66 65 73 46 47 45 48 44 48 50 44 49 49 53 43 187 178 183 180 90 83 86 85 84 87 80 81 78 84 79 79 78 77 77 76 79 
169 168 167 172 170 173 169 168 165 168 165 267 276 274 265 271 273 269 271 272 191 191 191 191 189 68 72 64 70 69 72 71 72 71 73 72 63 68 73 73 1 4 5 3 2 5 0 5 7 3 5 7 1 5 179 180 176 179 160 63 69 62 69 62 64 63 71 42 42 41 44 39 43 46 39 44 44 48 39 182 174 179 176 94 88 91 89 88 91 83 84 80 87 81 81 81 79 79 79 82 
166 164 164 169 167 170 166 165 162 165 162 270 278 276 268 274 275 272 273 275 191 192 192 191 189 72 77 69 75 74 77 76 77 76 78 77 68 73 78 78 6 2 10 6 4 0 5 0 10 8 10 9 4 1 180 182 177 181 159 65 71 64 70 64 66 65 73 47 47 46 49 44 48 51 44 49 49 53 44 187 178 183 181 90 83 86 85 84 86 80 81 78 84 79 78 78 77 77 76 79 
165 164 164 168 167 169 166 165 161 164 162 260 269 266 258 264 265 262 263 265 184 184 185 184 182 68 73 64 70 68 72 71 73 70 73 72 63 69 72 73 6 9 8 4 7 10 7 10 0 9 7 2 8 11 172 173 169 172 154 56 62 55 61 55 57 55 64 38 38 37 39 35 39 42 35 40 40 44 35 177 168 173 170 93 87 90 89 88 90 79 80 76 83 78 78 77 76 75 75 77 
172 171 171 175 174 176 172 171 168 171 169 268 276 274 266 272 273 270 271 273 193 193 194 193 191 64 69 61 67 66 69 68 69 68 70 69 60 65 70 70 3 7 3 6 5 8 3 8 9 0 3 10 4 7 180 182 178 181 163 64 70 63 70 63 65 64 73 40 40 39 43 38 41 44 38 42 43 47 37 181 173 178 175 98 91 94 93 91 94 86 87 84 90 85 85 84 83 83 82 85 
172 171 171 175 174 176 172 171 168 171 168 265 273 271 263 269 270 267 268 270 191 191 192 191 189 63 68 60 65 64 67 66 68 66 68 68 59 64 68 68 4 9 0 6 6 10 5 10 7 3 0 9 6 10 178 179 175 178 161 62 67 61 68 61 63 61 70 37 37 36 40 35 38 41 34 39 40 44 34 178 170 175 172 99 92 95 94 93 95 86 87 83 90 85 85 84 83 82 82 84 
163 163 162 167 165 168 164 163 159 163 160 261 270 267 259 265 266 263 264 266 184 184 185 184 182 70 75 67 72 71 74 73 75 73 76 75 66 71 74 75 6 7 9 4 6 9 7 9 2 10 9 0 8 9 172 173 169 172 153 56 62 55 62 55 57 56 65 40 40 39 41 37 41 44 37 42 43 46 37 179 170 175 172 91 85 87 87 85 88 77 78 75 82 76 76 75 74 74 73 76 
169 168 167 172 170 173 169 168 165 168 165 268 277 274 266 272 273 270 272 273 192 192 192 191 190 68 73 65 71 69 73 72 73 71 74 73 64 69 73 74 2 4 6 4 2 4 1 4 8 4 6 8 0 4 180 181 177 180 161 64 70 63 69 63 65 64 72 43 43 42 45 40 44 47 40 45 45 49 40 183 175 180 177 94 87 90 89 88 90 83 84 80 87 81 81 81 79 79 79 82 
167 165 165 170 168 171 167 166 163 166 163 270 279 277 268 275 276 272 274 275 192 192 193 192 190 72 77 69 74 73 76 75 76 75 77 77 68 72 77 77 6 2 10 7 4 1 5 1 11 7 10 9 4 0 181 182 178 181 160 65 71 64 71 65 67 66 74 47 47 46 49 44 48 51 44 49 49 53 44 187 178 184 181 91 84 87 86 84 87 81 82 79 85 80 79 79 78 78 77 80 
153 160 151 155 160 159 161 160 154 157 151 105 115 113 103 111 113 110 111 109 46 39 39 40 38 199 200 195 197 194 194 198 201 193 200 197 192 199 193 199 178 179 178 175 178 180 179 180 172 180 178 172 180 181 0 4 7 1 74 116 111 117 110 117 115 117 108 163 161 161 153 160 160 162 159 159 160 157 162 135 130 134 128 179 182 177 182 182 181 137 135 136 138 141 143 140 142 140 141 134 
150 158 148 152 157 156 158 157 151 154 148 106 117 114 105 113 114 112 113 110 42 34 34 35 33 202 202 198 200 197 197 201 204 196 203 200 195 202 196 202 179 180 180 177 179 181 180 182 173 182 179 173 181 182 4 0 5 3 71 118 112 119 112 119 117 119 110 165 163 163 155 162 162 164 162 161 162 160 164 139 135 138 132 178 181 176 181 182 180 137 134 136 137 140 142 139 142 139 141 133 
146 154 144 149 154 152 154 154 147 150 144 111 121 119 109 117 119 116 117 115 41 34 34 35 33 198 199 194 197 193 194 198 200 192 199 196 191 199 193 198 175 176 176 173 175 177 176 177 169 178 175 169 177 178 7 5 0 6 67 114 108 115 108 114 112 115 105 161 159 159 152 158 158 161 158 157 158 156 160 139 134 138 132 173 176 172 177 177 175 132 129 131 132 136 137 135 137 135 136 128 
152 160 150 155 160 158 160 160 153 156 150 105 115 113 103 111 113 110 111 109 45 38 38 39 37 200 200 196 198 195 195 199 202 194 201 198 193 200 194 200 178 179 179 176 178 180 179 181 172 181 178 172 180 181 1 3 6 0 73 117 111 118 111 118 116 118 108 164 161 161 154 161 160 163 160 160 160 158 162 136 131 135 129 179 182 177 182 183 181 137 135 136 138 141 143 140 143 140 141 134 
79 87 77 82 87 85 88 87 80 83 77 175 185 183 174 182 183 181 182 178 44 50 51 49 49 204 206 200 204 200 202 205 207 200 207 204 197 204 201 206 160 159 162 157 159 159 160 159 154 163 161 153 161 160 74 71 67 73 0 109 106 109 104 110 108 114 103 162 160 160 153 158 160 163 157 159 160 160 160 193 186 191 185 124 129 123 128 130 127 90 88 91 88 93 95 93 96 94 95 88 
143 145 141 146 147 149 146 145 140 144 139 206 215 213 204 211 212 208 210 211 132 131 132 131 129 95 98 91 95 92 94 96 99 92 98 96 88 96 93 97 62 63 62 59 62 64 63 65 56 64 62 56 64 65 116 118 114 117 109 0 6 1 6 1 1 7 8 54 52 51 44 50 51 54 49 51 52 51 51 141 132 137 133 102 100 99 101 101 101 65 64 62 69 67 68 66 67 64 65 61 
144 147 142 147 148 150 148 147 141 145 140 200 208 206 198 204 205 202 203 204 128 127 127 127 125 98 100 94 98 94 96 99 101 94 101 98 91 99 95 100 68 69 68 65 68 70 69 71 62 70 67 62 70 71 111 112 108 111 106 6 0 7 4 7 5 8 3 57 55 54 47 53 54 57 52 54 54 54 55 135 127 132 128 107 105 103 106 106 106 69 68 66 73 71 72 69 70 68 69 65 
143 145 141 147 147 149 147 146 140 144 140 207 216 214 205 211 213 209 211 212 133 132 133 132 130 95 97 90 94 91 93 95 98 91 98 95 88 95 93 97 61 62 61 58 61 63 62 64 55 63 61 55 63 64 117 119 115 118 109 1 7 0 7 1 2 7 9 53 51 50 44 49 50 54 48 50 51 50 50 141 132 138 134 102 99 98 101 100 101 65 64 62 69 67 68 66 66 64 65 61 
140 143 138 144 145 146 144 143 138 141 137 201 210 207 199 205 207 203 205 205 127 126 126 125 123 100 103 96 100 97 98 101 104 97 103 101 93 101 98 102 68 69 68 65 68 70 69 70 61 70 68 62 69 71 110 112 108 111 104 6 4 7 0 7 5 10 3 59 57 56 49 55 56 60 54 56 57 56 57 139 130 136 131 104 102 100 103 102 103 65 64 62 69 67 69 66 67 64 65 61 
144 146 142 148 148 150 148 147 141 145 141 206 215 213 204 211 212 209 210 211 134 133 133 132 130 94 96 90 94 90 92 95 97 91 97 94 87 94 92 96 61 63 61 59 61 64 62 64 55 63 61 55 63 65 117 119 114 118 110 1 7 1 7 0 2 5 9 52 50 50 43 48 50 53 47 49 50 50 50 140 131 137 132 103 101 99 102 101 102 66 65 63 71 68 69 67 68 65 66 62 
143 145 141 147 147 149 147 146 140 144 140 205 214 211 203 209 210 207 209 209 131 131 131 130 128 96 98 92 96 92 94 97 99 93 99 96 89 96 94 98 63 64 63 61 63 66 64 66 57 65 63 57 65 67 115 117 112 116 108 1 5 2 5 2 0 6 7 54 52 52 45 50 51 55 49 51 52 51 52 139 131 136 132 103 101 100 102 102 102 66 65 63 70 68 69 66 67 65 65 62 
149 152 148 153 154 155 153 152 147 150 146 205 213 211 203 209 210 207 208 210 136 134 135 134 132 90 93 86 90 87 88 91 94 87 93 91 83 91 88 92 62 64 61 59 62 65 63 65 55 64 61 56 64 66 117 119 115 118 114 7 8 7 10 5 6 0 11 49 47 47 40 45 46 50 45 46 47 46 47 135 126 132 128 108 106 104 107 106 107 72 71 69 76 73 75 72 73 71 71 68 
142 144 140 145 146 148 146 145 139 143 138 198 207 204 196 202 204 200 202 202 125 124 124 124 122 101 103 97 101 97 99 102 104 97 104 101 94 102 98 103 70 72 71 68 70 73 71 73 64 73 70 65 72 74 108 110 105 108 103 8 3 9 3 9 7 11 0 60 58 57 50 56 57 60 55 57 58 57 58 136 127 133 128 106 105 103 106 105 106 68 66 65 72 70 71 68 70 67 68 63 
189 190 187 193 192 194 191 190 186 189 186 240 248 246 238 244 245 241 243 245 185 183 183 183 181 42 45 38 42 39 42 43 46 40 46 43 35 42 41 45 41 45 37 41 43 46 42 47 38 40 37 40 43 47 163 165 161 164 162 54 57 53 59 52 54 49 60 0 2 3 10 4 3 4 5 4 4 8 4 143 135 140 137 128 122 124 124 123 125 104 104 101 109 104 105 103 103 101 101 101 
187 188 186 191 191 193 190 189 184 188 184 239 246 244 236 242 243 239 241 243 183 181 181 181 179 44 47 40 44 41 43 45 47 42 47 45 37 44 43 46 41 46 38 41 43 47 42 47 38 40 37 40 43 47 161 163 159 161 160 52 55 51 57 50 52 47 58 2 0 1 8 3 1 4 4 2 2 7 3 142 134 139 136 127 122 123 123 122 124 102 103 99 107 103 103 102 101 100 100 100 
186 187 185 190 190 192 188 187 183 186 183 239 247 245 237 242 243 240 242 244 182 181 181 180 178 45 48 40 45 42 44 46 48 43 48 46 38 45 44 47 40 44 36 40 42 45 41 46 37 39 36 39 42 46 161 163 159 161 160 51 54 50 56 50 52 47 57 3 1 0 8 2 2 6 3 3 4 8 2 143 134 140 137 125 120 122 122 121 123 101 102 98 106 101 102 101 100 99 99 99 
182 183 180 185 185 187 184 183 179 182 178 232 240 238 230 235 236 233 234 237 175 173 174 173 171 51 54 47 51 48 50 52 54 48 54 52 44 52 49 53 43 47 40 42 45 48 44 49 39 43 40 41 45 49 153 155 152 154 153 44 47 44 49 43 45 40 50 10 8 8 0 7 7 10 7 6 7 8 9 139 130 135 132 124 119 120 121 120 122 98 98 95 102 98 99 97 97 95 95 95 
185 185 183 188 188 190 187 186 181 185 181 239 247 245 237 243 244 240 242 244 181 180 180 179 177 46 49 42 47 44 46 48 50 44 50 48 39 47 46 49 38 43 35 38 40 44 39 44 35 38 35 37 40 44 160 162 158 161 158 50 53 49 55 48 50 45 56 4 3 2 7 0 4 8 1 5 5 9 2 144 136 141 138 123 118 120 120 119 121 99 100 96 104 99 100 99 98 97 97 97 
187 188 186 191 191 192 189 188 184 187 184 237 245 243 235 241 242 238 240 242 182 180 180 180 178 45 47 40 45 41 44 46 48 42 48 46 38 45 43 47 42 47 39 42 44 48 43 48 39 41 38 41 44 48 160 162 158 160 160 51 54 50 56 50 51 46 57 3 1 2 7 4 0 4 4 1 1 5 4 141 132 137 135 127 122 123 124 123 125 102 103 99 107 103 103 102 101 100 100 100 
191 192 190 195 195 197 194 193 188 192 188 238 246 244 236 241 242 239 240 243 185 183 183 183 181 41 43 37 41 38 40 42 44 38 44 42 34 41 39 43 45 49 41 45 47 50 46 51 42 44 41 44 47 51 162 164 161 163 163 54 57 54 60 53 55 50 60 4 4 6 10 8 4 0 8 4 3 5 7 140 131 136 134 131 126 127 127 126 128 107 107 104 111 107 107 106 105 104 104 104 
184 184 182 187 187 189 186 185 180 184 180 239 246 244 236 242 243 240 241 243 180 179 179 179 177 47 50 43 47 45 47 48 51 45 51 49 40 48 47 50 38 42 35 38 40 44 39 44 35 38 34 37 40 44 159 162 158 160 157 49 52 48 54 47 49 45 55 5 4 3 7 1 4 8 0 5 6 9 2 144 136 141 138 123 118 119 119 118 120 98 99 96 103 99 99 98 97 96 96 96 
187 188 186 191 191 193 190 189 184 188 184 236 244 242 234 240 241 237 239 241 181 179 180 179 177 45 47 40 45 42 44 46 48 42 48 46 38 45 43 47 43 47 40 43 45 49 44 49 40 42 39 42 45 49 159 161 157 160 159 51 54 50 56 49 51 46 57 4 2 3 6 5 1 4 5 0 1 4 5 140 131 136 134 128 123 124 124 123 125 103 103 100 107 103 104 102 102 100 100 100 
188 189 187 192 192 194 191 190 185 189 185 237 244 242 235 240 241 238 239 241 182 180 181 180 178 44 46 39 44 41 43 45 47 41 47 45 37 44 42 46 43 48 40 43 45 49 44 49 40 43 40 43 45 49 160 162 158 160 160 52 54 51 57 50 52 47 58 4 2 4 7 5 1 3 6 1 0 4 6 140 131 136 134 128 123 125 125 124 126 104 104 101 108 104 105 103 103 101 101 101 
189 191 188 193 193 195 192 191 186 190 186 233 241 239 231 237 238 234 236 238 180 178 179 178 176 45 47 40 44 41 43 45 48 41 47 45 37 45 42 46 47 52 44 47 49 53 48 53 44 47 44 46 49 53 157 160 156 158 160 51 54 50 56 50 51 46 57 8 7 8 8 9 5 5 9 4 4 0 10 136 127 132 130 131 126 127 128 127 129 105 105 102 110 106 106 105 104 103 103 102 
186 186 184 189 189 191 188 186 182 186 182 241 248 246 238 244 245 242 243 245 183 181 182 181 179 45 48 41 45 43 45 46 49 43 49 47 38 46 45 48 38 42 34 38 40 43 39 44 35 37 34 37 40 44 162 164 160 162 160 51 55 50 57 50 52 47 58 4 3 2 9 2 4 7 2 5 6 10 0 145 137 142 139 124 119 120 120 119 121 100 101 97 105 100 101 99 99 98 98 98 
261 266 258 264 267 267 267 266 260 263 258 139 142 141 137 139 139 136 138 143 180 173 173 174 172 152 149 151 149 146 144 149 151 144 149 147 148 152 143 148 181 185 179 180 183 187 182 187 177 181 178 179 183 187 135 139 139 136 193 141 135 141 139 140 139 135 136 143 142 143 139 144 141 140 144 140 140 136 145 0 9 4 8 242 240 239 241 241 241 202 200 199 205 204 206 203 205 202 203 198 
253 258 251 257 259 260 259 258 252 256 250 142 145 144 140 142 142 139 141 146 175 168 168 169 167 145 142 143 141 138 136 141 143 136 141 139 140 145 135 140 173 177 170 172 174 178 174 178 168 173 170 170 175 178 130 135 134 131 186 132 127 132 130 131 131 126 127 135 134 134 130 136 132 131 136 131 131 127 137 9 0 6 4 233 232 230 233 232 233 193 192 191 197 196 197 195 196 193 194 189 
258 264 256 262 265 265 265 264 258 261 255 142 145 143 139 141 141 138 140 146 179 172 172 173 171 149 146 147 145 143 140 145 147 140 145 143 145 149 139 145 178 182 175 177 179 183 179 183 173 178 175 175 180 184 134 138 138 135 191 137 132 138 136 137 136 132 133 140 139 140 135 141 137 136 141 136 136 132 142 4 6 0 6 239 237 236 238 238 238 199 198 196 203 202 203 200 202 199 200 195 
253 258 251 256 259 259 259 258 252 255 250 138 141 140 135 137 138 135 136 142 173 166 166 167 165 148 145 146 145 142 140 145 147 140 145 143 144 148 139 144 175 179 172 174 176 180 176 181 170 175 172 172 177 181 128 132 132 129 185 133 128 134 131 132 132 128 128 137 136 137 132 138 135 134 138 134 134 130 139 8 4 6 0 234 233 231 234 233 234 194 193 191 198 197 198 195 197 194 195 190 
90 85 89 92 88 92 86 86 85 87 87 283 293 290 281 289 290 287 288 287 167 171 172 170 169 162 166 158 164 162 165 165 166 164 167 166 157 162 165 166 95 90 99 93 92 90 94 90 93 98 99 91 94 91 179 178 173 179 124 102 107 102 104 103 103 108 106 128 127 125 124 123 127 131 123 128 128 131 124 242 233 239 234 0 8 4 6 8 5 43 46 45 42 40 38 41 39 42 41 47 
98 93 97 100 96 100 94 94 93 95 95 285 295 293 283 291 292 289 290 289 172 175 176 174 174 155 160 152 157 156 159 158 160 158 161 160 151 156 159 160 88 84 92 86 86 83 88 83 87 91 92 85 87 84 182 181 176 182 129 100 105 99 102 101 101 106 105 122 122 120 119 118 122 126 118 123 123 126 119 240 232 237 233 8 0 6 2 1 4 45 47 47 44 41 40 42 40 43 42 49 
92 87 91 94 90 94 89 88 87 89 89 281 291 288 279 287 288 285 286 285 166 170 171 169 168 158 162 154 160 158 161 161 162 160 163 162 153 158 162 163 91 87 95 89 89 86 91 86 90 94 95 87 90 87 177 176 172 177 123 99 103 98 100 99 100 104 103 124 123 122 120 120 123 127 119 124 125 127 120 239 230 236 231 4 6 0 5 7 4 41 43 43 40 37 36 39 36 39 38 45 
96 92 95 98 95 98 93 92 91 93 93 285 295 293 283 291 292 289 290 289 171 175 176 174 173 157 162 153 159 157 161 160 161 159 162 161 152 157 161 162 90 85 94 88 88 85 89 85 89 93 94 87 89 86 182 181 177 182 128 101 106 101 103 102 102 107 106 124 123 122 121 120 124 127 119 124 125 128 120 241 233 238 234 6 2 5 0 2 2 45 48 47 44 42 40 43 40 43 42 49 
98 93 97 100 96 100 95 94 93 95 95 286 296 293 284 291 293 290 291 290 172 176 177 175 174 156 160 152 158 156 159 159 160 158 161 160 151 156 160 161 89 84 93 87 86 84 88 84 88 91 93 85 88 84 182 182 177 183 130 101 106 100 102 101 102 106 105 123 122 121 120 119 123 126 118 123 124 127 119 241 232 238 233 8 1 7 2 0 4 46 48 47 45 42 40 43 41 44 42 50 
94 90 94 97 93 96 91 90 89 91 91 284 294 292 283 290 292 288 290 289 170 174 174 173 172 158 163 155 160 159 162 161 163 160 164 163 154 159 162 163 91 87 95 89 89 87 91 86 90 94 95 88 90 87 181 180 175 181 127 101 106 101 103 102 102 107 106 125 124 123 122 121 125 128 120 125 126 129 121 241 233 238 234 5 4 4 2 4 0 44 47 46 43 41 39 42 40 43 41 48 
87 86 85 90 89 91 88 87 83 86 83 240 250 248 238 246 247 244 245 244 130 134 134 133 132 143 147 139 145 142 145 146 148 143 148 146 137 144 145 147 83 80 86 80 81 80 83 80 79 86 86 77 83 81 137 137 132 137 90 65 69 65 65 66 66 72 68 104 102 101 98 99 102 107 98 103 104 105 100 202 193 199 194 43 45 41 45 46 44 0 3 3 5 4 5 3 5 4 5 4 
86 86 84 89 88 90 87 86 82 85 82 238 248 245 236 244 245 242 243 242 128 131 131 130 129 144 148 140 145 143 145 146 148 144 149 147 138 145 145 148 84 81 87 81 82 81 84 81 80 87 87 78 84 82 135 134 129 135 88 64 68 64 64 65 65 71 66 104 103 102 98 100 103 107 99 103 104 105 101 200 192 198 193 46 47 43 48 48 47 3 0 4 5 6 8 5 8 6 7 3 
89 89 88 93 92 94 90 89 85 89 86 239 248 246 237 244 246 243 244 243 130 133 134 132 131 141 144 136 142 139 142 143 145 140 145 143 134 141 142 144 80 77 84 78 78 78 80 78 76 84 83 75 80 79 136 136 131 136 91 62 66 62 62 63 63 69 65 101 99 98 95 96 99 104 96 100 101 102 97 199 191 196 191 45 47 43 47 47 46 3 4 0 8 5 7 4 7 4 5 2 
82 82 80 85 84 86 83 82 78 81 78 241 251 249 239 247 248 245 246 245 129 133 133 132 131 148 152 144 149 147 150 150 152 148 153 151 142 149 150 152 87 84 91 85 85 84 87 84 83 90 90 82 87 85 138 137 132 138 88 69 73 69 69 71 70 76 72 109 107 106 102 104 107 111 103 107 108 110 105 205 197 203 198 42 44 40 44 45 43 5 5 8 0 6 7 6 8 8 9 8 
87 87 86 91 89 92 88 87 83 87 84 244 253 251 242 249 251 248 249 248 134 137 138 136 135 143 147 139 144 142 145 145 147 143 148 146 137 144 145 147 81 78 85 79 79 79 81 79 78 85 85 76 81 80 141 140 136 141 93 67 71 67 67 68 68 73 70 104 103 101 98 99 103 107 99 103 104 106 100 204 196 202 197 40 41 37 42 42 41 4 6 5 6 0 2 1 2 3 3 7 
87 87 86 91 89 92 88 87 83 87 84 245 255 253 244 251 253 250 251 250 135 139 139 138 137 144 147 139 145 142 145 146 148 144 148 147 138 144 145 148 81 78 85 79 79 79 81 78 78 85 85 76 81 79 143 142 137 143 95 68 72 68 69 69 69 75 71 105 103 102 99 100 103 107 99 104 105 106 101 206 197 203 198 38 40 36 40 40 39 5 8 7 7 2 0 3 2 4 4 9 
88 88 87 91 90 92 89 88 84 87 85 243 252 250 241 248 250 247 248 247 133 136 137 135 134 142 146 138 143 141 144 145 147 142 147 145 136 143 144 146 81 78 84 78 79 78 81 78 77 84 84 75 81 79 140 139 135 140 93 66 69 66 66 67 66 72 68 103 102 101 97 99 102 106 98 102 103 105 99 203 195 200 195 41 42 39 43 43 42 3 5 4 6 1 3 0 3 2 2 6 
89 89 88 93 91 94 90 89 85 88 86 245 255 253 243 251 252 249 250 249 136 139 140 138 137 142 145 137 143 140 143 144 146 142 146 145 136 142 143 146 79 76 83 77 78 77 79 77 76 83 83 74 79 78 142 142 137 143 96 67 70 66 67 68 67 73 70 103 101 100 97 98 101 105 97 102 103 104 99 205 196 202 197 39 40 36 40 41 40 5 8 7 8 2 2 3 0 3 2 9 
90 89 88 93 92 94 91 90 86 89 86 242 252 250 240 248 249 246 247 247 134 137 137 136 135 141 144 137 142 139 142 143 145 141 145 144 135 141 142 145 79 76 83 77 77 77 79 77 75 83 82 74 79 78 140 139 135 140 94 64 68 64 64 65 65 71 67 101 100 99 95 97 100 104 96 100 101 103 98 202 193 199 194 42 43 39 43 44 43 4 6 4 8 3 4 2 3 0 2 6 
90 90 89 94 92 95 91 90 86 90 87 244 253 251 242 249 251 248 249 248 135 138 139 137 136 140 144 136 141 139 142 142 144 140 145 143 134 141 142 144 78 75 82 76 77 76 79 76 75 82 82 73 79 77 141 141 136 141 95 65 69 65 65 66 65 71 68 101 100 99 95 97 100 104 96 100 101 103 98 203 194 200 195 41 42 38 42 42 41 5 7 5 9 3 4 2 2 2 0 8 
88 89 87 92 91 93 90 89 85 88 85 236 246 244 235 242 243 240 241 241 128 131 131 130 129 141 145 137 142 140 142 143 145 141 146 144 135 142 142 145 81 79 85 79 80 79 82 79 77 85 84 76 82 80 134 133 128 134 88 61 65 61 61 62 62 68 63 101 100 99 95 97 100 104 96 100 101 102 98 198 189 195 190 47 49 45 49 50 48 4 3 2 8 7 9 6 9 6 8 0 
0 1 93 7 33 0 0 0 0 0 0 92 0 1 0 1 1 26 0 0 1 7 67 1 82 0 96 8 29 4 1 52 0 1 1 0 0 0 0 113 0 1 58 0 1 19 0 24 0 18 5 1 0 4 6 6 6 89 74 52 97 0 0 5 12 0 0 121 1 0 1 0 117 1 53 60 1 1 0 0 1 21 49 0 18 0 45 37 2 21 0 1 1 18 67 0 0 82 1 18 
29 0 10 43 1 0 0 0 0 0 0 3 0 19 0 0 1 12 0 0 0 9 63 0 52 0 10 1 10 0 1 10 0 15 0 0 0 0 0 6 0 10 33 0 19 14 0 0 0 91 109 1 0 1 7 112 32 1 87 1 40 0 0 24 1 51 0 11 16 0 0 0 7 36 1 0 31 45 0 0 1 12 67 0 0 0 1 4 25 10 0 2 1 1 16 0 0 7 49 34 
1 1 0 1 1 0 4 1 0 0 1 56 0 114 0 1 9 1 0 29 0 32 4 117 0 0 1 64 78 95 1 1 0 1 85 0 0 0 5 5 0 1 84 1 1 0 0 18 0 81 1 7 8 52 1 7 40 0 18 1 68 0 0 0 0 0 0 33 1 0 51 0 38 81 105 20 38 107 0 0 24 35 123 0 1 1 20 11 1 1 0 5 1 124 1 0 0 5 0 10 
1 4 68 0 9 1 110 1 0 108 1 4 1 94 56 2 1 1 55 28 1 111 2 14 74 113 9 14 123 1 98 71 42 17 36 1 0 5 1 1 0 18 74 0 110 29 1 104 5 127 29 3 3 1 1 1 1 4 1 8 1 1 0 113 108 12 0 1 105 17 122 0 21 1 1 9 39 9 7 32 1 33 4 11 1 1 1 39 42 1 1 1 117 6 1 0 0 83 2 9 
58 63 15 1 0 0 1 58 0 0 1 0 0 1 0 121 0 36 0 1 0 0 122 86 0 0 84 11 21 5 2 11 0 1 1 0 0 1 55 1 0 1 28 2 3 0 0 87 0 0 116 53 63 10 126 2 1 0 29 97 0 116 0 0 0 0 0 1 4 0 120 0 10 6 0 15 0 1 0 0 68 4 22 0 1 1 39 13 29 77 114 0 33 1 51 6 1 25 0 76 
0 0 0 1 0 0 0 0 77 1 0 0 1 0 57 62 53 0 1 14 1 85 1 0 29 9 1 0 0 69 32 0 1 5 0 1 2 100 0 0 4 28 0 0 17 90 1 52 1 1 0 0 53 0 0 0 23 0 2 0 66 41 47 91 26 59 5 0 1 24 0 1 1 0 1 0 3 0 17 16 1 63 0 1 38 79 0 0 0 36 46 0 0 52 21 0 0 2 4 11 
0 0 2 3 126 0 0 15 0 1 1 0 75 78 0 1 0 0 0 1 0 0 66 46 0 0 0 1 0 37 0 14 66 1 1 0 3 26 24 3 0 11 1 67 74 0 0 122 0 0 1 0 28 1 16 85 0 0 10 116 0 1 0 0 0 0 0 0 23 28 69 0 0 10 0 51 0 0 0 0 0 0 9 0 1 29 0 52 2 10 11 0 15 19 0 1 41 54 0 80 
0 0 1 1 8 0 32 0 0 1 32 0 0 2 0 1 0 0 0 1 0 0 10 1 0 0 0 1 0 1 0 48 1 1 1 0 3 6 1 1 0 1 1 1 7 0 0 0 0 0 29 0 1 1 1 40 0 0 27 2 0 3 0 0 0 0 0 0 1 1 107 0 0 77 0 1 0 0 0 0 0 0 46 0 6 1 0 12 69 0 58 0 78 0 0 4 83 23 0 68 
0 0 0 0 0 1 0 0 0 77 0 0 1 0 4 2 0 0 1 17 11 0 0 0 0 1 0 0 0 1 0 0 122 0 0 18 1 31 0 0 26 0 0 2 0 0 1 3 1 0 0 0 5 0 0 0 1 0 26 0 0 1 9 0 1 0 42 0 0 1 0 1 0 0 0 0 0 0 2 5 0 0 0 53 54 98 0 0 0 113 120 0 0 1 0 87 94 0 0 37 
0 0 0 1 0 9 54 1 5 0 27 0 7 0 26 1 0 0 1 3 88 0 0 1 0 7 123 0 0 13 0 0 1 8 0 4 13 121 87 23 1 0 68 1 1 0 71 57 37 0 0 0 1 0 50 0 34 0 1 0 0 67 94 0 7 0 73 0 15 3 36 27 0 1 0 0 0 0 0 1 0 0 0 1 86 102 0 0 0 66 73 0 0 69 0 1 1 37 0 70 
0 0 1 28 5 0 54 1 0 1 0 0 1 28 0 25 0 0 0 40 17 0 11 71 0 0 0 1 0 1 16 4 49 29 2 0 7 20 10 10 2 52 27 1 36 0 0 61 0 0 121 0 30 1 2 122 44 0 1 53 0 105 0 0 0 0 0 0 1 60 2 0 9 1 0 1 0 0 0 0 0 0 1 0 1 5 0 22 39 64 1 0 1 1 0 61 2 1 0 1 
9 1 61 21 0 0 0 0 0 0 0 0 0 23 0 0 29 126 1 0 1 3 30 0 1 0 106 0 1 0 6 0 0 0 0 0 0 0 0 0 0 36 0 0 86 1 0 96 0 15 0 56 0 2 0 40 32 1 68 1 7 0 0 35 3 27 0 25 4 0 0 0 53 0 82 0 1 14 18 1 1 22 0 0 0 0 1 0 43 1 0 1 13 11 11 0 0 30 116 12 
0 0 0 18 0 81 47 0 1 8 60 0 0 0 9 30 0 0 4 30 1 0 0 0 0 28 72 0 0 1 0 0 100 42 0 126 1 82 115 0 1 0 1 3 1 0 1 95 10 0 0 0 90 0 0 0 1 0 1 0 0 122 4 1 106 0 1 0 9 1 1 25 0 0 80 0 0 0 1 4 39 36 0 17 1 16 0 0 0 54 53 0 0 18 0 1 59 0 0 94 
114 5 10 1 95 0 2 15 0 0 9 35 0 0 0 61 0 108 0 1 0 1 11 112 0 0 1 83 97 1 7 2 0 8 93 0 0 0 4 1 0 6 34 67 1 0 0 0 0 1 1 24 1 1 3 102 0 0 1 30 0 0 0 0 0 0 0 102 12 0 1 0 21 16 0 44 19 36 0 0 2 44 127 0 1 74 6 56 1 26 0 68 18 51 127 0 0 116 0 101 
0 0 0 1 0 6 0 0 35 51 0 0 122 0 0 1 14 0 65 21 3 16 1 0 92 1 21 0 0 0 1 0 40 0 0 107 0 71 0 0 1 0 0 0 1 1 12 1 33 1 0 0 0 0 0 0 1 2 1 0 69 10 1 12 112 1 16 0 101 13 0 2 57 0 77 0 1 0 1 76 53 4 0 38 0 1 0 0 0 20 0 0 0 1 1 0 0 0 30 90 
1 0 9 3 14 65 34 6 6 1 44 0 5 32 93 0 0 39 1 5 8 87 1 15 0 0 94 39 31 1 4 1 2 5 5 114 1 47 1 1 17 92 7 32 6 0 83 1 125 0 60 0 1 3 112 85 6 0 1 13 0 1 55 23 104 0 0 0 26 1 30 1 3 13 50 40 81 120 0 72 1 9 3 0 117 1 9 1 1 2 97 0 27 113 107 1 1 126 0 1 
2 1 95 1 0 1 0 0 0 0 0 69 0 0 9 0 0 36 1 0 3 25 13 0 111 19 22 0 13 0 36 0 0 0 0 1 0 0 0 0 0 102 0 0 1 106 10 13 4 18 0 1 0 0 0 0 1 1 33 1 1 1 0 39 1 1 0 1 4 0 0 0 1 0 29 0 1 0 36 30 17 72 0 9 0 0 10 0 5 1 0 10 126 4 90 0 0 121 23 16 
103 1 101 23 21 0 0 0 0 0 0 52 0 60 0 1 14 0 0 0 0 1 88 24 0 0 25 18 97 0 87 1 0 38 52 0 0 0 0 57 0 35 1 0 4 1 0 0 0 2 68 1 0 10 10 1 0 0 4 8 12 0 0 0 0 0 0 97 28 0 1 0 88 96 0 8 94 1 0 0 36 111 96 0 127 0 11 5 4 0 0 14 86 2 1 0 0 25 0 9 
0 0 0 20 0 2 0 0 1 1 0 2 116 0 1 123 10 0 0 72 117 30 36 0 9 1 44 0 0 0 30 0 0 0 0 1 0 1 0 0 1 104 0 0 4 45 53 16 21 56 0 0 0 0 0 0 2 36 1 0 10 17 6 50 36 109 2 0 1 19 0 8 3 0 76 0 6 0 94 13 10 21 0 56 0 103 0 0 0 89 0 1 0 1 108 0 0 1 4 1 
0 0 5 2 1 95 1 1 5 115 52 0 12 1 20 1 0 0 1 0 100 3 118 38 0 110 1 1 0 1 92 0 77 43 1 25 16 38 50 6 1 32 18 89 1 0 1 4 3 0 50 0 3 1 1 1 1 0 21 1 0 1 47 14 26 0 101 0 45 97 48 40 23 2 3 1 9 0 59 1 79 86 3 26 15 19 0 3 56 1 50 0 1 18 1 1 1 94 0 48 
1 0 0 25 0 1 0 0 72 3 66 72 7 0 9 6 19 0 1 21 0 37 27 0 3 65 7 0 0 1 47 0 17 8 0 1 42 1 1 28 3 1 42 0 2 5 22 1 1 17 0 0 7 0 108 0 64 38 24 6 1 1 1 10 1 1 91 0 8 106 1 1 10 101 78 0 2 0 2 17 2 12 24 1 79 70 0 0 2 62 1 1 48 88 1 0 0 96 53 57 
95 3 3 1 0 1 0 0 0 0 0 1 0 108 122 100 30 1 1 10 4 0 1 0 63 74 72 0 1 0 73 0 0 0 0 67 0 0 0 0 0 1 0 0 1 7 56 20 3 119 0 14 0 2 0 47 61 21 1 1 1 1 0 1 101 103 0 47 1 0 0 0 25 0 80 0 3 29 13 1 9 17 0 21 0 83 4 0 16 1 0 1 120 38 1 0 0 1 12 3 
1 10 12 1 27 60 15 58 0 0 62 114 0 1 20 1 65 53 46 23 66 10 0 76 2 30 2 58 23 1 4 11 0 58 7 23 0 68 51 22 0 61 1 0 1 23 26 51 4 50 40 8 89 37 3 73 11 109 1 11 4 88 0 1 1 4 0 1 3 1 1 0 1 12 1 1 1 26 2 20 83 66 7 1 96 4 54 69 2 3 1 1 12 11 70 0 0 1 10 8 
1 0 117 1 51 0 1 1 0 68 1 0 0 55 0 115 0 6 0 33 0 0 12 0 0 0 0 73 13 1 0 19 1 18 32 0 30 124 73 75 0 1 76 1 7 0 0 0 0 0 1 0 3 10 61 14 0 0 56 2 0 1 0 0 0 0 0 0 2 1 14 0 24 3 0 1 0 1 0 0 0 0 36 0 1 2 89 1 6 0 74 0 75 0 0 59 1 1 0 8 
7 1 0 1 0 32 0 0 0 0 0 12 0 0 28 0 20 0 80 0 1 4 1 0 0 1 30 0 0 0 21 0 0 0 0 79 0 0 0 0 0 1 0 0 1 54 83 52 1 123 0 4 0 0 0 0 1 115 3 49 25 0 0 1 1 25 0 89 16 0 0 0 1 0 3 0 1 0 49 38 36 47 0 6 0 0 55 0 28 24 0 121 0 1 1 0 0 0 1 11 
0 0 0 1 0 44 0 0 10 1 0 0 1 0 5 0 58 0 27 1 1 44 25 0 72 0 2 0 0 0 9 0 0 0 0 71 0 1 0 0 1 0 0 0 10 32 28 1 51 116 0 0 0 0 0 0 1 1 127 0 1 20 126 4 35 48 1 0 101 10 0 30 16 0 57 0 89 0 1 43 66 37 0 1 0 1 0 0 0 61 0 0 0 1 36 0 0 0 9 1 
1 13 6 31 21 33 0 0 0 1 0 8 1 1 116 1 1 1 14 56 2 19 25 0 20 1 0 70 18 6 110 0 0 20 0 1 0 15 0 23 1 8 1 0 74 5 1 45 30 9 0 1 0 79 1 15 127 5 5 1 12 93 25 1 14 2 1 8 89 59 82 0 1 15 39 0 121 33 80 8 7 22 43 1 1 10 5 63 1 58 0 116 6 8 1 0 0 15 5 38 
23 1 58 32 57 0 28 23 0 0 3 0 0 49 0 33 0 18 0 1 0 0 107 104 0 0 81 0 92 1 21 1 0 1 1 0 0 43 53 64 0 71 48 120 1 0 0 6 0 0 8 1 50 10 1 93 1 0 10 16 0 1 0 0 0 0 0 36 13 0 18 0 72 1 0 50 0 18 0 0 1 1 78 0 45 1 61 8 95 1 1 0 4 2 1 6 1 79 0 28 
83 102 1 6 8 0 0 0 0 0 0 110 0 9 0 1 1 32 0 0 0 106 5 1 0 0 102 3 0 0 23 13 0 8 2 0 0 0 0 8 0 112 48 0 12 1 0 0 0 5 46 53 0 13 25 2 0 3 10 38 1 0 0 76 0 0 0 14 1 0 15 0 1 113 86 1 10 19 0 0 1 40 1 0 1 0 2 1 87 0 0 1 1 81 17 0 0 2 0 3 
99 0 2 100 3 66 2 4 1 16 31 0 123 66 0 3 0 0 0 1 15 0 3 1 0 0 20 90 0 0 5 1 43 18 107 0 1 122 20 1 16 7 119 33 8 0 3 1 5 0 8 0 1 1 81 36 68 0 1 16 0 86 8 0 60 0 0 0 32 1 70 0 4 1 0 76 0 0 0 0 0 88 1 0 1 5 0 15 6 21 2 0 114 5 0 24 12 14 0 2 
1 106 1 7 83 55 0 0 0 0 8 25 0 1 1 1 105 10 28 90 1 1 1 0 28 1 23 1 18 1 0 17 0 1 6 32 0 69 13 41 0 1 6 0 111 31 55 1 19 1 18 6 0 1 52 72 1 6 73 105 7 5 0 3 56 1 0 1 85 1 4 0 31 32 1 1 1 6 53 1 107 4 34 6 56 2 1 84 75 83 0 17 7 1 13 0 0 80 1 9 
1 22 83 2 1 0 10 69 0 0 38 0 0 49 0 39 0 1 0 0 0 0 39 2 0 0 0 10 1 117 62 0 0 2 113 0 0 0 1 4 0 39 28 9 80 0 0 0 0 0 1 24 20 80 22 15 0 0 77 5 0 0 0 0 0 0 0 66 84 0 54 0 5 1 0 84 0 1 0 0 0 0 35 0 111 0 10 4 56 0 0 0 1 0 0 0 0 9 0 0 
0 0 0 70 0 1 123 115 13 1 7 0 2 0 1 9 0 0 0 1 1 0 0 1 0 0 0 0 0 29 0 0 0 1 0 1 23 3 2 1 1 0 32 4 42 0 31 1 106 0 0 0 49 0 63 0 14 0 3 0 0 1 59 0 1 0 59 0 36 1 1 40 0 1 0 65 0 0 0 101 0 0 80 0 3 5 0 0 0 1 3 0 0 12 0 1 1 111 0 1 
1 4 33 78 4 2 61 17 0 2 1 0 4 13 0 1 0 1 0 1 3 0 1 76 0 0 21 3 22 1 111 90 79 0 24 0 1 124 17 1 0 105 107 1 2 0 1 8 124 0 9 1 1 28 52 12 116 0 4 2 0 1 0 7 1 0 0 8 66 75 1 0 62 1 1 1 0 85 0 0 1 15 9 0 1 2 20 82 42 50 56 0 1 6 107 19 13 46 0 5 
8 0 4 1 1 0 1 1 0 0 70 0 0 5 0 17 0 12 0 1 0 0 1 93 0 0 0 111 1 1 1 39 0 1 0 0 3 1 4 75 0 11 33 1 1 0 0 0 0 0 16 0 6 86 10 48 0 0 5 21 0 0 0 0 0 0 0 0 2 0 1 0 15 9 0 2 0 121 0 0 0 0 1 0 1 102 126 13 22 0 62 0 95 0 0 21 34 125 0 0 
0 0 0 33 0 96 0 0 1 19 0 0 11 0 1 26 27 0 37 4 1 112 3 0 12 54 74 0 0 0 22 0 19 0 0 0 0 1 0 0 113 0 0 0 74 36 12 17 3 58 0 0 0 0 0 0 6 2 70 0 1 5 7 1 76 1 1 0 42 1 0 76 9 0 6 0 25 0 1 4 74 16 0 108 0 1 0 0 0 103 0 0 0 13 24 0 0 0 1 7 
0 0 0 0 0 1 1 70 16 103 75 0 28 0 0 1 0 0 0 47 93 0 0 1 0 0 0 0 0 1 0 0 1 3 20 0 0 11 3 1 28 0 1 4 0 0 41 2 50 0 0 0 1 0 8 0 8 0 3 0 0 7 78 0 0 0 0 0 25 75 36 1 0 1 0 82 0 0 0 0 0 0 39 0 95 10 0 0 0 1 1 0 0 7 0 23 2 1 0 74 
0 0 0 4 44 7 41 7 17 23 83 0 15 0 1 3 0 0 2 1 91 0 1 1 0 9 4 25 0 20 1 0 1 69 20 1 4 0 107 1 108 1 42 1 49 0 64 1 2 0 0 0 28 0 47 0 1 0 13 0 0 66 24 28 1 0 8 0 65 3 2 8 2 12 52 1 0 0 0 119 31 8 2 1 57 1 0 95 0 1 2 0 0 1 0 122 63 83 0 1 
0 0 42 80 1 0 1 2 0 1 6 0 1 36 0 33 0 0 0 29 8 0 1 67 0 0 0 29 0 1 25 33 1 73 61 0 114 7 0 53 0 34 1 1 1 0 0 1 0 0 53 0 1 18 5 57 1 0 7 17 0 91 0 0 0 0 0 0 105 43 30 0 34 7 0 113 0 0 0 0 0 0 1 0 1 2 0 22 1 6 30 0 1 1 0 47 1 89 0 77 
13 22 1 1 1 0 1 17 0 88 1 0 0 30 0 8 0 1 0 1 53 0 40 7 0 0 36 6 88 8 61 1 1 1 74 0 33 43 85 0 0 1 67 1 1 0 0 1 0 0 99 1 4 5 106 36 96 0 21 93 0 1 0 0 0 0 0 3 1 67 4 0 1 6 0 9 0 3 0 0 0 1 100 0 66 109 1 5 1 40 11 0 5 2 33 4 17 69 0 1 
0 0 0 0 0 23 0 0 22 27 71 0 44 0 35 27 0 0 31 1 23 0 0 0 0 11 110 0 0 1 0 0 21 0 0 10 112 111 0 0 0 0 0 1 86 0 1 1 25 0 0 0 78 0 0 0 1 0 59 0 0 84 5 0 4 0 70 0 1 1 1 1 0 0 0 0 0 0 3 49 0 0 0 1 2 14 0 0 0 5 36 0 0 1 0 12 112 0 0 1 
3 28 87 57 1 71 1 4 0 0 1 1 0 14 0 17 1 1 1 26 6 1 1 29 34 0 1 4 126 1 17 1 0 36 19 0 0 10 1 18 0 0 114 21 108 5 83 13 4 15 1 3 1 12 2 6 19 35 60 60 71 1 0 1 23 0 0 25 16 3 2 0 1 1 59 23 2 80 0 14 40 8 57 0 1 1 42 1 1 7 48 45 15 1 9 0 0 114 1 2 
32 63 24 32 1 0 1 2 0 12 5 0 1 13 0 1 0 90 0 11 10 0 5 6 0 0 23 8 3 12 4 11 22 1 23 0 18 57 85 1 0 1 0 55 7 0 28 1 0 0 3 0 108 60 3 1 30 0 56 1 0 77 0 0 0 0 0 0 44 49 1 0 37 13 0 115 0 31 0 0 0 1 1 0 8 41 26 1 91 1 96 0 13 39 37 62 1 95 0 1 
0 0 70 0 111 0 48 4 88 10 4 0 1 6 0 13 0 0 0 99 0 0 0 3 0 0 0 16 0 40 0 1 9 2 1 0 15 12 10 1 1 2 7 0 4 0 0 45 0 0 37 0 1 68 1 1 14 0 4 0 0 1 0 0 0 0 0 0 5 28 127 0 0 6 0 2 0 0 0 0 0 0 3 0 95 6 0 9 0 66 72 0 0 19 0 19 1 16 0 8 
1 9 1 3 1 1 114 2 0 1 71 1 47 24 2 101 7 52 1 42 2 29 64 108 92 1 1 107 1 8 107 94 1 77 1 1 0 8 106 1 5 83 3 6 0 1 1 81 1 39 103 1 30 22 1 91 27 8 4 13 106 3 1 9 16 32 0 5 7 49 54 0 125 113 1 1 101 46 30 118 1 32 1 1 120 56 13 17 3 50 86 1 7 81 30 0 0 8 1 1 
1 16 0 6 0 1 0 0 0 0 0 75 0 0 65 0 3 1 1 0 34 1 86 0 1 56 1 0 4 0 2 0 0 0 0 1 0 0 0 0 0 12 0 0 17 0 1 1 44 36 0 1 0 0 0 0 94 1 1 50 1 0 0 1 1 6 0 88 27 0 0 0 10 0 102 0 1 0 19 6 117 86 0 39 0 0 7 0 12 11 0 125 42 1 9 0 0 0 32 1 
0 0 0 25 0 1 0 0 101 66 0 0 21 0 14 1 1 0 8 52 1 8 4 0 28 1 8 0 0 12 3 0 22 15 0 65 1 88 0 0 1 9 46 0 119 3 0 119 51 22 0 0 1 0 0 0 3 0 1 0 5 43 87 3 88 12 45 0 1 118 35 1 58 0 93 0 23 0 8 9 4 1 0 4 1 1 0 0 0 1 5 0 0 63 10 1 90 87 23 86 
30 0 34 1 53 44 33 0 1 108 10 115 55 0 23 9 1 0 4 21 69 2 18 0 11 8 31 94 0 12 47 0 3 1 0 25 1 7 56 93 14 112 1 1 1 11 5 0 111 1 0 0 119 0 109 0 1 1 1 1 22 49 54 4 84 24 21 0 1 109 1 116 22 1 12 0 48 0 42 1 23 7 1 127 22 122 0 1 1 41 63 74 1 2 47 64 2 4 29 34 
0 0 0 1 0 67 0 0 11 8 0 0 1 0 1 7 19 0 54 7 2 19 7 0 18 70 1 0 0 122 1 0 1 115 0 9 1 11 0 0 127 65 0 0 78 53 1 1 0 1 0 0 0 0 0 0 11 6 5 0 3 1 72 71 1 110 29 0 2 1 0 2 1 0 48 0 5 0 1 106 104 1 0 1 47 7 0 0 0 1 1 0 0 1 1 0 0 1 68 18 
1 3 16 108 0 1 0 0 0 0 0 2 0 1 46 0 88 1 1 0 1 67 1 0 1 2 1 0 1 0 2 0 0 0 0 62 0 0 0 0 0 13 0 0 9 1 6 80 75 0 0 13 0 87 0 8 6 16 37 1 1 0 0 67 53 7 0 13 12 0 0 0 24 0 10 0 1 1 1 1 1 1 0 1 0 0 2 0 93 1 0 15 54 1 50 0 0 1 74 1 
78 1 1 27 1 0 24 120 0 0 1 0 0 3 0 25 0 96 0 38 0 0 1 18 0 0 0 1 33 2 6 11 0 7 116 0 0 0 1 1 0 51 1 1 2 0 0 0 0 0 0 4 96 1 1 91 0 0 1 1 0 0 0 0 0 0 0 7 3 0 8 0 100 1 0 4 0 37 0 0 0 0 1 0 10 1 91 26 1 0 69 0 1 0 0 6 2 31 0 0 
6 42 32 72 124 0 0 0 0 0 0 14 0 9 0 0 67 1 0 0 0 1 1 0 1 0 10 50 42 0 3 116 0 31 0 0 0 0 0 2 0 70 0 0 5 65 0 0 0 15 49 0 0 8 26 22 21 90 60 1 90 0 0 13 11 3 0 25 3 0 0 0 1 1 11 0 6 1 0 0 67 1 1 0 0 0 92 18 105 1 0 80 1 11 52 0 0 110 1 1 
0 0 4 56 1 7 23 11 14 9 18 0 76 22 0 59 0 0 0 1 1 0 17 2 0 0 0 43 0 35 0 8 1 103 16 0 2 1 1 6 92 37 91 74 1 0 14 1 0 0 19 0 0 14 1 117 3 0 51 14 0 14 0 0 0 0 0 0 26 1 8 0 0 1 0 46 0 0 0 0 0 0 75 0 15 49 0 27 1 102 1 0 0 4 0 113 2 1 0 11 
3 1 34 12 11 0 4 15 0 0 3 88 0 1 0 1 0 93 0 1 0 70 36 11 0 0 11 74 1 2 1 1 0 1 6 0 0 0 1 4 0 4 4 34 5 0 0 0 0 1 42 11 10 0 72 83 0 0 1 1 0 0 0 0 0 0 0 20 121 0 1 0 1 25 0 1 0 1 0 0 1 1 1 0 1 14 94 54 1 28 0 111 108 20 36 0 0 76 0 2 
11 14 1 12 16 0 30 6 0 76 1 0 0 37 0 53 0 8 0 16 44 0 10 1 0 0 113 1 54 22 115 49 12 36 3 0 96 2 28 3 0 1 17 83 39 0 0 56 0 0 124 3 5 85 0 29 109 0 71 71 0 61 0 0 0 0 0 1 1 21 10 0 1 1 0 5 0 54 0 0 4 11 119 0 1 1 1 1 91 109 23 0 25 2 1 68 5 4 0 29 
63 109 75 17 3 0 126 30 0 0 1 1 0 1 0 63 0 4 0 1 0 1 1 12 0 0 38 1 10 118 9 9 0 4 1 0 0 0 1 1 0 4 1 37 78 0 0 0 0 52 4 1 94 24 91 0 0 0 2 46 0 0 0 0 0 0 0 1 6 0 16 0 1 1 0 3 0 53 0 0 60 50 1 0 4 90 1 67 124 0 0 13 86 9 1 0 0 1 0 114 
15 62 13 5 1 11 0 0 7 116 36 7 1 0 7 40 50 0 86 17 75 1 26 0 97 1 19 39 0 5 1 0 3 46 0 104 50 52 1 6 123 58 57 8 62 59 1 89 58 1 0 1 22 0 29 0 0 21 66 14 1 1 1 62 20 1 109 0 32 6 22 63 9 1 35 0 1 0 38 3 105 1 4 1 79 73 1 20 5 49 60 40 1 7 18 0 0 4 1 1 
112 20 0 27 0 0 0 0 0 0 0 1 0 0 49 0 97 0 1 0 1 57 1 0 49 36 1 0 1 0 1 0 0 0 0 35 0 0 0 0 0 108 0 0 17 58 0 2 3 20 0 97 0 0 0 0 87 0 73 0 20 0 0 56 43 51 0 2 115 0 0 0 14 0 1 0 91 0 1 1 1 2 0 14 0 0 1 0 8 13 0 24 0 1 2 0 0 0 1 36 
38 1 1 67 11 1 63 9 55 51 1 7 1 1 3 31 98 1 3 12 1 18 109 1 23 1 78 1 41 20 1 14 1 1 5 1 19 48 6 1 72 93 1 6 81 1 5 1 1 16 7 1 7 13 8 36 119 39 0 1 70 8 1 21 17 103 6 29 58 11 62 55 39 1 27 1 47 31 35 1 17 37 1 1 43 90 39 1 50 1 13 1 1 1 125 20 21 19 1 15 
3 81 26 39 25 0 1 7 0 0 20 2 0 1 0 41 1 1 0 1 5 9 1 80 7 0 8 7 15 19 1 1 0 1 46 0 0 0 119 1 0 83 38 0 1 21 0 1 0 93 34 7 6 1 24 19 1 0 1 0 67 82 0 82 99 0 0 1 49 0 76 0 88 81 56 2 97 41 0 0 107 2 81 0 25 24 32 1 3 32 0 42 27 1 93 0 0 28 0 18 
7 1 14 34 0 5 0 0 0 0 0 1 0 0 1 0 43 1 21 0 18 7 115 0 56 1 52 0 1 0 3 0 0 0 0 1 0 0 0 0 0 2 0 0 14 61 1 13 1 42 0 1 0 0 0 0 12 38 1 3 0 0 0 3 1 8 0 1 4 0 0 0 15 0 21 0 7 27 47 2 37 1 0 8 0 0 116 0 1 1 0 13 1 120 21 0 0 11 54 4 
0 0 0 2 1 58 13 29 1 7 82 0 1 0 1 75 33 0 1 14 1 38 3 103 0 40 36 92 0 4 35 0 2 22 0 46 105 1 25 5 10 13 115 8 38 0 75 1 119 0 0 0 1 0 8 0 10 0 1 1 0 0 77 1 1 64 1 0 1 1 71 5 1 37 34 30 1 0 6 48 1 45 4 1 5 10 0 16 2 2 56 0 0 63 11 5 34 1 20 90 
0 0 0 0 0 98 0 0 72 48 0 0 6 0 1 27 0 0 16 28 55 0 0 0 0 1 16 0 0 1 0 0 15 0 0 6 68 12 0 0 22 0 0 0 7 0 1 94 37 0 0 0 0 0 0 0 1 0 7 0 0 36 0 1 34 0 65 0 52 1 0 119 0 0 52 0 0 0 1 9 0 43 0 11 0 6 0 0 0 1 76 0 0 87 0 1 4 0 0 1 
6 1 0 31 0 1 0 0 0 0 0 1 60 0 3 1 1 0 42 10 127 5 1 0 8 23 1 0 1 0 84 0 0 1 0 5 0 1 0 0 0 4 0 0 42 1 4 79 7 21 0 53 0 0 0 0 1 117 6 74 109 1 118 0 3 112 24 0 15 1 0 7 56 0 8 0 22 0 1 1 94 29 0 7 0 24 19 0 72 6 0 1 1 127 58 0 0 24 4 1 
1 42 0 86 0 2 0 0 1 4 0 72 1 0 1 12 24 0 14 1 2 28 8 0 15 1 8 0 0 32 2 0 29 102 0 90 0 34 0 0 98 1 0 0 2 54 1 3 1 11 0 19 0 0 0 0 35 3 1 30 34 18 81 8 0 49 15 0 49 12 0 73 62 0 21 0 1 0 43 2 1 1 0 97 3 122 0 0 1 62 0 93 0 106 119 0 0 3 1 1 
0 13 0 1 0 19 0 0 0 0 0 1 0 0 1 0 88 0 1 0 84 25 90 0 1 25 1 0 0 0 15 0 0 0 0 2 0 0 0 0 0 0 0 0 20 114 19 12 16 1 0 1 0 0 0 0 6 1 55 0 7 18 0 1 1 0 0 0 1 0 0 0 74 0 1 0 80 0 2 23 95 1 0 2 0 0 0 0 0 1 0 3 0 10 1 0 0 0 22 23 
0 0 0 0 0 59 0 0 6 4 0 0 118 0 1 0 0 0 127 6 1 0 0 0 0 1 83 0 0 0 0 0 1 0 0 82 0 12 0 0 34 0 0 0 0 0 24 1 3 0 0 0 0 0 0 0 19 0 113 0 0 1 1 1 32 0 0 0 0 69 0 64 0 0 0 0 0 0 1 124 0 0 0 46 0 80 0 0 0 1 0 0 0 19 0 0 0 0 0 1 
49 1 24 1 64 0 0 0 0 0 0 35 0 2 0 0 66 11 0 0 0 37 16 0 30 0 3 63 41 0 29 2 0 1 0 0 0 0 0 120 0 9 0 0 59 1 0 0 0 1 33 1 0 1 79 1 0 5 57 37 1 0 0 0 0 0 0 0 52 0 0 0 78 1 2 0 72 1 0 0 51 20 1 0 0 0 1 1 1 0 0 1 1 4 28 0 0 16 0 1 
1 1 67 55 1 38 13 30 0 1 8 5 1 9 86 5 14 3 30 4 1 6 1 63 33 1 8 72 66 1 1 1 1 96 62 8 4 91 8 1 28 5 26 23 127 26 38 37 7 1 1 4 26 8 45 75 6 1 89 32 10 1 3 1 9 1 0 12 0 43 126 0 1 1 5 1 2 1 52 48 105 7 1 30 93 80 1 21 1 35 1 71 109 1 3 14 76 4 10 21 
0 0 0 9 0 29 1 29 2 28 70 0 77 0 1 20 0 0 1 1 55 0 67 13 0 6 31 0 0 4 12 0 1 1 0 41 9 77 3 71 1 1 41 1 117 0 1 1 8 0 0 0 7 0 34 0 1 0 2 0 0 8 49 79 1 0 1 0 127 0 18 1 24 9 82 0 0 0 7 81 12 6 3 71 1 73 0 0 0 110 10 0 0 20 0 106 20 127 0 100 
4 0 79 33 1 0 6 58 0 9 50 0 1 1 0 1 0 54 0 1 123 0 3 45 0 0 124 4 121 8 70 88 20 1 5 0 7 1 6 87 10 1 20 4 1 0 42 1 0 0 109 0 24 5 1 113 60 0 9 1 0 5 0 0 0 0 0 0 1 108 0 0 41 1 0 20 0 5 0 0 0 0 20 0 35 13 36 118 30 17 68 0 3 57 0 17 1 102 0 41 
0 0 0 0 0 41 0 0 1 2 0 0 1 0 85 56 0 0 7 1 118 0 0 0 0 17 0 0 0 0 0 0 100 0 0 89 50 99 0 0 109 0 0 0 0 0 120 73 103 0 0 0 0 0 0 0 73 0 38 0 0 95 110 1 97 0 104 0 0 1 0 0 0 0 0 0 0 0 2 122 0 0 0 6 0 3 0 0 0 31 22 0 0 1 0 0 1 0 0 1 
110 9 42 12 91 1 0 0 0 0 1 1 0 1 86 3 1 4 10 1 11 10 2 6 4 7 1 27 8 1 1 7 0 1 1 75 0 1 1 1 0 126 46 0 1 53 114 5 1 109 1 6 0 3 1 1 1 34 1 1 123 19 0 59 1 5 0 104 1 1 2 0 0 46 23 120 42 1 2 58 6 1 6 3 10 1 1 3 99 3 0 87 68 126 32 0 0 46 1 27 
54 2 1 1 5 0 1 122 0 19 52 0 0 1 0 81 0 78 0 1 127 0 61 77 0 0 5 95 8 1 93 28 1 1 12 0 11 19 101 22 0 59 23 1 32 0 0 73 0 0 24 21 2 21 1 30 1 0 1 2 0 3 0 0 0 0 0 1 21 13 8 0 126 0 0 1 0 10 0 0 113 3 62 0 1 1 2 6 54 110 4 0 13 1 41 8 1 124 0 16 
1 1 19 4 0 25 0 0 0 0 0 7 1 0 8 9 53 0 27 30 2 1 75 0 1 36 6 0 5 0 4 0 0 84 0 3 0 1 0 0 0 27 0 0 3 10 26 90 9 1 0 4 0 0 0 0 1 103 1 66 31 4 47 1 61 13 0 19 4 2 0 0 37 0 0 0 37 0 79 1 107 14 0 1 0 122 2 0 57 112 0 1 2 4 1 0 0 38 6 65 
79 0 54 110 1 0 35 1 0 0 40 0 0 6 0 1 0 43 0 71 0 0 1 40 0 0 0 2 98 6 8 89 1 75 124 0 99 13 120 1 0 25 116 1 87 0 0 0 0 0 61 0 1 43 77 30 0 0 127 1 0 1 0 0 0 0 0 0 1 0 1 0 1 1 0 0 0 1 0 0 0 0 67 0 36 1 1 1 13 0 82 0 91 0 0 1 2 88 0 81 
109 1 1 16 0 6 0 0 0 0 0 30 0 16 30 1 104 1 5 75 4 10 16 0 35 65 13 0 14 0 1 0 0 0 0 4 0 0 0 0 0 1 0 0 1 40 65 82 1 1 0 1 0 0 0 0 8 1 9 20 35 41 0 113 1 42 0 25 4 0 0 0 65 0 2 0 0 50 5 1 61 44 0 60 0 36 1 0 1 1 0 1 1 1 91 0 0 19 74 16 
7 1 107 116 2 0 0 0 0 0 0 1 0 55 0 1 0 21 0 0 0 42 9 1 0 0 1 1 1 0 57 1 0 48 1 0 0 0 0 5 0 70 95 0 1 0 0 0 0 1 1 7 0 119 112 2 0 0 1 1 1 0 0 0 0 0 0 35 55 0 2 0 64 1 0 1 1 0 0 0 1 1 2 0 1 0 36 21 1 0 0 1 4 1 3 0 0 23 0 10 
0 0 0 107 0 101 0 0 1 0 0 3 94 0 1 0 3 0 63 105 83 1 1 0 1 112 1 0 0 0 20 0 0 0 0 79 0 0 0 0 31 0 0 0 84 9 47 15 15 1 0 0 0 0 0 0 82 36 1 0 48 1 1 36 2 60 62 0 65 39 0 42 14 0 1 0 2 0 0 86 45 6 0 1 0 6 0 0 0 1 0 1 0 2 1 0 0 0 109 20 
0 0 0 18 0 1 0 0 1 8 0 1 19 0 59 21 1 0 125 33 26 1 103 0 1 1 105 0 0 0 101 0 7 0 0 3 0 86 0 0 7 1 0 0 1 113 7 4 60 1 0 0 0 0 0 0 1 108 82 0 69 6 31 1 15 1 92 0 1 1 0 1 43 0 1 0 119 0 5 0 1 1 0 1 0 19 0 0 0 95 0 1 0 29 76 0 0 0 66 1 
1 53 10 57 1 1 0 0 0 0 0 2 24 9 1 67 118 12 1 1 2 1 1 0 76 9 48 59 1 0 1 0 0 78 0 1 0 1 0 0 0 1 0 0 1 1 1 10 51 68 0 1 0 96 1 6 15 6 64 76 7 25 0 4 1 18 0 1 51 1 0 0 38 1 63 0 1 1 1 124 0 6 4 1 1 43 19 19 1 8 0 1 5 4 1 0 0 1 89 1 
1 1 1 2 36 1 0 0 0 0 0 27 2 9 1 6 1 9 1 114 1 34 25 0 12 59 1 95 1 26 2 0 0 1 0 42 0 1 0 1 0 103 17 0 3 1 1 15 1 10 0 27 0 4 35 25 1 8 44 94 10 1 120 1 55 1 0 18 4 1 0 0 68 119 5 0 9 1 57 14 9 0 1 120 22 1 3 1 34 1 0 2 1 123 1 0 0 29 1 22 
119 7 4 66 1 0 21 1 0 0 8 0 0 53 0 1 0 1 0 1 26 0 10 1 0 0 9 1 79 106 1 1 84 1 1 0 15 22 25 1 0 1 29 30 10 0 0 83 0 0 2 107 1 79 42 94 112 0 1 89 0 1 0 0 0 0 0 12 26 23 1 0 72 31 0 1 0 1 0 0 36 50 0 0 21 1 66 1 18 65 29 0 26 107 7 1 1 1 0 35 
0 0 0 85 0 1 0 0 105 1 0 0 74 0 16 0 1 0 2 95 8 3 13 0 1 1 1 0 0 0 99 0 0 0 0 22 0 77 0 0 29 0 0 0 83 5 107 100 10 53 0 0 0 0 0 0 11 22 57 0 20 118 8 1 1 3 121 0 67 30 0 84 63 0 1 0 3 0 1 20 1 1 0 0 0 1 0 0 0 127 0 0 0 1 1 0 0 0 14 2 
92 0 74 1 5 121 1 47 1 1 3 0 15 3 0 3 0 1 0 1 1 0 84 1 0 0 1 122 1 22 1 1 1 1 11 0 1 1 1 23 1 1 1 1 15 0 4 16 1 0 82 0 72 2 45 125 1 0 36 4 0 9 0 0 1 0 0 0 1 1 1 0 43 13 0 52 0 1 0 0 1 1 1 0 0 56 5 23 62 4 1 0 60 10 1 15 1 23 0 59 
0 0 16 7 100 31 1 24 1 39 5 0 1 1 14 7 0 0 14 12 1 117 15 4 0 26 54 76 0 13 5 0 66 15 1 2 27 1 1 81 4 2 7 23 2 0 38 7 49 0 1 0 2 45 34 13 1 0 98 1 0 1 1 25 21 0 1 0 15 1 44 1 1 2 2 29 10 0 1 9 6 71 1 2 38 0 0 28 1 29 1 0 1 87 1 6 1 30 0 1 
85 27 3 102 100 0 0 0 0 0 0 1 0 84 0 2 29 1 0 0 0 6 11 2 58 0 93 2 1 0 32 94 0 51 33 0 0 0 0 1 0 3 1 0 50 9 0 0 0 67 94 1 0 56 1 30 16 2 1 43 51 0 0 45 0 0 0 1 2 0 1 0 2 13 28 75 1 7 0 0 1 1 22 0 4 0 0 2 39 74 0 1 1 68 57 0 0 1 0 1 
31 2 17 100 4 0 78 5 0 0 98 0 0 1 0 6 0 113 0 1 0 0 8 82 0 0 16 106 1 10 1 1 0 15 59 0 0 8 61 9 0 29 22 16 62 0 0 76 0 0 83 18 36 1 11 9 86 0 86 1 0 9 0 0 0 0 0 32 1 0 61 0 1 22 0 26 0 97 0 0 1 101 87 0 1 1 51 0 127 56 37 0 1 11 19 1 15 37 0 38 
2 51 1 116 1 0 1 2 0 0 1 13 0 1 0 57 113 1 0 12 17 1 69 64 13 0 58 81 1 1 57 16 0 63 1 0 0 0 49 13 0 1 82 0 101 39 0 54 0 1 5 1 118 37 2 1 8 39 9 91 122 1 0 1 4 0 0 45 1 0 3 0 1 68 95 26 1 24 0 0 7 120 12 0 1 1 1 4 0 1 0 71 110 1 1 0 0 1 0 1 
1 1 1 103 4 15 1 0 1 54 35 80 46 14 52 39 4 0 12 2 21 1 17 0 12 48 1 125 0 1 3 0 3 114 0 106 1 1 2 1 9 18 1 22 1 39 1 102 34 39 0 47 112 76 21 0 1 87 56 1 1 5 1 6 111 21 9 0 1 18 1 20 79 1 83 0 75 0 1 118 31 1 101 1 1 88 1 41 1 0 1 43 117 94 1 1 47 25 61 8 
0 0 0 1 1 1 69 2 6 15 81 0 1 0 0 71 0 0 0 12 2 0 23 1 0 0 0 84 0 31 0 0 2 1 76 0 59 1 33 17 25 1 2 1 4 0 1 1 1 0 18 0 1 0 1 0 45 0 1 0 0 2 46 0 0 0 0 0 124 1 59 1 0 1 0 42 0 0 0 0 0 0 1 0 1 1 0 71 0 20 0 0 0 13 0 1 52 47 0 1 
1 92 9 81 0 0 0 0 0 0 0 124 0 23 0 0 57 49 56 0 12 1 95 0 16 0 116 0 9 0 126 0 0 0 0 0 0 0 0 0 0 1 0 0 73 1 0 13 0 11 0 86 0 118 0 12 1 3 84 4 37 0 0 1 94 1 0 46 88 0 0 0 49 0 7 0 9 23 1 1 11 10 0 0 0 0 3 0 47 4 0 0 1 127 103 0 0 111 87 113 
1 71 1 27 2 0 16 10 0 0 14 1 0 10 0 1 1 26 0 8 6 126 7 87 0 0 1 1 72 15 4 41 0 1 1 0 0 0 1 2 0 4 21 0 93 1 0 1 0 50 70 116 0 7 72 104 18 0 10 112 15 0 0 41 0 0 0 1 44 0 3 0 4 11 1 9 1 1 0 0 29 50 30 0 29 1 1 2 32 1 0 1 0 7 1 0 0 1 0 2 
1 15 81 22 1 26 1 0 118 42 1 10 79 9 1 17 1 7 90 1 13 40 5 0 1 1 123 1 1 92 12 0 54 5 0 4 104 1 65 6 59 47 34 7 48 1 2 93 126 1 0 1 112 9 1 6 69 49 83 1 36 69 67 1 2 4 66 42 77 54 15 68 23 1 7 0 1 1 125 1 70 1 52 2 1 38 110 4 113 79 89 90 2 0 17 0 0 28 4 45 
91 40 1 51 18 47 0 0 0 0 0 13 0 1 101 79 1 74 1 28 46 113 1 0 32 1 23 5 48 0 13 0 0 5 0 6 0 0 0 84 0 43 1 0 54 47 92 3 1 122 0 53 0 99 3 91 8 109 37 8 111 1 0 114 1 1 0 16 77 0 0 0 115 14 3 0 1 1 4 1 101 37 36 3 1 16 1 11 2 64 0 15 84 4 0 0 0 16 29 4 
0 0 0 0 31 0 2 26 1 82 12 0 2 0 0 88 0 0 0 1 0 0 0 69 0 0 0 73 0 45 0 0 26 2 8 0 19 3 1 1 1 0 83 1 0 0 5 119 0 0 24 0 1 0 1 0 0 0 1 0 0 1 47 0 0 0 0 0 76 101 16 0 0 108 0 1 0 0 0 0 0 0 28 0 2 111 0 7 0 4 2 0 0 0 0 0 70 2 0 1 
0 0 0 0 68 0 14 4 18 20 25 0 1 0 0 1 0 0 0 9 0 0 0 1 0 0 0 1 0 1 0 0 19 39 86 0 1 89 3 37 6 0 51 56 0 0 4 1 0 0 11 0 18 0 16 0 0 0 2 0 0 3 3 0 0 0 0 0 2 32 1 121 0 20 0 1 0 0 0 0 0 0 30 0 1 1 0 16 0 3 1 0 0 0 0 7 0 1 0 1 
103 125 1 1 28 11 1 1 0 1 1 6 0 46 0 1 3 1 77 42 1 10 24 67 0 0 46 1 39 1 1 1 30 1 1 0 84 6 52 8 0 18 1 1 3 0 118 35 96 1 1 7 1 1 1 36 118 0 2 1 1 1 0 98 119 0 0 2 51 72 39 0 1 6 125 27 110 48 0 0 119 75 10 0 81 78 61 12 6 1 16 24 18 35 2 3 123 0 0 37 
1 43 0 114 0 1 0 0 0 0 0 1 0 0 1 0 8 0 3 0 1 2 4 0 28 17 94 0 0 0 19 0 0 0 0 16 0 0 0 0 0 108 0 0 1 19 69 1 40 1 0 3 0 0 0 0 10 26 1 0 11 7 0 1 1 1 0 0 1 0 0 0 104 0 11 0 1 0 8 1 1 19 0 4 0 0 0 0 0 106 0 3 0 37 1 0 0 0 0 32 
46 60 103 53 6 1 26 3 101 54 1 3 88 34 10 39 3 17 2 43 1 4 4 58 67 1 1 4 9 78 8 0 38 4 0 6 20 110 114 1 1 1 96 18 14 4 1 1 15 114 0 7 1 2 1 29 1 92 1 1 21 51 33 1 35 1 37 93 54 1 10 1 1 2 83 1 112 59 1 1 22 63 125 1 52 1 15 1 87 1 9 21 97 1 1 95 23 1 1 0 
