100 1000
0 2 5 7 5 2 240 243 247 242 242 236 239 244 241 240 243 243 243 242 241 183 175 179 181 182 180 183 177 180 177 176 74 71 70 68 67 71 72 72 71 75 227 227 227 222 220 219 205 202 201 210 202 207 202 204 204 210 204 207 211 206 211 206 204 211 61 53 52 52 53 51 58 57 58 53 57 57 54 138 140 131 138 225 219 228 227 227 225 224 228 225 225 224 220 228 227 248 252 251 
2 0 4 4 4 2 238 242 246 239 239 234 237 242 239 238 241 241 241 240 239 181 173 176 179 180 178 180 175 178 175 174 73 70 69 67 66 70 71 71 69 74 225 225 226 220 218 217 205 202 201 210 201 207 201 204 203 210 203 207 210 206 211 205 204 210 59 50 50 50 51 49 56 55 56 51 55 55 52 136 139 130 136 224 218 227 226 225 223 223 226 224 224 223 219 226 226 246 250 249 
5 4 0 4 6 4 238 242 246 238 238 232 235 241 237 237 239 239 240 239 238 179 171 174 177 178 176 178 172 175 173 171 74 71 70 68 68 72 73 72 71 75 225 225 225 220 218 217 207 204 203 212 204 209 204 206 205 212 206 209 212 208 213 208 206 213 57 49 49 48 49 47 54 54 55 50 53 53 50 136 139 129 136 225 219 228 227 226 224 224 227 225 225 224 220 227 226 245 249 248 
7 4 4 0 3 6 234 238 242 235 235 229 232 238 234 234 236 236 237 236 235 176 169 172 175 176 174 176 170 173 170 169 70 67 66 64 63 67 68 68 66 71 221 221 222 216 214 213 203 200 199 208 199 205 199 201 201 208 201 205 208 204 209 203 202 208 54 46 46 46 46 44 52 51 52 47 51 50 47 132 135 126 132 221 214 224 223 222 220 220 223 220 221 220 215 223 222 242 246 245 
5 4 6 3 0 6 234 238 242 237 237 231 234 240 236 235 238 238 239 237 237 179 171 174 177 178 176 178 172 175 172 171 69 66 65 63 62 66 67 67 66 70 221 221 222 217 215 214 201 198 197 206 198 203 198 200 200 206 200 203 206 202 207 202 200 207 56 48 48 47 49 46 54 53 53 49 53 52 49 132 135 126 133 220 214 223 222 222 219 219 222 220 220 219 215 222 222 243 247 246 
2 2 4 6 6 0 240 243 248 241 241 235 238 244 240 240 242 242 243 242 241 182 174 178 180 181 179 182 176 179 176 175 75 72 71 69 68 72 73 73 71 76 227 227 227 222 220 219 207 204 203 211 203 209 203 205 205 212 205 209 212 207 213 207 206 212 60 52 51 51 52 50 57 57 57 53 56 56 53 138 141 131 138 226 220 229 228 227 225 225 228 226 226 225 220 228 227 248 251 251 
240 238 238 234 234 240 0 4 8 104 112 104 113 106 113 106 109 103 108 108 111 146 148 147 144 148 151 147 148 153 147 150 170 170 172 175 175 173 172 172 172 166 19 19 21 21 25 25 133 133 132 133 133 130 133 128 133 136 129 130 132 136 130 137 133 134 192 196 196 197 199 199 194 191 190 197 196 191 194 103 101 111 105 48 50 52 45 47 50 50 47 50 50 48 52 49 44 86 83 83 
243 242 242 238 238 243 4 0 4 106 114 106 115 108 115 108 111 105 110 110 113 149 151 151 147 151 154 151 152 156 150 154 173 173 175 178 178 176 175 175 175 170 23 22 24 25 29 28 134 134 133 133 133 131 134 129 134 136 130 130 133 136 131 138 134 135 196 200 199 201 203 202 198 194 194 200 200 195 198 107 104 115 108 49 51 52 46 47 51 50 47 51 50 48 53 49 44 88 84 84 
247 246 246 242 242 248 8 4 0 108 116 108 117 110 117 110 113 106 112 112 115 152 155 154 150 155 158 154 155 159 154 157 177 177 179 182 182 180 179 179 179 174 26 26 27 29 33 32 135 135 134 135 135 132 135 131 135 138 132 132 134 138 132 139 136 136 200 204 204 205 207 207 202 198 198 205 204 199 202 111 109 119 112 50 53 53 47 48 52 51 48 52 51 50 55 50 45 89 86 86 
242 239 238 235 237 241 104 106 108 0 8 6 10 3 9 3 5 2 4 4 8 74 81 78 74 76 80 76 80 81 79 82 192 188 190 194 194 194 193 193 191 186 89 89 86 91 87 90 221 220 218 222 219 219 220 216 220 225 217 218 222 224 220 225 221 224 182 189 189 190 190 191 184 184 183 189 186 185 188 122 119 122 117 147 146 151 144 146 148 147 146 148 148 146 148 148 143 21 27 26 
242 239 238 235 237 241 112 114 116 8 0 9 3 7 1 5 3 10 5 4 0 70 77 74 70 72 76 71 76 77 75 78 194 189 192 196 196 196 195 195 192 188 96 96 94 98 94 97 227 226 225 228 226 225 226 223 227 231 223 225 228 230 227 231 227 230 181 189 189 190 189 191 184 184 183 188 185 185 188 125 122 124 120 154 153 158 152 153 155 154 153 155 155 153 155 155 150 29 34 34 
236 234 232 229 231 235 104 106 108 6 9 0 9 9 9 5 8 8 8 7 8 69 75 73 69 71 74 70 75 76 74 77 186 182 185 189 189 189 188 188 185 180 88 88 86 90 86 88 218 218 216 220 217 216 217 214 218 223 215 216 219 221 218 222 219 221 176 184 184 184 184 185 179 179 178 183 180 179 182 117 114 117 113 145 144 150 143 145 147 146 145 147 147 144 147 147 142 24 30 30 
239 237 235 232 234 238 113 115 117 10 3 9 0 10 2 7 6 12 8 6 3 67 74 71 67 69 72 68 73 74 72 75 191 187 190 194 193 194 193 193 190 185 97 97 95 99 94 97 227 226 224 228 225 225 226 222 226 231 223 225 228 230 226 231 227 230 179 186 187 187 187 188 181 181 181 186 182 182 185 124 120 122 119 154 153 159 152 153 156 155 154 156 156 153 155 156 150 31 37 36 
244 242 241 238 240 244 106 108 110 3 7 9 10 0 9 4 4 3 3 4 7 76 83 80 76 78 82 77 82 83 81 84 195 191 193 197 197 197 196 196 194 189 91 91 88 93 89 92 224 223 221 225 222 221 223 219 223 228 220 221 224 226 223 227 224 226 185 192 192 193 193 194 187 187 186 192 189 188 191 125 122 125 121 149 148 153 147 148 150 150 148 150 150 148 150 150 145 22 27 27 
241 239 237 234 236 240 113 115 117 9 1 9 2 9 0 6 5 11 6 5 1 69 76 73 69 71 74 70 75 76 74 77 193 189 191 195 195 195 195 195 192 187 97 97 95 99 95 97 227 227 225 229 226 226 226 223 227 232 224 225 229 230 227 231 228 230 181 188 189 189 189 190 183 183 183 188 184 184 187 125 122 124 120 154 153 159 152 154 156 155 154 156 156 153 156 156 151 30 36 35 
240 238 237 234 235 240 106 108 110 3 5 5 7 4 6 0 3 5 3 3 5 72 79 76 72 74 77 73 78 79 77 80 191 187 189 193 193 193 193 192 190 185 91 91 88 93 89 91 222 221 220 223 221 220 221 218 222 226 218 220 223 225 222 226 222 225 180 188 188 189 188 190 183 183 182 187 184 184 187 122 119 121 117 148 147 153 146 148 150 149 148 150 150 147 150 150 145 24 30 29 
243 241 239 236 238 242 109 111 113 5 3 8 6 4 5 3 0 7 2 1 3 73 80 77 73 75 78 74 79 80 78 81 194 190 192 196 196 196 196 195 193 188 94 94 91 96 92 95 225 225 223 227 224 223 225 221 225 230 222 223 226 228 225 229 226 228 183 190 191 191 191 192 185 185 185 190 187 186 189 125 122 125 120 152 151 156 149 151 153 152 151 153 153 151 153 153 148 26 31 31 
243 241 239 236 238 242 103 105 106 2 10 8 12 3 11 5 7 0 5 6 10 76 83 80 76 79 82 78 82 83 81 84 192 189 191 195 195 195 194 194 192 187 87 88 85 90 86 89 220 220 218 222 219 218 219 216 220 225 217 218 221 223 220 224 221 223 183 191 191 191 191 193 186 186 185 190 187 186 189 123 119 123 118 145 145 150 143 145 147 146 145 147 147 145 147 147 142 19 25 24 
243 241 240 237 239 243 108 110 112 4 5 8 8 3 6 3 2 5 0 1 5 74 81 78 74 76 79 75 80 81 79 82 194 190 193 197 197 197 196 196 193 188 93 93 90 95 91 94 225 224 222 226 223 223 224 220 224 229 221 222 226 228 224 229 225 228 183 191 191 192 192 193 186 186 185 190 187 187 190 125 122 125 121 151 150 155 148 150 152 151 150 152 152 150 152 152 147 24 30 29 
242 240 239 236 237 242 108 110 112 4 4 7 6 4 5 3 1 6 1 0 4 73 80 77 73 75 78 74 79 80 78 81 193 189 192 196 196 196 195 195 192 187 93 93 91 95 91 94 225 224 222 226 223 223 224 220 224 229 221 222 226 227 224 229 225 228 182 190 190 191 190 192 185 185 184 189 186 186 189 125 121 124 120 151 150 155 149 150 152 151 150 152 152 150 152 152 147 25 31 30 
241 239 238 235 237 241 111 113 115 8 0 8 3 7 1 5 3 10 5 4 0 70 77 74 70 72 76 71 76 77 75 78 193 189 192 196 195 196 195 195 192 187 96 96 94 98 94 96 227 226 224 228 225 225 226 222 226 231 223 225 228 230 226 231 227 230 181 189 189 190 189 191 184 184 183 188 185 185 188 125 122 124 120 153 152 158 151 153 155 154 153 155 155 152 155 155 150 29 34 34 
183 181 179 176 179 182 146 149 152 74 70 69 67 76 69 72 73 76 74 73 70 0 8 5 3 3 6 2 7 8 6 8 151 145 147 151 151 152 152 152 148 144 127 127 125 126 121 123 226 224 223 229 224 225 224 222 225 231 223 225 229 229 228 230 226 230 122 131 131 131 130 132 125 127 126 130 126 127 130 100 98 94 94 173 169 178 172 173 174 173 173 174 174 172 172 175 171 91 97 96 
175 173 171 169 171 174 148 151 155 81 77 75 74 83 76 79 80 83 81 80 77 8 0 4 7 7 6 8 2 7 2 3 144 138 140 144 144 145 145 145 141 137 129 129 127 128 123 124 224 222 220 226 221 223 222 219 223 229 220 222 226 226 225 227 223 228 114 123 124 123 122 124 117 119 118 122 118 120 122 96 94 89 90 173 169 178 172 173 174 173 174 174 174 172 172 175 171 97 103 102 
179 176 174 172 174 178 147 151 154 78 74 73 71 80 73 76 77 80 78 77 74 5 4 0 4 4 4 4 2 6 2 4 147 141 143 148 147 149 148 148 144 141 128 128 127 127 123 124 225 223 222 228 223 224 223 221 224 230 222 224 228 228 227 229 225 230 118 127 127 127 126 128 120 123 122 126 121 123 126 98 96 92 92 174 170 178 173 174 174 174 174 175 175 172 172 176 171 95 100 100 
181 179 177 175 177 180 144 147 150 74 70 69 67 76 69 72 73 76 74 73 70 3 7 4 0 5 7 4 6 9 5 8 148 142 144 149 148 149 149 149 145 141 125 125 123 124 119 121 223 222 220 226 221 222 221 219 222 229 220 222 226 226 225 227 223 228 120 129 129 129 128 130 123 125 124 128 124 125 128 97 95 91 91 171 167 175 170 170 171 171 171 172 172 169 169 173 168 91 96 95 
182 180 178 176 178 181 148 151 155 76 72 71 69 78 71 74 75 79 76 75 72 3 7 4 5 0 3 1 5 5 6 7 151 145 147 151 151 152 152 152 148 144 129 129 128 128 124 125 228 226 225 231 226 227 226 224 227 233 224 227 231 230 230 231 228 232 122 130 131 131 129 131 124 126 125 129 125 127 130 101 99 95 95 175 172 180 174 175 176 175 176 176 177 174 174 178 173 94 99 98 
180 178 176 174 176 179 151 154 158 80 76 74 72 82 74 77 78 82 79 78 76 6 6 4 7 3 0 4 4 2 5 4 150 144 146 150 150 152 151 151 147 143 132 132 130 131 126 128 229 227 226 232 227 228 227 225 228 234 226 228 232 232 231 232 229 233 120 129 129 129 127 130 122 125 124 127 123 125 128 102 100 95 95 177 174 182 177 177 178 178 178 179 179 176 176 180 175 97 102 102 
183 180 178 176 178 182 147 151 154 76 71 70 68 77 70 73 74 78 75 74 71 2 8 4 4 1 4 0 6 6 6 7 151 145 147 151 151 152 152 152 148 144 128 128 127 127 123 124 227 226 224 230 225 226 225 223 227 233 224 226 230 230 229 231 227 232 122 131 131 131 130 132 124 127 126 130 126 127 130 101 99 95 94 175 171 179 174 174 175 175 175 176 176 173 173 177 172 93 98 97 
177 175 172 170 172 176 148 152 155 80 76 75 73 82 75 78 79 82 80 79 76 7 2 2 6 5 4 6 0 5 2 2 146 140 142 146 146 147 147 147 143 139 129 129 128 128 124 125 225 223 222 228 223 224 223 221 224 230 221 224 228 228 227 228 225 229 116 125 125 125 124 126 119 121 120 124 120 121 124 98 96 91 91 174 170 179 173 174 175 174 175 175 175 173 173 176 172 97 102 101 
180 178 175 173 175 179 153 156 159 81 77 76 74 83 76 79 80 83 81 80 77 8 7 6 9 5 2 6 5 0 7 5 150 144 146 151 150 152 152 151 148 144 134 134 132 133 128 130 230 229 227 233 228 229 228 226 230 236 227 229 233 233 232 234 230 235 119 128 129 128 127 129 122 124 123 127 123 125 127 103 101 96 97 179 175 184 178 179 180 179 180 180 180 178 178 181 177 99 104 103 
177 175 173 170 172 176 147 150 154 79 75 74 72 81 74 77 78 81 79 78 75 6 2 2 5 6 5 6 2 7 0 4 145 139 142 146 145 147 146 146 143 139 128 128 126 127 122 124 224 222 220 227 221 223 222 220 223 229 220 223 226 226 226 227 224 228 116 125 125 125 124 126 119 121 120 124 120 121 124 97 95 90 90 173 169 177 172 173 173 173 173 174 174 171 171 175 170 95 101 100 
176 174 171 169 171 175 150 154 157 82 78 77 75 84 77 80 81 84 82 81 78 8 3 4 8 7 4 7 2 5 4 0 146 140 142 146 145 147 147 147 143 139 131 131 130 130 126 127 226 224 223 229 224 225 224 222 225 231 223 225 229 229 228 229 226 231 115 124 125 124 123 125 118 120 119 123 119 121 123 99 97 92 92 176 172 181 175 176 177 176 176 177 177 175 174 178 174 99 104 103 
74 73 74 70 69 75 170 173 177 192 194 186 191 195 193 191 194 192 194 193 193 151 144 147 148 151 150 151 146 150 145 146 0 7 6 6 7 3 2 2 5 7 159 159 160 154 153 151 137 134 133 142 134 138 134 135 136 142 135 139 142 138 143 138 136 143 58 53 52 54 58 55 58 50 51 55 59 50 52 73 76 70 76 152 145 155 154 153 151 151 154 151 152 151 146 154 154 193 196 195 
71 70 71 67 66 72 170 173 177 188 189 182 187 191 189 187 190 189 190 189 189 145 138 141 142 145 144 145 140 144 139 140 7 0 2 7 6 8 8 7 3 4 158 158 159 153 152 150 143 140 139 147 139 144 140 141 141 148 141 144 148 144 148 144 142 148 51 46 45 48 51 49 51 43 44 48 52 43 45 71 74 68 73 154 148 157 156 155 153 153 156 154 154 153 149 156 156 190 193 192 
70 69 70 66 65 71 172 175 179 190 192 185 190 193 191 189 192 191 193 192 192 147 140 143 144 147 146 147 142 146 142 142 6 2 0 4 4 6 6 6 2 5 160 160 161 155 154 152 143 140 139 147 139 144 140 141 141 148 141 144 148 144 148 144 142 148 52 47 46 48 52 49 51 44 45 49 52 44 45 73 76 70 75 155 149 158 157 157 155 154 158 155 155 154 150 158 157 192 195 194 
68 67 68 64 63 69 175 178 182 194 196 189 194 197 195 193 196 195 197 196 196 151 144 148 149 151 150 151 146 151 146 146 6 7 4 0 1 3 4 4 3 9 163 163 164 158 157 155 142 139 138 147 139 144 139 140 141 148 140 144 147 143 148 143 142 148 54 48 48 50 54 51 54 46 47 51 55 46 47 77 80 74 79 157 151 160 159 159 156 156 159 157 157 156 152 159 159 196 199 198 
67 66 68 63 62 68 175 178 182 194 196 189 193 197 195 193 196 195 197 196 195 151 144 147 148 151 150 151 146 150 145 145 7 6 4 1 0 5 6 5 4 9 164 163 164 159 157 156 143 141 139 148 140 145 140 142 142 149 142 145 149 145 149 145 143 149 53 47 46 49 53 49 52 45 46 50 53 45 46 77 80 74 79 158 152 161 160 159 157 157 160 158 158 157 152 160 160 196 199 198 
71 70 72 67 66 72 173 176 180 194 196 189 194 197 195 193 196 195 197 196 196 152 145 149 149 152 152 152 147 152 147 147 3 8 6 3 5 0 1 1 5 8 161 161 162 156 155 154 139 136 135 144 135 140 136 137 137 144 137 140 144 140 145 140 138 144 57 52 51 53 57 54 57 49 50 54 58 49 51 76 79 73 78 155 148 157 157 156 154 153 157 154 154 154 149 157 156 196 198 197 
72 71 73 68 67 73 172 175 179 193 195 188 193 196 195 193 196 194 196 195 195 152 145 148 149 152 151 152 147 152 146 147 2 8 6 4 6 1 0 0 5 8 161 160 161 155 154 153 138 135 134 143 135 139 135 136 136 143 136 140 143 139 144 139 137 144 58 52 51 54 58 55 57 50 51 55 58 50 51 75 78 72 78 154 147 156 156 155 153 152 156 153 153 153 148 156 155 195 198 197 
72 71 72 68 67 73 172 175 179 193 195 188 193 196 195 192 195 194 196 195 195 152 145 148 149 152 151 152 147 151 146 147 2 7 6 4 5 1 0 0 4 8 160 160 161 155 154 153 138 135 134 143 135 140 135 136 137 144 136 140 143 140 144 139 138 144 57 52 51 53 57 54 57 50 50 54 58 49 51 75 78 72 77 154 147 156 156 155 153 153 156 153 154 153 148 156 155 195 197 197 
71 69 71 66 66 71 172 175 179 191 192 185 190 194 192 190 193 192 193 192 192 148 141 144 145 148 147 148 143 148 143 143 5 3 2 3 4 5 5 4 0 5 160 160 161 155 154 152 142 139 138 146 138 143 138 140 140 147 140 143 147 143 147 143 141 147 53 48 47 50 53 50 53 46 46 50 54 45 47 73 77 70 76 155 148 158 157 156 154 154 157 154 155 154 149 157 156 193 196 195 
75 74 75 71 70 76 166 170 174 186 188 180 185 189 187 185 188 187 188 187 187 144 137 141 141 144 143 144 139 144 139 139 7 4 5 9 9 8 8 8 5 0 155 155 156 150 149 147 139 136 135 144 136 140 136 137 138 145 137 141 144 140 145 141 139 145 54 49 48 51 55 52 54 46 47 51 55 46 48 68 71 65 70 150 144 153 152 151 149 149 152 150 150 149 145 152 152 188 190 190 
227 225 225 221 221 227 19 23 26 89 96 88 97 91 97 91 94 87 93 93 96 127 129 128 125 129 132 128 129 134 128 131 159 158 160 163 164 161 161 160 160 155 0 0 2 5 7 8 139 139 137 139 138 136 139 134 139 142 135 136 139 142 137 143 139 141 177 181 181 182 184 184 179 176 175 182 181 176 180 89 86 96 90 58 58 63 56 58 60 59 58 60 60 58 61 60 54 73 70 70 
227 225 225 221 221 227 19 22 26 89 96 88 97 91 97 91 94 88 93 93 96 127 129 128 125 129 132 128 129 134 128 131 159 158 160 163 163 161 160 160 160 155 0 0 3 5 7 8 139 138 137 139 138 136 138 134 138 142 135 136 138 141 137 143 139 140 177 181 181 182 184 184 179 176 175 182 181 176 180 89 86 96 90 58 58 62 56 57 60 59 57 60 60 57 61 60 54 73 70 70 
227 226 225 222 222 227 21 24 27 86 94 86 95 88 95 88 91 85 90 91 94 125 127 127 123 128 130 127 128 132 126 130 160 159 161 164 164 162 161 161 161 156 2 3 0 7 7 9 141 141 139 141 140 138 141 136 141 145 137 138 141 144 139 145 141 143 177 181 181 183 184 184 179 176 176 182 181 176 180 90 87 97 90 61 61 65 58 60 62 62 60 62 62 60 63 62 57 70 68 68 
222 220 220 216 217 222 21 25 29 91 98 90 99 93 99 93 96 90 95 95 98 126 128 127 124 128 131 127 128 133 127 130 154 153 155 158 159 156 155 155 155 150 5 5 7 0 5 3 134 134 133 135 134 132 134 130 134 138 131 132 135 137 133 139 135 137 173 177 177 178 180 180 175 171 171 177 177 172 175 84 82 92 85 56 55 60 53 55 57 56 55 57 57 55 57 57 52 76 74 73 
220 218 218 214 215 220 25 29 33 87 94 86 94 89 95 89 92 86 91 91 94 121 123 123 119 124 126 123 124 128 122 126 153 152 154 157 157 155 154 154 154 149 7 7 7 5 0 3 138 137 136 138 137 135 137 133 138 141 134 135 138 141 136 142 138 140 170 174 174 176 177 177 172 169 169 175 174 169 173 82 80 89 83 60 59 64 58 59 61 61 59 61 61 59 62 62 56 72 70 70 
219 217 217 213 214 219 25 28 32 90 97 88 97 92 97 91 95 89 94 94 96 123 124 124 121 125 128 124 125 130 124 127 151 150 152 155 156 154 153 153 152 147 8 8 9 3 3 0 135 134 133 135 134 132 134 130 135 138 131 132 135 138 133 139 135 137 170 174 173 175 177 176 172 168 168 174 173 169 172 81 79 89 82 57 56 61 55 56 59 58 56 59 59 56 59 59 53 75 73 73 
205 205 207 203 201 207 133 134 135 221 227 218 227 224 227 222 225 220 225 225 227 226 224 225 223 228 229 227 225 230 224 226 137 143 143 142 143 139 138 138 142 139 139 139 141 134 138 135 0 3 4 5 3 3 3 5 2 6 4 4 5 3 7 4 1 6 191 188 187 190 193 191 191 184 185 190 193 184 187 129 131 138 136 85 82 83 88 87 83 84 87 83 84 86 81 85 90 209 208 207 
202 202 204 200 198 204 133 134 135 220 226 218 226 223 227 221 225 220 224 224 226 224 222 223 222 226 227 226 223 229 222 224 134 140 140 139 141 136 135 135 139 136 139 138 141 134 137 134 3 0 2 8 1 6 0 5 1 8 4 6 8 4 10 5 2 9 188 185 184 187 190 188 189 181 182 187 190 181 184 127 129 136 134 86 83 84 89 87 84 84 88 84 84 86 81 86 90 208 207 207 
201 201 203 199 197 203 132 133 134 218 225 216 224 221 225 220 223 218 222 222 224 223 220 222 220 225 226 224 222 227 220 223 133 139 139 138 139 135 134 134 138 135 137 137 139 133 136 133 4 2 0 9 1 6 2 4 3 10 3 6 9 6 10 7 4 10 187 184 183 185 189 187 187 180 181 186 189 180 183 126 127 135 132 84 81 82 88 86 82 83 86 83 83 85 80 84 89 207 206 205 
210 210 212 208 206 211 133 133 135 222 228 220 228 225 229 223 227 222 226 226 228 229 226 228 226 231 232 230 228 233 227 229 142 147 147 147 148 144 143 143 146 144 139 139 141 135 138 135 5 8 9 0 8 4 8 7 6 3 7 4 1 5 3 6 6 2 195 193 192 194 198 195 196 189 189 195 197 189 191 133 134 142 139 85 82 82 88 86 83 83 87 83 83 85 80 84 89 210 208 208 
202 201 204 199 198 203 133 133 135 219 226 217 225 222 226 221 224 219 223 223 225 224 221 223 221 226 227 225 223 228 221 224 134 139 139 139 140 135 135 135 138 136 138 138 140 134 137 134 3 1 1 8 0 6 0 5 2 9 4 6 9 5 10 6 3 9 187 185 184 186 190 187 188 181 181 187 189 181 183 127 128 136 133 85 82 83 89 87 83 84 87 83 84 86 80 85 90 208 207 206 
207 207 209 205 203 209 130 131 132 219 225 216 225 221 226 220 223 218 223 223 225 225 223 224 222 227 228 226 224 229 223 225 138 144 144 144 145 140 139 140 143 140 136 136 138 132 135 132 3 6 6 4 6 0 6 3 5 6 3 0 4 6 4 7 4 5 192 189 188 191 194 192 192 185 186 191 194 185 188 129 130 138 136 82 80 80 85 84 80 81 84 80 81 83 78 82 87 207 205 205 
202 201 204 199 198 203 133 134 135 220 226 217 226 223 226 221 225 219 224 224 226 224 222 223 221 226 227 225 223 228 222 224 134 140 140 139 140 136 135 135 138 136 139 138 141 134 137 134 3 0 2 8 0 6 0 5 2 9 4 7 9 5 10 5 3 9 188 185 184 186 190 188 188 181 182 187 190 181 183 127 129 136 134 86 83 84 89 87 84 84 88 84 84 86 81 86 90 208 207 207 
204 204 206 201 200 205 128 129 131 216 223 214 222 219 223 218 221 216 220 220 222 222 219 221 219 224 225 223 221 226 220 222 135 141 141 140 142 137 136 136 140 137 134 134 136 130 133 130 5 5 4 7 5 3 5 0 5 9 1 4 7 7 8 9 5 9 188 186 185 187 191 188 189 182 182 188 190 182 184 126 127 135 132 81 78 79 84 83 79 80 83 79 80 81 76 81 85 205 203 203 
204 203 205 201 200 205 133 134 135 220 227 218 226 223 227 222 225 220 224 224 226 225 223 224 222 227 228 227 224 230 223 225 136 141 141 141 142 137 136 137 140 138 139 138 141 134 138 135 2 1 3 6 2 5 2 5 0 7 4 5 7 3 8 4 1 7 189 187 186 188 192 189 190 183 183 189 191 183 185 128 130 137 135 86 83 83 89 87 84 84 88 84 84 86 81 85 90 209 207 207 
210 210 212 208 206 212 136 136 138 225 231 223 231 228 232 226 230 225 229 229 231 231 229 230 229 233 234 233 230 236 229 231 142 148 148 148 149 144 143 144 147 145 142 142 145 138 141 138 6 8 10 3 9 6 9 9 7 0 9 7 4 4 6 5 6 2 196 193 193 195 199 196 197 190 190 195 198 190 192 135 136 144 141 88 85 85 91 89 86 87 90 86 86 88 83 87 92 213 211 211 
204 203 206 201 200 205 129 130 132 217 223 215 223 220 224 218 222 217 221 221 223 223 220 222 220 224 226 224 221 227 220 223 135 141 141 140 142 137 136 136 140 137 135 135 137 131 134 131 4 4 3 7 4 3 4 1 4 9 0 4 7 7 8 8 4 8 188 186 185 187 191 188 189 182 182 188 190 182 184 126 127 135 133 82 79 80 85 83 80 81 84 80 80 82 77 82 86 205 204 203 
207 207 209 205 203 209 130 130 132 218 225 216 225 221 225 220 223 218 222 222 225 225 222 224 222 227 228 226 224 229 223 225 139 144 144 144 145 140 140 140 143 141 136 136 138 132 135 132 4 6 6 4 6 0 7 4 5 7 4 0 4 6 4 8 5 5 192 189 188 191 194 192 193 185 186 191 194 185 188 129 130 138 135 82 79 79 85 83 80 81 84 80 80 82 77 82 86 206 205 204 
211 210 212 208 206 212 132 133 134 222 228 219 228 224 229 223 226 221 226 226 228 229 226 228 226 231 232 230 228 233 226 229 142 148 148 147 149 144 143 143 147 144 139 138 141 135 138 135 5 8 9 1 9 4 9 7 7 4 7 4 0 6 2 7 6 2 196 193 192 194 198 196 196 189 190 195 198 189 192 133 134 142 139 84 82 81 87 86 82 83 86 82 83 84 80 84 88 210 208 208 
206 206 208 204 202 207 136 136 138 224 230 221 230 226 230 225 228 223 228 227 230 229 226 228 226 230 232 230 228 233 226 229 138 144 144 143 145 140 139 140 143 140 142 141 144 137 141 138 3 4 6 5 5 6 5 7 3 4 7 6 6 0 8 1 3 5 192 189 189 191 195 192 193 186 186 191 194 186 188 132 133 141 138 88 85 86 91 89 86 87 90 86 86 88 83 88 92 212 210 210 
211 211 213 209 207 213 130 131 132 220 227 218 226 223 227 222 225 220 224 224 226 228 225 227 225 230 231 229 227 232 226 228 143 148 148 148 149 145 144 144 147 145 137 137 139 133 136 133 7 10 10 3 10 4 10 8 8 6 8 4 2 8 0 9 8 4 196 193 192 195 198 196 196 189 190 195 198 189 192 132 133 141 139 82 80 79 85 84 80 81 84 80 81 82 78 82 87 208 206 206 
206 205 208 203 202 207 137 138 139 225 231 222 231 227 231 226 229 224 229 229 231 230 227 229 227 231 232 231 228 234 227 229 138 144 144 143 145 140 139 139 143 141 143 143 145 139 142 139 4 5 7 6 6 7 5 9 4 5 8 8 7 1 9 0 4 6 192 189 189 191 195 192 193 186 186 192 194 186 188 132 134 141 139 89 87 87 93 91 87 88 91 87 88 90 85 89 94 213 212 211 
204 204 206 202 200 206 133 134 136 221 227 219 227 224 228 222 226 221 225 225 227 226 223 225 223 228 229 227 225 230 224 226 136 142 142 142 143 138 137 138 141 139 139 139 141 135 138 135 1 2 4 6 3 4 3 5 1 6 4 5 6 3 8 4 0 6 190 187 187 189 193 190 191 184 184 189 192 184 186 129 131 138 136 86 83 84 89 87 84 85 88 84 84 86 81 86 90 209 208 208 
211 210 213 208 207 212 134 135 136 224 230 221 230 226 230 225 228 223 228 228 230 230 228 230 228 232 233 232 229 235 228 231 143 148 148 148 149 144 144 144 147 145 141 140 143 137 140 137 6 9 10 2 9 5 9 9 7 2 8 5 2 5 4 6 6 0 196 194 193 195 199 196 197 190 190 196 198 190 192 134 135 143 141 86 84 84 89 88 84 85 88 84 85 86 82 86 91 212 210 210 
61 59 57 54 56 60 192 196 200 182 181 176 179 185 181 180 183 183 183 182 181 122 114 118 120 122 120 122 116 119 116 115 58 51 52 54 53 57 58 57 53 54 177 177 177 173 170 170 191 188 187 195 187 192 188 188 189 196 188 192 196 192 196 192 190 196 0 9 10 9 8 10 2 8 7 8 4 8 9 90 92 81 88 188 182 191 189 189 188 187 190 188 188 187 183 190 188 190 194 193 
53 50 49 46 48 52 196 200 204 189 189 184 186 192 188 188 190 191 191 190 189 131 123 127 129 130 129 131 125 128 125 124 53 46 47 48 47 52 52 52 48 49 181 181 181 177 174 174 188 185 184 193 185 189 185 186 187 193 186 189 193 189 193 189 187 194 9 0 1 2 5 3 7 6 6 2 7 5 2 93 95 85 92 189 183 193 191 190 189 188 191 189 190 188 184 192 190 197 201 200 
52 50 49 46 48 51 196 199 204 189 189 184 187 192 189 188 191 191 191 190 189 131 124 127 129 131 129 131 125 129 125 125 52 45 46 48 46 51 51 51 47 48 181 181 181 177 174 173 187 184 183 192 184 188 184 185 186 193 185 188 192 189 192 189 187 193 10 1 0 2 6 4 8 5 6 3 8 5 1 93 95 85 91 189 182 192 190 190 188 188 191 189 189 188 184 191 189 197 201 200 
52 50 48 46 47 51 197 201 205 190 190 184 187 193 189 189 191 191 192 191 190 131 123 127 129 131 129 131 125 128 125 124 54 48 48 50 49 53 54 53 50 51 182 182 183 178 176 175 190 187 185 194 186 191 186 187 188 195 187 191 194 191 195 191 189 195 9 2 2 0 4 1 7 7 7 2 6 6 3 94 97 86 93 191 184 194 192 192 190 190 193 191 191 190 186 193 191 198 201 200 
53 51 49 46 49 52 199 203 207 190 189 184 187 193 189 188 191 191 192 190 189 130 122 126 128 129 127 130 124 127 124 123 58 51 52 54 53 57 58 57 53 55 184 184 184 180 177 177 193 190 189 198 190 194 190 191 192 199 191 194 198 195 198 195 193 199 8 5 6 4 0 3 6 9 9 3 4 9 7 96 99 88 95 193 187 197 195 195 193 193 195 193 194 192 189 196 194 198 202 201 
51 49 47 44 46 50 199 202 207 191 191 185 188 194 190 190 192 193 193 192 191 132 124 128 130 131 130 132 126 129 126 125 55 49 49 51 49 54 55 54 50 52 184 184 184 180 177 176 191 188 187 195 187 192 188 188 189 196 188 192 196 192 196 192 190 196 10 3 4 1 3 0 8 8 9 2 7 8 5 96 98 88 94 192 186 196 194 193 192 191 194 192 192 191 187 194 193 199 203 202 
58 56 54 52 54 57 194 198 202 184 184 179 181 187 183 183 185 186 186 185 184 125 117 120 123 124 122 124 119 122 119 118 58 51 51 54 52 57 57 57 53 54 179 179 179 175 172 172 191 189 187 196 188 192 188 189 190 197 189 193 196 193 196 193 191 197 2 7 8 7 6 8 0 7 7 5 2 8 7 92 94 83 90 189 183 193 191 191 189 189 191 189 190 188 185 192 190 192 196 195 
57 55 54 51 53 57 191 194 198 184 184 179 181 187 183 183 185 186 186 185 184 127 119 123 125 126 125 127 121 124 121 120 50 43 44 46 45 49 50 50 46 46 176 176 176 171 169 168 184 181 180 189 181 185 181 182 183 190 182 185 189 186 189 186 184 190 8 6 5 7 9 8 7 0 1 6 8 1 4 87 90 80 86 184 178 188 186 185 184 183 186 184 184 183 179 186 185 191 195 194 
58 56 55 52 53 57 190 194 198 183 183 178 181 186 183 182 185 185 185 184 183 126 118 122 124 125 124 126 120 123 120 119 51 44 45 47 46 50 51 50 46 47 175 175 176 171 169 168 185 182 181 189 181 186 182 182 183 190 182 186 190 186 190 186 184 190 7 6 6 7 9 9 7 1 0 7 8 2 5 87 89 79 86 184 178 188 186 185 184 183 186 184 184 183 179 186 185 191 195 194 
53 51 50 47 49 53 197 200 205 189 188 183 186 192 188 187 190 190 190 189 188 130 122 126 128 129 127 130 124 127 124 123 55 48 49 51 50 54 55 54 50 51 182 182 182 177 175 174 190 187 186 195 187 191 187 188 189 195 188 191 195 191 195 192 189 196 8 2 3 2 3 2 5 6 7 0 5 6 3 94 96 86 92 191 184 194 192 192 190 190 192 190 191 189 186 193 191 196 200 199 
57 55 53 51 53 56 196 200 204 186 185 180 182 189 184 184 187 187 187 186 185 126 118 121 124 125 123 126 120 123 120 119 59 52 52 55 53 58 58 58 54 55 181 181 181 177 174 173 193 190 189 197 189 194 190 190 191 198 190 194 198 194 198 194 192 198 4 7 8 6 4 7 2 8 8 5 0 9 8 93 96 85 92 191 185 195 193 192 191 190 193 191 192 190 186 194 192 194 198 197 
57 55 53 50 52 56 191 195 199 185 185 179 182 188 184 184 186 186 187 186 185 127 120 123 125 127 125 127 121 125 121 121 50 43 44 46 45 49 50 49 45 46 176 176 176 172 169 169 184 181 180 189 181 185 181 182 183 190 182 185 189 186 189 186 184 190 8 5 5 6 9 8 8 1 2 6 9 0 4 88 90 80 87 184 178 188 186 185 184 184 186 184 185 183 179 187 185 192 196 195 
54 52 50 47 49 53 194 198 202 188 188 182 185 191 187 187 189 189 190 189 188 130 122 126 128 130 128 130 124 127 124 123 52 45 45 47 46 51 51 51 47 48 180 180 180 175 173 172 187 184 183 191 183 188 183 184 185 192 184 188 192 188 192 188 186 192 9 2 1 3 7 5 7 4 5 3 8 4 0 91 94 83 90 188 181 191 189 189 187 187 190 187 188 186 183 190 188 195 199 198 
138 136 136 132 132 138 103 107 111 122 125 117 124 125 125 122 125 123 125 125 125 100 96 98 97 101 102 101 98 103 97 99 73 71 73 77 77 76 75 75 73 68 89 89 90 84 82 81 129 127 126 133 127 129 127 126 128 135 126 129 133 132 132 132 129 134 90 93 93 94 96 96 92 87 87 94 93 88 91 0 3 10 7 101 95 105 102 101 101 100 102 101 101 99 97 103 101 121 124 123 
140 139 139 135 135 141 101 104 109 119 122 114 120 122 122 119 122 119 122 121 122 98 94 96 95 99 100 99 96 101 95 97 76 74 76 80 80 79 78 78 77 71 86 86 87 82 80 79 131 129 127 134 128 130 129 127 130 136 127 130 134 133 133 134 131 135 92 95 95 97 99 98 94 90 89 96 96 90 94 3 0 11 6 100 94 104 101 100 100 99 101 100 100 98 96 102 99 118 120 119 
131 130 129 126 126 131 111 115 119 122 124 117 122 125 124 121 125 123 125 124 124 94 89 92 91 95 95 95 91 96 90 92 70 68 70 74 74 73 72 72 70 65 96 96 97 92 89 89 138 136 135 142 136 138 136 135 137 144 135 138 142 141 141 141 138 143 81 85 85 86 88 88 83 80 79 86 85 80 83 10 11 0 7 111 105 115 111 111 111 110 112 111 111 109 107 113 110 123 125 125 
138 136 136 132 133 138 105 108 112 117 120 113 119 121 120 117 120 118 121 120 120 94 90 92 91 95 95 94 91 97 90 92 76 73 75 79 79 78 78 77 76 70 90 90 90 85 83 82 136 134 132 139 133 136 134 132 135 141 133 135 139 138 139 139 136 141 88 92 91 93 95 94 90 86 86 92 92 87 90 7 6 7 0 105 99 109 106 106 105 104 106 105 106 104 101 107 105 118 120 119 
225 224 225 221 220 226 48 49 50 147 154 145 154 149 154 148 152 145 151 151 153 173 173 174 171 175 177 175 174 179 173 176 152 154 155 157 158 155 154 154 155 150 58 58 61 56 60 57 85 86 84 85 85 82 86 81 86 88 82 82 84 88 82 89 86 86 188 189 189 191 193 192 189 184 184 191 191 184 188 101 100 111 105 0 6 5 3 2 2 1 3 2 2 1 6 2 4 131 129 128 
219 218 219 214 214 220 50 51 53 146 153 144 153 148 153 147 151 145 150 150 152 169 169 170 167 172 174 171 170 175 169 172 145 148 149 151 152 148 147 147 148 144 58 58 61 55 59 56 82 83 81 82 82 80 83 78 83 85 79 79 82 85 80 87 83 84 182 183 182 184 187 186 183 178 178 184 185 178 181 95 94 105 99 6 0 10 9 8 6 5 9 6 7 6 3 9 9 131 129 128 
228 227 228 224 223 229 52 52 53 151 158 150 159 153 159 153 156 150 155 155 158 178 178 178 175 180 182 179 179 184 177 181 155 157 158 160 161 157 156 156 158 153 63 62 65 60 64 61 83 84 82 82 83 80 84 79 83 85 80 79 81 86 79 87 84 84 191 193 192 194 197 196 193 188 188 194 195 188 191 105 104 115 109 5 10 0 7 5 4 5 5 4 4 6 8 3 8 135 133 132 
227 226 227 223 222 228 45 46 47 144 152 143 152 147 152 146 149 143 148 149 151 172 172 173 170 174 177 174 173 178 172 175 154 156 157 159 160 157 156 156 157 152 56 56 58 53 58 55 88 89 88 88 89 85 89 84 89 91 85 85 87 91 85 93 89 89 189 191 190 192 195 194 191 186 186 192 193 186 189 102 101 111 106 3 9 7 0 2 5 5 1 5 5 4 9 4 2 129 126 126 
227 225 226 222 222 227 47 47 48 146 153 145 153 148 154 148 151 145 150 150 153 173 173 174 170 175 177 174 174 179 173 176 153 155 157 159 159 156 155 155 156 151 58 57 60 55 59 56 87 87 86 86 87 84 87 83 87 89 83 83 86 89 84 91 87 88 189 190 190 192 195 193 191 185 185 192 192 185 189 101 100 111 106 2 8 5 2 0 4 3 1 3 3 2 8 3 3 130 128 127 
225 223 224 220 219 225 50 51 52 148 155 147 156 150 156 150 153 147 152 152 155 174 174 174 171 176 178 175 175 180 173 177 151 153 155 156 157 154 153 153 154 149 60 60 62 57 61 59 83 84 82 83 83 80 84 79 84 86 80 80 82 86 80 87 84 84 188 189 188 190 193 192 189 184 184 190 191 184 187 101 100 111 105 2 6 4 5 4 0 1 4 0 1 3 5 3 6 133 130 130 
224 223 224 220 219 225 50 50 51 147 154 146 155 150 155 149 152 146 151 151 154 173 173 174 171 175 178 175 174 179 173 176 151 153 154 156 157 153 152 153 154 149 59 59 62 56 61 58 84 84 83 83 84 81 84 80 84 87 81 81 83 87 81 88 85 85 187 188 188 190 193 191 189 183 183 190 190 184 187 100 99 110 104 1 5 5 5 3 1 0 4 1 1 2 5 3 6 132 129 129 
228 226 227 223 222 228 47 47 48 146 153 145 154 148 154 148 151 145 150 150 153 173 174 174 171 176 178 175 175 180 173 176 154 156 158 159 160 157 156 156 157 152 58 57 60 55 59 56 87 88 86 87 87 84 88 83 88 90 84 84 86 90 84 91 88 88 190 191 191 193 195 194 191 186 186 192 193 186 190 102 101 112 106 3 9 5 1 1 4 4 0 4 4 3 9 2 3 130 128 127 
225 224 225 220 220 226 50 51 52 148 155 147 156 150 156 150 153 147 152 152 155 174 174 175 172 176 179 176 175 180 174 177 151 154 155 157 158 154 153 153 154 150 60 60 62 57 61 59 83 84 83 83 83 80 84 79 84 86 80 80 82 86 80 87 84 84 188 189 189 191 193 192 189 184 184 190 191 184 187 101 100 111 105 2 6 4 5 3 0 1 4 0 1 3 5 3 6 133 130 130 
225 224 225 221 220 226 50 50 51 148 155 147 156 150 156 150 153 147 152 152 155 174 174 175 172 177 179 176 175 180 174 177 152 154 155 157 158 154 153 154 155 150 60 60 62 57 61 59 84 84 83 83 84 81 84 80 84 86 80 80 83 86 81 88 84 85 188 190 189 191 194 192 190 184 184 191 192 185 188 101 100 111 106 2 7 4 5 3 1 1 4 1 0 3 6 2 6 133 130 130 
224 223 224 220 219 225 48 48 50 146 153 144 153 148 153 147 151 145 150 150 152 172 172 172 169 174 176 173 173 178 171 175 151 153 154 156 157 154 153 153 154 149 58 57 60 55 59 56 86 86 85 85 86 83 86 81 86 88 82 82 84 88 82 90 86 86 187 188 188 190 192 191 188 183 183 189 190 183 186 99 98 109 104 1 6 6 4 2 3 2 3 3 3 0 6 4 4 130 128 127 
220 219 220 215 215 220 52 53 55 148 155 147 155 150 156 150 153 147 152 152 155 172 172 172 169 174 176 173 173 178 171 174 146 149 150 152 152 149 148 148 149 145 61 61 63 57 62 59 81 81 80 80 80 78 81 76 81 83 77 77 80 83 78 85 81 82 183 184 184 186 189 187 185 179 179 186 186 179 183 97 96 107 101 6 3 8 9 8 5 5 9 5 6 6 0 8 10 133 131 131 
228 226 227 223 222 228 49 49 50 148 155 147 156 150 156 150 153 147 152 152 155 175 175 176 173 178 180 177 176 181 175 178 154 156 158 159 160 157 156 156 157 152 60 60 62 57 62 59 85 86 84 84 85 82 86 81 85 87 82 82 84 88 82 89 86 86 190 192 191 193 196 194 192 186 186 193 194 187 190 103 102 113 107 2 9 3 4 3 3 3 2 3 2 4 8 0 5 133 130 130 
227 226 226 222 222 227 44 44 45 143 150 142 150 145 151 145 148 142 147 147 150 171 171 171 168 173 175 172 172 177 170 174 154 156 157 159 160 156 155 155 156 152 54 54 57 52 56 53 90 90 89 89 90 87 90 85 90 92 86 86 88 92 87 94 90 91 188 190 189 191 194 193 190 185 185 191 192 185 188 101 99 110 105 4 9 8 2 3 6 6 3 6 6 4 10 5 0 127 124 124 
248 246 245 242 243 248 86 88 89 21 29 24 31 22 30 24 26 19 24 25 29 91 97 95 91 94 97 93 97 99 95 99 193 190 192 196 196 196 195 195 193 188 73 73 70 76 72 75 209 208 207 210 208 207 208 205 209 213 205 206 210 212 208 213 209 212 190 197 197 198 198 199 192 191 191 196 194 192 195 121 118 123 118 131 131 135 129 130 133 132 130 133 133 130 133 133 127 0 6 5 
252 250 249 246 247 251 83 84 86 27 34 30 37 27 36 30 31 25 30 31 34 97 103 100 96 99 102 98 102 104 101 104 196 193 195 199 199 198 198 197 196 190 70 70 68 74 70 73 208 207 206 208 207 205 207 203 207 211 204 205 208 210 206 212 208 210 194 201 201 201 202 203 196 195 195 200 198 196 199 124 120 125 120 129 129 133 126 128 130 129 128 130 130 128 131 130 124 6 0 1 
251 249 248 245 246 251 83 84 86 26 34 30 36 27 35 29 31 24 29 30 34 96 102 100 95 98 102 97 101 103 100 103 195 192 194 198 198 197 197 197 195 190 70 70 68 73 70 73 207 207 205 208 206 205 207 203 207 211 203 204 208 210 206 211 208 210 193 200 200 200 201 202 195 194 194 199 197 195 198 123 119 125 119 128 128 132 126 127 130 129 127 130 130 127 131 130 124 5 1 0 
0 0 1 0 0 0 0 0 0 0 0 0 0 0 0 0 0 0 0 0 0 0 49 0 0 0 0 0 0 0 0 0 36 0 1 0 0 0 0 0 0 0 0 50 0 0 0 0 0 0 0 0 0 0 0 0 0 0 0 63 6 0 0 0 0 77 1 0 0 13 0 0 0 0 0 0 0 0 0 0 0 0 0 21 0 0 0 0 0 0 0 15 4 0 0 0 0 0 40 0 
0 0 0 0 26 0 0 0 0 0 0 0 0 0 0 0 0 0 55 0 0 0 0 0 0 0 34 44 0 0 0 0 0 0 0 0 0 0 0 0 32 0 0 0 0 0 0 0 0 0 0 0 0 0 0 62 0 0 0 0 0 0 0 0 0 0 0 50 0 0 0 0 0 0 0 0 0 0 0 0 0 47 0 0 0 82 0 0 21 0 0 0 0 0 0 0 0 0 0 0 
10 0 0 0 0 0 0 0 0 4 0 0 0 0 0 0 0 0 0 0 0 0 2 0 0 0 0 0 0 0 0 0 1 0 54 0 0 0 0 0 0 0 0 75 0 0 0 0 0 9 0 0 0 0 0 0 0 0 0 50 5 0 0 0 0 8 0 0 0 52 0 0 0 0 0 0 0 0 0 0 0 0 0 38 0 0 0 0 0 0 0 91 39 0 0 0 0 0 1 0 
0 0 0 0 0 0 0 0 0 0 0 66 0 0 0 0 0 0 0 0 0 0 0 0 0 0 0 0 0 0 0 0 0 0 0 0 29 0 0 53 0 0 0 0 0 0 14 88 3 0 23 0 0 8 0 0 0 0 0 0 0 0 0 0 1 0 0 0 0 0 0 0 0 0 9 32 0 0 0 6 0 0 0 0 0 0 0 0 0 0 0 0 0 0 0 0 0 0 0 0 
0 49 0 0 0 0 0 0 0 0 0 0 0 0 0 0 0 0 47 0 0 0 0 0 0 0 58 72 0 0 0 0 0 0 0 0 0 0 0 0 0 0 0 0 0 0 0 0 0 0 0 0 0 0 0 6 0 0 0 0 0 0 0 0 0 0 0 3 0 0 0 0 0 0 0 0 0 0 0 0 0 6 0 0 0 20 0 0 37 0 0 0 0 0 0 0 0 0 0 0 
0 0 0 0 0 0 0 0 0 0 0 0 0 68 96 0 0 91 0 0 0 0 0 0 0 0 0 0 0 0 0 0 0 0 0 92 0 0 0 0 0 0 0 0 0 0 0 0 0 0 0 0 0 0 0 0 0 0 0 0 0 0 0 0 0 0 0 0 0 0 0 0 0 0 0 0 0 0 0 0 0 0 0 0 0 0 0 7 0 0 0 0 0 0 0 0 0 0 0 0 
0 0 0 0 0 0 0 0 89 0 0 46 0 6 0 0 0 0 0 0 0 0 0 1 0 0 0 0 0 0 0 83 0 0 0 0 0 1 0 0 0 0 21 0 0 0 0 0 0 0 0 0 0 3 0 0 0 13 2 0 0 0 0 0 0 0 0 0 0 0 0 3 0 0 0 0 0 0 0 0 0 0 0 0 0 0 0 0 0 0 0 0 0 69 0 0 0 0 0 0 
0 0 0 0 0 0 0 0 0 0 89 0 0 0 0 0 0 0 0 1 0 0 0 0 0 0 0 0 0 0 0 0 0 0 0 0 1 0 0 0 0 0 0 0 0 0 67 1 1 0 0 0 0 0 0 0 0 0 0 0 0 0 0 0 11 0 0 0 0 0 0 0 0 24 0 0 89 0 0 0 0 0 0 0 1 0 0 0 0 0 34 0 0 0 0 0 0 0 0 0 
0 0 0 0 0 0 90 0 0 0 0 0 0 1 0 0 0 20 0 0 0 0 0 73 0 0 0 0 0 0 0 0 0 0 0 3 0 0 0 81 0 0 0 0 0 0 0 0 0 0 0 0 0 0 0 0 0 0 0 0 0 0 0 1 0 0 0 0 0 0 0 0 0 0 0 0 0 0 0 0 70 0 0 0 0 0 0 22 0 0 0 0 0 0 50 0 0 0 0 48 
0 0 43 0 0 0 0 0 0 0 0 0 0 0 0 0 0 0 0 0 0 0 0 0 0 0 2 75 0 0 0 0 0 0 4 0 0 0 0 0 0 0 0 0 0 0 0 0 0 7 0 0 0 0 0 40 0 0 0 76 0 0 0 0 0 0 0 0 0 0 0 0 0 0 0 0 0 0 0 0 0 0 0 0 0 9 0 0 1 0 0 0 0 0 0 20 0 0 0 0 
0 0 0 0 0 0 0 60 0 0 0 0 0 0 0 0 2 0 0 1 0 0 0 0 0 0 0 0 5 0 0 0 0 0 0 0 70 0 98 0 0 0 0 0 0 0 0 7 0 0 0 0 0 0 0 0 0 0 0 0 0 0 0 0 10 0 0 0 0 0 0 0 0 40 0 0 18 0 0 0 0 0 0 0 10 0 0 0 0 0 0 0 0 0 0 0 0 0 0 0 
0 0 0 45 0 0 9 0 0 0 0 0 0 0 0 0 0 0 0 0 0 0 0 83 0 0 0 0 0 0 0 0 0 0 0 0 0 0 0 0 0 0 0 0 0 0 0 0 96 0 25 0 19 16 0 0 20 0 0 0 0 0 0 0 0 0 0 0 0 0 0 1 0 0 1 0 0 0 4 0 0 0 0 0 0 0 0 0 0 0 0 0 0 12 0 0 0 0 0 0 
0 0 0 0 0 0 0 0 0 0 0 0 0 0 0 0 0 0 0 0 0 0 0 0 0 0 0 0 0 0 7 0 0 0 0 0 0 0 0 0 0 0 0 12 0 0 0 0 0 0 0 0 26 0 0 0 63 0 0 5 0 0 90 0 0 0 0 0 0 0 0 0 0 0 0 0 0 47 29 0 0 0 0 0 0 0 8 0 0 0 0 45 0 36 0 0 0 0 0 0 
0 0 0 0 0 5 12 0 32 0 0 0 0 0 2 0 0 18 0 0 0 0 0 5 0 0 0 0 0 0 0 18 0 0 0 1 0 26 0 0 0 0 89 0 0 0 0 0 0 0 0 0 0 0 0 0 0 0 0 0 0 0 0 0 0 0 0 0 0 0 0 0 0 0 0 0 0 0 0 0 0 0 0 0 0 0 0 33 0 0 0 0 0 0 0 0 39 0 0 0 
0 0 0 0 0 14 0 0 0 0 0 0 0 40 0 0 0 46 0 0 0 0 0 0 0 0 0 0 0 0 0 0 0 0 0 1 0 0 0 0 0 0 0 0 0 0 0 0 0 0 0 0 0 0 0 0 0 0 0 0 0 0 0 0 0 0 0 0 0 0 0 0 0 0 0 0 0 0 0 0 0 0 0 0 0 0 0 17 0 0 0 0 0 0 0 0 0 0 0 0 
0 0 0 0 0 0 0 0 0 0 0 0 0 0 0 0 0 0 0 0 0 0 0 0 0 0 0 0 0 0 0 4 0 7 0 0 0 35 0 0 0 0 0 0 0 0 0 0 0 0 0 0 0 0 40 0 0 7 0 0 0 0 0 0 0 0 0 0 0 0 0 0 0 0 0 0 0 0 0 0 0 0 0 0 0 0 0 0 0 16 0 0 0 0 0 0 17 0 0 0 
0 0 0 0 0 0 0 0 0 0 13 0 0 0 0 0 0 0 0 80 0 48 0 0 11 0 0 0 19 0 0 0 0 0 0 0 0 0 9 0 0 0 0 0 0 0 0 0 0 0 0 0 0 0 0 0 0 0 0 0 1 0 0 0 0 0 2 0 0 0 0 0 0 26 0 0 0 0 0 0 0 0 0 0 0 0 0 0 0 0 0 0 0 0 0 0 0 0 0 0 
0 0 0 0 0 1 0 0 62 0 0 0 0 1 67 0 0 0 0 0 0 0 0 8 0 0 0 0 0 0 0 0 0 0 0 37 0 0 0 72 0 0 0 0 0 0 0 0 0 0 0 0 0 0 0 0 0 0 0 0 0 0 0 75 0 0 0 0 0 0 0 0 0 0 0 0 0 0 0 0 20 0 0 0 0 0 0 12 0 0 0 0 0 0 72 0 0 0 0 93 
0 15 0 0 8 0 0 0 0 0 0 0 0 0 0 0 0 0 0 0 0 0 0 0 0 6 0 0 0 0 0 0 0 0 0 0 0 0 0 0 18 0 0 0 0 0 0 0 0 0 0 0 0 0 0 0 0 0 0 0 0 2 0 0 0 0 0 31 11 0 0 0 0 0 0 0 0 0 0 0 0 12 0 0 0 0 0 0 0 0 0 0 0 0 0 0 0 0 0 0 
0 0 0 0 0 0 0 42 0 0 21 0 0 0 0 0 3 0 0 0 0 0 0 0 0 0 0 0 5 0 0 0 0 0 0 0 0 0 31 0 0 0 0 0 0 0 0 12 0 0 0 0 0 0 0 0 0 0 0 0 0 0 0 0 2 0 0 0 0 0 0 0 0 70 0 0 0 0 0 0 0 0 0 0 5 0 0 0 0 0 0 0 0 0 0 0 0 0 0 0 
0 0 0 0 0 0 0 0 0 0 0 0 0 0 0 0 0 0 0 0 0 0 0 0 0 0 0 0 0 0 0 0 0 0 0 0 0 0 0 73 0 0 0 0 0 0 0 0 0 0 0 0 0 0 0 0 0 0 0 0 0 0 0 5 0 0 0 0 0 0 0 0 0 0 0 64 0 0 0 2 1 0 0 0 0 0 0 0 0 0 0 0 0 0 19 0 0 0 0 22 
0 0 0 0 0 0 0 0 0 0 0 0 0 0 0 0 68 0 0 0 0 0 0 0 1 0 0 0 91 0 0 0 0 0 0 0 0 0 13 0 0 0 0 0 83 0 0 0 0 0 0 0 0 0 0 0 0 0 0 0 0 0 0 0 0 0 5 0 0 0 0 0 0 0 0 0 0 0 0 0 0 0 0 0 0 0 0 0 0 0 0 0 0 0 0 0 0 0 0 0 
1 0 41 0 0 0 0 0 0 0 0 0 0 0 0 0 0 0 0 0 0 0 0 0 0 0 0 0 0 0 0 0 19 0 91 0 0 0 0 0 0 0 0 79 1 0 0 0 0 0 0 0 0 0 0 0 0 0 0 1 22 0 0 0 0 1 39 0 0 73 0 0 48 0 0 0 0 0 0 0 0 0 0 1 0 0 0 0 0 0 0 0 24 0 0 0 0 0 69 0 
0 0 0 0 0 0 6 0 97 0 0 28 0 44 0 0 0 82 0 0 0 0 0 0 0 0 0 0 0 0 0 0 0 0 0 0 0 0 0 64 0 0 30 0 0 0 0 0 0 0 0 0 0 1 0 0 0 0 0 0 0 0 0 1 0 0 0 0 0 0 0 84 0 0 0 29 0 0 0 0 49 0 0 0 0 0 0 0 0 0 0 0 0 0 22 0 0 0 0 30 
0 0 0 0 0 0 0 0 0 0 0 0 0 0 0 0 1 0 0 0 0 23 0 0 0 0 0 0 19 0 0 0 0 0 0 0 0 0 25 0 0 0 0 0 32 0 0 0 0 0 0 0 0 0 0 0 0 0 0 0 1 0 0 0 0 0 1 0 0 0 0 0 0 0 0 0 0 0 0 0 0 0 0 0 0 0 0 0 0 0 0 0 0 0 0 0 0 0 0 0 
0 0 0 0 0 0 0 0 0 0 0 0 0 0 0 0 0 0 60 0 0 0 0 0 0 0 0 0 0 0 0 0 0 0 0 0 0 0 0 0 28 41 0 0 0 0 0 0 0 0 0 0 0 0 0 0 0 0 0 0 0 42 0 0 0 0 0 0 11 0 77 0 0 0 0 0 0 0 0 0 0 20 0 0 0 0 0 0 0 0 0 0 0 0 0 0 0 0 0 0 
0 28 0 0 91 0 0 0 0 16 0 0 0 0 0 0 0 0 0 0 0 0 0 0 0 0 0 1 0 0 0 0 0 0 0 0 0 0 0 0 0 0 0 0 0 0 0 0 0 50 0 0 0 0 0 44 0 0 0 0 0 0 0 0 0 0 0 73 0 0 0 0 0 0 0 0 0 0 0 0 0 0 0 0 0 32 69 0 50 0 0 0 0 0 0 36 0 0 0 0 
0 93 0 0 1 0 0 0 0 55 0 0 0 0 0 0 0 0 0 0 0 0 0 0 0 0 73 0 0 0 0 0 0 0 0 0 0 0 0 0 0 0 0 0 0 0 0 0 0 3 0 0 0 0 0 48 0 0 0 0 0 0 5 0 0 0 0 1 0 0 0 0 0 0 0 0 0 0 0 0 0 5 0 0 0 1 1 0 75 0 0 0 0 0 0 0 0 0 0 0 
0 0 0 0 0 0 0 0 0 0 10 0 0 0 0 0 82 0 0 27 0 45 0 0 50 0 0 0 0 0 15 0 0 0 0 0 0 0 8 0 0 0 0 52 0 0 0 0 0 0 0 0 0 0 0 0 0 0 0 0 1 0 0 0 0 1 23 0 0 0 0 0 0 2 0 0 0 39 0 0 0 0 0 0 0 0 0 0 0 0 0 0 0 0 0 0 0 0 0 0 
0 0 0 0 0 0 0 0 0 0 0 0 0 0 0 0 0 0 0 0 0 0 0 0 0 0 0 0 0 0 0 0 44 0 0 0 0 0 0 0 0 0 0 0 0 0 0 0 0 0 0 0 0 0 0 0 0 0 0 0 0 0 0 0 0 0 0 0 0 14 0 0 6 0 0 0 0 0 0 0 0 0 0 0 0 0 0 0 0 0 0 0 2 0 0 0 0 0 0 0 
0 0 0 0 0 0 0 0 0 0 0 0 4 0 0 0 0 0 0 0 0 0 0 0 0 0 0 0 28 0 0 0 0 0 0 0 0 0 4 0 0 0 0 30 0 0 0 0 0 0 0 0 0 0 0 0 13 0 0 0 0 0 21 0 0 70 0 0 0 0 0 0 0 83 1 0 0 5 0 0 0 0 0 0 0 0 1 0 0 0 0 4 0 0 0 0 0 0 0 0 
0 0 0 0 0 0 23 0 0 0 0 0 0 48 0 32 0 0 0 0 0 0 0 0 0 0 0 0 0 0 0 0 0 33 0 0 0 38 0 0 0 0 13 0 0 0 0 0 0 0 0 0 0 0 1 0 0 1 18 0 0 0 0 0 0 0 0 0 0 0 0 0 0 0 0 0 0 0 0 0 0 0 0 0 0 0 0 0 0 9 0 0 0 0 0 0 88 31 0 0 
39 0 7 0 0 0 0 0 0 0 0 0 0 0 0 0 0 0 0 0 0 0 60 0 0 0 0 0 0 38 0 0 0 0 5 0 0 0 0 0 0 0 0 0 0 0 0 0 0 0 0 0 0 0 0 0 0 0 0 28 0 0 0 0 0 0 0 0 0 83 0 0 9 0 0 0 0 0 0 0 0 0 0 19 0 0 0 0 0 0 0 0 12 0 0 24 0 0 42 0 
0 0 0 0 0 0 0 0 0 0 0 0 0 0 0 8 0 0 0 0 0 0 0 0 0 0 0 0 0 0 0 2 0 0 0 0 0 14 0 0 0 0 1 0 0 0 0 0 0 0 0 0 0 0 17 0 0 65 65 0 0 0 0 0 0 0 0 0 0 0 0 0 0 0 0 0 0 0 0 0 0 0 0 0 0 0 0 0 0 41 0 0 0 0 0 0 8 35 0 0 
2 0 46 0 0 0 0 0 0 16 0 0 0 0 0 0 0 0 0 0 0 0 53 0 0 0 0 0 0 0 0 0 57 0 0 0 0 0 0 0 0 0 0 75 0 0 0 0 0 94 0 0 0 0 0 0 0 0 0 84 3 0 0 0 0 1 0 0 0 9 0 0 0 0 0 0 0 0 0 0 0 0 0 77 0 0 0 0 0 0 0 1 15 0 0 0 0 0 41 0 
0 0 0 0 0 1 0 0 42 0 0 0 0 1 85 0 0 2 0 0 0 0 0 0 0 0 0 0 0 0 0 0 0 0 0 0 0 1 0 0 0 0 0 0 0 0 0 0 0 0 0 0 0 0 0 0 0 0 0 0 0 0 0 0 0 0 0 0 0 0 0 0 0 0 0 0 0 0 0 0 0 0 0 0 0 0 0 82 0 0 0 0 0 0 0 0 0 0 0 0 
0 0 0 76 0 0 0 7 0 0 47 0 0 0 0 0 0 0 0 0 0 0 0 0 0 0 0 0 0 0 0 0 0 0 0 0 0 0 0 0 0 0 0 0 0 96 12 1 87 0 0 0 0 0 0 0 0 0 0 0 0 0 0 0 56 0 0 0 0 0 0 0 0 0 0 0 78 0 0 0 0 0 44 0 26 0 0 0 0 0 55 0 0 0 0 0 0 0 0 0 
0 0 0 0 0 0 7 0 0 0 0 0 0 22 0 3 0 0 0 0 0 0 0 0 0 0 0 0 0 0 0 1 0 21 0 48 0 0 0 0 0 0 3 0 0 0 0 0 0 0 0 0 0 0 1 0 0 68 0 0 0 0 0 0 0 0 0 0 0 0 0 0 0 0 0 0 0 0 0 0 0 0 0 0 0 0 0 0 0 0 0 0 0 0 0 0 87 0 0 0 
0 0 0 0 0 0 0 0 0 0 18 0 0 0 0 0 5 0 0 2 0 13 0 0 59 0 0 0 3 0 30 0 0 0 0 0 0 0 0 0 0 0 0 0 0 0 0 0 0 0 0 0 0 0 0 0 0 0 0 0 0 0 0 0 0 0 13 0 0 0 0 0 0 10 0 0 0 0 0 0 0 0 0 0 0 0 0 0 0 0 0 0 0 0 0 0 0 0 0 0 
0 0 0 10 0 0 0 0 2 0 0 0 0 0 0 0 0 96 0 0 50 0 0 47 0 0 0 0 0 0 0 0 0 0 0 0 0 0 0 0 0 0 0 0 0 0 0 0 0 0 0 0 0 0 0 0 0 0 0 0 0 0 0 44 0 0 0 0 0 0 0 3 0 0 0 48 0 0 0 35 3 0 0 0 0 0 0 0 0 0 0 0 0 0 26 0 0 0 0 82 
0 33 0 0 0 0 0 0 0 0 0 0 0 0 0 0 0 0 30 0 0 0 0 0 0 99 0 0 0 0 0 0 0 0 0 0 0 0 0 0 0 0 0 0 0 0 0 0 0 0 0 0 0 0 0 0 0 0 0 0 0 12 0 0 0 0 0 0 12 0 0 0 0 0 0 0 0 0 0 0 0 0 0 0 0 0 0 0 0 0 0 0 0 0 0 0 0 0 0 0 
0 0 0 0 0 0 0 0 0 0 0 0 0 0 0 0 0 0 0 0 0 0 0 0 0 11 0 0 0 0 0 0 0 0 0 0 0 0 0 0 0 0 0 0 0 0 0 0 0 0 0 0 0 0 0 0 0 0 0 0 0 1 0 0 0 0 0 0 0 0 66 0 0 0 0 0 0 0 0 0 0 0 0 0 0 0 0 0 0 51 0 0 0 0 0 0 0 0 0 0 
0 0 0 0 0 0 1 0 0 0 0 0 0 73 0 0 0 0 0 0 0 0 0 2 0 0 0 0 0 0 0 5 0 4 0 0 0 1 0 0 0 0 0 0 0 0 0 0 0 0 0 0 79 0 9 0 0 57 92 0 0 0 0 0 0 0 0 0 0 0 0 15 0 0 0 0 0 0 1 0 0 0 0 0 0 0 0 0 0 0 0 0 0 6 0 0 0 49 0 0 
4 0 56 0 0 0 0 0 0 0 0 0 1 0 0 0 0 0 0 0 0 0 83 0 0 0 0 0 50 0 7 0 0 0 21 0 0 0 0 0 0 0 0 0 0 0 0 0 0 0 0 0 0 0 0 0 0 0 0 20 47 0 0 0 0 13 0 0 0 0 0 0 0 0 0 0 0 1 0 0 0 0 0 1 0 0 1 0 0 0 0 1 0 0 0 0 0 0 23 0 
0 0 0 0 0 0 0 0 0 0 0 0 0 0 0 0 0 0 0 0 0 20 73 0 38 0 0 0 0 0 0 0 0 0 0 0 0 0 0 0 0 0 0 0 0 0 0 0 0 0 0 0 0 0 0 0 0 0 0 0 1 0 0 0 0 0 82 0 0 0 0 0 70 0 0 0 0 0 0 0 0 0 0 1 0 0 0 0 0 0 0 0 29 0 0 0 0 0 41 0 
0 0 0 0 0 0 0 0 0 0 0 0 0 0 0 0 0 0 0 0 0 0 0 0 0 0 0 0 0 0 0 0 0 0 0 0 15 0 0 0 0 0 0 0 0 0 10 0 0 0 0 53 0 0 0 0 0 0 0 0 0 0 0 0 0 0 0 0 0 0 0 0 0 0 0 2 0 0 0 63 0 0 0 0 0 0 0 0 0 0 0 0 0 0 0 0 0 0 0 0 
0 0 0 16 0 0 0 18 0 0 0 0 0 0 0 0 0 0 0 0 0 0 0 0 0 0 0 0 0 0 0 0 0 0 0 0 97 0 0 0 0 0 0 0 0 19 0 88 12 0 0 54 0 0 0 0 0 0 0 0 0 0 0 0 1 0 0 0 0 0 0 0 0 0 0 0 0 0 0 0 0 0 0 0 19 0 0 0 0 0 0 0 0 0 0 0 0 0 0 0 
0 0 0 7 0 0 0 2 0 0 17 0 0 0 0 0 0 0 0 95 0 0 0 0 0 0 0 0 0 0 0 0 0 0 0 0 1 0 0 0 0 0 0 0 0 0 57 0 13 0 22 0 0 0 0 0 1 0 0 0 0 0 0 0 65 0 0 0 0 0 0 0 0 97 21 0 0 0 0 0 0 0 0 0 6 0 0 0 0 0 0 0 0 0 0 0 0 0 0 0 
0 0 0 7 0 0 0 9 0 0 0 1 0 0 0 0 0 0 0 0 0 0 0 0 0 0 0 0 0 0 0 0 0 0 0 0 50 0 0 0 0 0 0 0 0 0 1 57 0 0 8 0 0 61 0 0 0 0 0 0 0 0 0 0 29 0 0 0 0 0 0 0 0 0 67 16 0 0 0 15 0 0 0 0 0 0 0 0 0 0 0 0 0 0 0 0 0 0 0 0 
0 0 7 0 0 0 0 0 0 5 0 0 0 0 0 0 0 0 0 0 0 0 0 0 0 0 58 95 0 0 0 0 0 0 58 0 0 0 0 0 0 0 0 0 0 0 0 0 0 0 0 0 0 0 0 39 0 0 0 1 0 0 0 0 0 0 0 0 0 0 0 0 0 0 0 0 0 0 0 0 0 0 0 0 0 23 0 0 61 0 0 20 0 0 0 3 0 0 0 0 
0 0 0 31 0 0 0 0 0 0 0 13 0 0 0 0 0 0 0 0 0 0 0 0 0 0 0 0 0 0 0 0 0 0 0 0 0 0 0 0 0 0 0 0 0 0 0 5 26 0 0 0 0 5 0 0 33 0 0 0 0 0 0 0 33 0 0 0 0 0 0 74 0 0 99 0 0 0 0 0 0 0 0 0 0 0 0 0 0 0 0 0 0 98 0 0 0 0 0 0 
0 0 0 0 0 0 0 0 0 0 0 0 0 0 0 0 0 0 0 0 0 0 0 0 0 0 0 0 0 0 0 0 0 0 0 0 0 0 0 0 0 0 0 0 0 7 1 0 0 0 0 0 0 0 0 0 0 0 0 0 0 0 0 0 0 0 0 0 0 0 0 0 0 0 0 23 0 0 0 62 0 0 0 0 0 0 0 0 0 0 0 0 0 0 0 0 0 0 0 0 
0 0 0 0 0 0 0 0 0 0 0 6 98 0 0 0 0 0 0 0 0 0 0 0 0 0 0 0 0 0 0 0 0 0 0 0 0 0 0 0 0 0 2 0 0 0 0 0 0 0 0 0 0 1 0 0 51 0 18 0 0 0 66 0 0 0 0 0 0 0 0 4 0 0 0 0 0 0 43 0 0 0 0 0 0 0 0 0 0 0 0 0 0 18 0 0 0 0 0 0 
0 0 0 11 0 0 4 0 0 0 0 90 0 0 0 0 0 0 0 0 0 0 0 17 0 0 0 0 0 0 0 0 0 0 0 0 0 0 0 0 0 0 0 0 0 0 0 0 1 0 7 0 1 0 0 0 89 0 0 0 0 0 0 0 0 0 0 0 0 0 0 95 0 0 1 0 0 0 1 0 0 0 0 0 0 0 0 0 0 0 0 0 0 1 0 0 0 0 0 0 
0 0 0 0 0 0 0 0 0 0 0 0 0 0 0 91 0 0 0 0 0 0 0 0 0 0 0 0 0 0 0 94 0 11 0 0 0 29 0 0 0 0 57 0 0 0 0 0 0 0 0 0 0 0 0 0 0 14 13 0 0 0 0 0 0 0 0 0 0 0 0 0 0 0 0 0 0 0 0 0 0 0 0 0 0 0 0 0 0 29 0 0 0 0 0 0 64 5 0 0 
0 48 0 0 1 0 0 0 0 3 0 0 0 0 0 0 0 0 0 0 0 0 0 0 0 0 34 6 0 0 0 0 0 0 0 0 0 0 0 0 0 0 0 0 0 0 0 0 0 3 0 0 0 0 0 0 0 0 0 0 0 0 0 0 0 0 0 30 0 0 0 0 0 0 0 0 0 0 0 0 0 0 0 0 0 50 0 0 44 0 0 0 0 0 0 1 0 0 0 0 
0 0 0 0 0 0 0 0 0 0 0 11 3 0 0 0 0 0 0 0 0 0 0 0 0 0 0 0 0 0 1 0 0 0 0 0 0 0 0 0 0 0 0 0 0 0 0 99 0 0 90 0 18 71 0 0 0 0 0 0 0 0 22 0 0 0 0 0 0 0 0 42 0 0 72 0 0 79 16 0 0 0 0 0 0 0 0 0 0 0 0 0 0 66 0 0 0 0 0 0 
0 0 0 0 0 0 13 0 0 0 0 0 0 0 0 1 0 0 0 0 0 0 0 0 0 0 0 0 0 0 0 66 0 59 0 0 0 1 0 0 0 0 30 0 0 0 0 0 0 0 0 0 0 0 37 0 0 0 8 0 0 0 0 0 0 0 0 0 0 0 0 21 0 0 0 0 0 0 0 0 0 0 0 0 0 0 0 0 0 5 0 0 0 0 0 0 67 41 0 0 
0 0 0 0 0 0 82 0 0 0 0 0 0 0 0 0 0 0 0 0 0 0 0 0 0 0 0 0 0 0 0 11 0 3 0 0 0 0 0 0 0 0 66 0 0 0 0 0 0 0 0 0 17 0 88 0 0 10 0 0 0 0 36 0 0 0 0 0 0 0 0 37 0 0 0 0 0 0 14 0 0 0 0 0 0 0 0 0 0 0 0 0 0 13 0 0 0 20 0 0 
38 0 1 0 0 0 0 0 0 3 0 0 43 0 0 0 0 0 0 0 0 0 44 0 0 0 0 0 0 0 0 0 13 0 46 0 0 0 0 0 0 0 0 56 0 0 0 0 0 1 0 0 0 0 0 0 0 0 0 0 22 0 0 0 0 14 0 0 0 18 0 0 0 0 0 0 0 0 0 0 0 0 0 71 0 0 52 0 17 0 0 58 0 0 0 0 0 0 35 0 
19 0 1 0 0 0 0 0 0 0 0 0 0 0 0 0 19 0 0 0 0 0 1 0 97 0 0 0 1 0 0 0 0 0 2 0 0 0 0 0 0 0 0 1 54 0 0 0 0 0 0 0 0 0 0 0 0 0 0 82 0 0 0 0 0 4 2 0 0 0 0 0 0 0 0 0 0 0 0 0 0 0 0 41 0 0 0 0 0 0 0 0 65 0 0 0 0 0 9 0 
0 0 0 0 0 0 0 0 0 0 0 0 0 0 0 0 0 0 83 0 0 0 0 0 0 53 0 0 0 0 0 0 0 0 0 0 0 0 0 0 1 1 0 0 0 0 0 0 0 0 0 0 0 0 0 0 0 0 0 0 0 0 0 0 0 0 0 9 1 0 23 0 0 0 0 0 0 0 0 0 0 60 0 0 0 0 0 0 0 2 0 0 0 0 0 0 0 2 0 0 
0 0 0 0 0 0 0 0 0 0 0 0 37 0 0 0 0 0 0 0 0 0 0 0 0 0 0 65 0 0 22 0 0 0 0 0 0 0 0 0 0 0 0 0 0 0 0 0 0 0 0 0 20 0 0 0 95 0 25 0 0 0 0 0 0 0 0 0 0 0 0 0 0 0 0 0 0 43 39 0 0 0 0 0 0 0 6 0 0 0 0 2 0 6 0 0 0 0 0 0 
0 0 0 0 0 0 0 0 40 0 0 0 0 0 0 0 0 1 0 0 19 0 0 83 0 0 0 0 0 0 0 0 0 0 0 0 0 0 0 5 0 0 0 0 0 0 0 0 0 0 0 0 0 0 0 0 0 0 0 0 0 0 0 0 0 0 0 0 0 0 0 0 0 0 0 80 0 0 0 60 20 0 0 0 0 0 0 0 0 0 0 0 0 0 88 0 0 0 0 59 
0 0 0 4 0 0 0 21 0 0 68 0 0 0 0 0 0 0 0 21 0 0 0 0 0 0 0 0 0 0 0 0 0 0 0 0 1 0 0 0 0 0 0 0 0 0 5 32 25 0 2 0 0 0 0 0 0 0 0 0 0 0 0 0 0 0 0 0 0 0 0 0 0 55 86 0 0 0 0 0 0 0 0 0 8 0 0 0 0 0 0 0 0 0 0 0 0 0 0 0 
87 0 2 0 0 0 0 0 0 0 0 0 0 0 0 0 0 0 0 0 0 0 55 0 0 0 0 0 6 0 33 0 0 0 63 0 0 0 0 0 0 0 0 1 0 0 0 0 0 0 0 0 0 0 0 0 0 0 0 88 90 0 0 0 0 0 23 0 0 7 0 0 0 0 0 0 0 0 0 0 0 0 0 1 0 0 33 0 0 0 0 7 81 0 0 0 0 0 26 0 
1 0 0 0 0 0 0 0 0 0 0 0 0 0 0 0 1 0 0 0 0 42 65 0 33 0 0 0 58 0 0 0 0 0 0 0 0 0 14 0 0 0 0 0 58 0 0 0 0 0 0 0 0 0 0 0 0 0 0 0 16 0 0 0 0 98 0 0 0 0 0 0 0 0 0 0 0 0 0 0 0 0 0 38 0 0 0 0 0 0 0 0 13 0 0 0 0 0 18 0 
0 2 0 0 6 0 0 0 0 0 0 0 0 0 0 0 0 0 99 0 0 0 0 0 0 0 21 1 0 0 0 0 0 0 0 0 0 0 0 0 0 0 0 0 0 0 0 0 0 0 0 0 0 0 0 56 0 0 0 0 0 2 0 0 0 0 0 0 0 0 0 0 0 0 0 0 0 0 0 0 0 46 0 0 0 0 0 0 1 0 0 0 0 0 0 0 0 0 0 0 
0 0 0 0 0 0 0 0 0 0 0 0 0 0 0 0 0 0 2 0 0 0 0 0 0 38 0 0 0 0 0 0 0 0 0 0 0 0 0 0 30 0 0 0 0 0 0 0 0 0 0 0 0 0 0 0 0 0 0 0 0 5 0 0 0 0 0 0 0 0 0 0 0 0 0 0 0 0 0 0 0 0 0 0 0 0 0 0 0 0 0 0 0 0 0 0 0 0 0 0 
25 0 88 0 0 0 0 0 0 0 0 0 0 0 0 0 0 0 0 0 0 0 59 0 0 0 0 0 0 11 0 0 3 0 28 0 0 0 0 0 0 0 0 0 0 0 0 0 0 0 0 0 0 0 0 0 0 0 0 23 0 0 0 0 0 77 0 0 0 0 0 0 28 0 0 0 0 0 0 0 0 0 0 1 0 0 0 0 0 0 0 0 50 0 0 0 0 0 40 0 
0 0 0 0 0 0 0 0 0 0 0 0 0 0 0 0 0 0 0 0 0 0 0 0 0 25 0 0 0 0 0 0 0 0 0 0 0 0 0 0 0 1 0 0 0 0 0 0 0 0 0 0 0 0 0 0 0 0 0 0 0 20 0 0 0 0 0 0 0 0 0 0 0 0 0 0 0 0 0 0 0 0 0 0 0 0 0 0 0 1 0 0 0 0 0 0 0 87 0 0 
0 0 0 0 0 0 58 0 0 0 0 77 0 0 0 0 0 0 0 0 0 0 0 60 0 0 0 0 0 0 0 0 0 0 0 0 0 0 0 8 0 0 51 0 0 0 0 0 0 0 3 0 77 24 0 0 88 72 55 0 0 0 0 0 0 0 0 0 0 0 0 0 0 0 6 0 0 0 4 0 0 0 0 0 0 0 0 0 0 0 0 0 0 29 0 0 0 0 0 0 
0 0 0 0 0 0 0 0 0 0 0 0 0 0 0 0 0 0 0 0 0 0 69 0 0 0 0 0 0 7 0 0 9 0 0 0 0 0 0 0 0 0 0 0 50 0 0 0 0 0 0 0 0 0 0 0 0 0 0 0 0 0 0 0 0 0 0 0 0 11 0 0 0 0 0 0 0 0 0 0 0 0 0 1 0 0 0 0 0 0 0 0 1 0 0 0 0 0 3 0 
0 0 0 0 0 0 0 11 0 0 5 0 0 0 0 0 87 0 0 81 0 0 0 0 0 0 0 0 32 0 67 0 0 0 0 0 0 0 46 0 0 0 0 0 0 0 0 36 0 0 0 0 0 0 0 0 0 0 0 0 0 0 0 0 78 0 0 0 0 0 0 0 0 0 0 0 0 0 0 0 0 0 0 0 55 0 0 0 0 0 0 0 0 0 0 0 0 0 0 0 
0 0 0 23 0 0 0 0 0 0 0 1 0 0 0 0 0 0 0 0 0 0 0 0 0 0 0 0 0 0 4 0 0 0 0 0 0 0 0 0 0 0 0 0 0 0 0 2 78 0 20 0 0 1 0 0 1 0 0 0 0 0 0 0 36 0 0 0 0 0 0 98 0 0 0 0 0 49 0 0 0 0 0 0 0 0 0 0 0 0 0 0 0 19 0 0 0 0 0 0 
0 0 0 39 0 0 0 0 0 0 0 0 0 0 0 0 0 0 0 0 6 0 0 58 0 0 0 0 0 0 0 0 0 0 0 0 0 0 0 1 0 0 0 0 0 50 0 0 5 0 0 9 0 0 0 0 0 0 0 0 0 0 0 1 0 0 0 0 0 0 0 0 0 0 0 0 0 0 0 5 1 0 0 0 0 0 0 0 0 0 0 0 0 0 1 0 0 0 0 11 
0 0 0 0 0 0 0 1 0 0 93 0 0 0 0 0 0 0 0 0 0 0 0 0 0 0 0 0 0 0 0 0 0 0 0 0 38 0 0 0 0 0 0 0 0 0 0 0 0 0 0 0 0 0 0 0 0 0 0 0 0 0 0 0 0 0 0 0 0 0 0 0 0 0 0 0 0 0 0 0 0 0 51 0 85 0 0 0 0 0 27 0 0 0 0 0 0 0 0 0 
0 0 0 0 0 0 0 0 0 0 0 0 15 0 0 0 0 0 0 0 0 0 0 0 0 0 0 0 37 0 2 0 0 0 0 0 0 0 0 0 0 0 0 38 0 0 0 0 0 0 0 0 0 0 0 0 1 0 0 0 0 0 55 0 0 0 0 0 0 0 0 0 0 0 31 0 0 0 0 0 0 0 0 0 0 0 45 0 0 0 0 5 0 0 0 0 0 0 0 0 
0 0 0 0 0 0 0 0 0 0 0 66 67 0 0 0 0 0 0 0 0 0 0 0 0 0 0 0 0 0 0 0 0 0 0 0 0 0 0 0 0 0 12 0 0 0 0 0 0 0 0 0 11 50 0 0 21 0 47 0 0 0 13 0 0 0 0 0 0 0 0 6 0 0 0 0 0 0 0 0 0 0 0 0 0 0 0 0 0 0 0 0 0 39 0 0 0 0 0 0 
0 0 0 1 0 0 0 0 0 0 0 0 0 0 0 0 0 0 0 0 5 0 0 0 0 0 0 0 0 0 0 0 0 0 0 0 0 0 0 8 0 0 0 0 0 77 0 0 1 0 0 46 0 0 0 0 0 0 0 0 0 0 0 39 0 0 0 0 0 0 0 0 0 0 0 81 0 0 0 0 1 0 0 0 0 0 0 0 0 0 0 0 0 0 16 0 0 0 0 3 
0 0 0 0 0 0 0 0 15 0 0 0 0 0 0 0 0 11 0 0 54 0 0 41 0 0 0 0 0 0 0 0 0 0 0 0 0 0 0 7 0 0 0 0 0 0 0 0 0 0 0 0 0 0 0 0 0 0 0 0 0 0 0 68 0 0 0 0 0 0 0 0 0 0 0 1 0 0 0 61 0 0 0 0 0 0 0 0 0 0 0 0 0 0 11 0 0 0 0 24 
0 1 0 0 12 0 0 0 0 0 0 0 0 0 0 0 0 0 30 0 0 0 0 0 0 4 0 6 0 0 0 0 0 0 0 0 0 0 0 0 0 0 0 0 0 0 0 0 0 0 0 0 0 0 0 0 0 0 0 0 0 62 0 0 0 0 0 48 0 0 0 0 0 0 0 0 0 0 0 0 0 0 0 0 0 0 0 0 0 4 0 0 0 0 0 0 0 66 0 0 
0 0 0 0 0 0 0 0 0 0 0 0 0 0 0 0 0 0 0 0 0 0 0 0 0 0 0 0 0 0 0 0 0 0 0 0 1 0 0 0 0 0 0 0 0 0 0 0 0 0 0 0 0 0 0 0 0 0 0 0 0 0 0 0 0 0 0 0 0 0 0 0 0 0 0 0 80 0 0 0 0 0 0 0 3 0 0 0 0 0 84 0 0 0 0 0 0 0 0 0 
2 0 32 0 0 0 0 0 0 0 0 0 0 0 0 0 0 0 0 0 0 0 1 0 0 0 0 0 0 0 0 0 42 0 22 0 0 0 0 0 0 0 0 2 26 0 0 0 0 0 0 0 0 0 0 0 0 0 0 25 87 0 0 0 0 10 16 0 0 19 0 0 53 0 0 0 0 0 0 0 0 0 0 0 0 0 0 0 0 0 0 0 41 0 0 0 0 0 2 0 
0 0 0 0 0 0 0 30 0 0 13 0 0 0 0 0 0 0 0 55 0 0 0 0 0 0 0 0 0 0 0 0 0 0 0 0 23 0 0 0 0 0 0 0 0 0 78 3 0 0 0 0 0 0 0 0 0 0 0 0 0 0 0 0 47 0 0 0 0 0 0 0 0 21 0 0 29 0 0 0 0 0 2 0 0 0 0 0 0 0 55 0 0 0 0 0 0 0 0 0 
0 11 0 0 29 0 0 0 0 40 0 0 0 0 0 0 0 0 0 0 0 0 0 0 0 0 5 72 0 0 0 0 0 0 0 0 0 0 0 0 0 0 0 0 0 0 0 0 0 1 0 0 0 0 0 90 0 0 0 0 0 0 0 0 0 0 0 0 0 0 0 0 0 0 0 0 0 0 0 0 0 0 0 0 0 0 0 0 87 0 0 0 0 0 0 40 0 0 0 0 
0 0 0 0 0 0 0 0 0 0 0 0 6 0 0 0 0 0 0 0 0 0 0 0 0 0 78 1 0 0 62 0 0 0 0 0 0 0 0 0 0 0 0 2 0 0 0 0 0 0 0 0 0 0 0 0 0 0 0 28 0 0 9 0 0 16 0 0 0 0 0 0 0 0 0 0 0 27 0 0 0 0 0 0 0 0 0 0 2 0 0 1 0 0 0 0 0 0 0 0 
0 0 0 0 0 89 0 0 5 0 0 0 0 1 11 0 0 70 0 0 0 0 0 0 0 0 0 0 0 0 0 0 0 0 0 23 0 0 0 0 0 0 0 0 0 0 0 0 0 0 0 0 0 0 0 0 0 0 0 0 0 0 0 0 0 0 0 0 0 0 0 0 0 0 0 0 0 0 0 0 0 0 0 0 0 0 0 0 0 0 0 0 0 0 0 0 0 0 0 0 
0 7 0 0 41 0 0 0 0 1 0 0 0 0 0 0 0 0 0 0 0 0 0 0 0 0 29 29 0 0 0 0 0 0 0 0 0 0 0 0 0 0 0 0 0 0 0 0 0 3 0 0 0 0 0 22 0 0 0 1 0 0 0 0 0 0 0 97 0 0 0 0 0 0 0 0 0 0 0 0 0 0 0 0 0 14 92 0 0 0 0 34 0 0 0 8 0 0 0 0 
0 0 0 0 0 0 0 0 0 0 0 0 0 0 0 51 0 0 0 0 0 0 0 0 0 0 0 0 0 0 0 21 0 40 0 0 0 0 0 0 0 3 0 0 0 0 0 0 0 0 0 0 0 0 58 0 0 37 0 0 0 20 0 0 0 0 0 0 0 0 2 0 0 0 0 0 0 0 0 0 0 17 0 0 0 0 0 0 0 0 0 0 0 0 0 0 0 24 0 0 
0 0 0 0 0 0 0 5 0 0 0 0 0 0 0 0 0 0 0 0 0 0 0 0 0 0 0 0 0 0 0 0 0 0 0 0 95 0 0 0 0 0 0 0 0 0 0 0 0 0 0 0 0 0 0 0 0 0 0 0 0 0 0 0 0 0 0 0 0 0 0 0 0 0 0 0 11 0 0 0 0 0 31 0 1 0 0 0 0 0 0 0 0 0 0 0 0 0 0 0 
78 0 65 0 0 0 0 0 0 0 0 0 32 0 0 0 0 0 0 0 0 0 0 0 0 0 0 0 0 0 33 0 0 0 44 0 0 0 0 0 0 0 0 99 0 0 0 0 0 1 0 0 0 0 0 0 0 0 0 31 0 0 27 0 0 6 0 0 0 0 0 0 0 0 0 0 0 27 0 0 0 0 0 0 0 0 26 0 1 0 0 0 0 0 0 0 0 0 15 0 
2 0 73 0 0 0 0 0 0 0 0 0 0 0 0 0 0 0 0 0 0 0 1 0 0 0 0 0 0 80 0 0 72 0 39 0 0 0 0 0 0 0 0 0 97 0 0 0 0 0 0 0 0 0 0 0 0 0 0 0 1 0 0 0 0 2 4 0 0 44 0 0 20 0 0 0 0 0 0 0 0 0 0 52 0 0 0 0 0 0 0 0 0 0 0 0 0 0 9 0 
0 0 0 0 0 0 51 0 0 0 0 1 4 0 0 0 0 0 0 0 0 0 0 0 0 0 0 0 0 0 0 0 0 0 0 0 0 0 0 0 0 0 73 0 0 0 0 0 0 0 44 0 26 4 0 0 82 0 2 0 0 0 77 0 0 0 0 0 0 0 0 48 0 0 37 0 0 0 15 0 0 0 0 0 0 0 0 0 0 0 0 0 0 0 0 0 0 0 0 0 
0 0 0 0 0 0 0 0 26 0 0 0 0 0 0 0 0 40 0 0 71 0 0 6 0 0 0 0 0 0 0 0 0 0 0 0 0 0 0 49 0 0 0 0 0 0 0 0 0 0 0 0 0 0 0 0 0 0 0 0 0 0 0 6 0 0 0 0 0 0 0 0 0 0 0 61 0 0 0 22 34 0 0 0 0 0 0 0 0 0 0 0 0 0 0 0 0 0 0 13 
0 0 0 0 0 0 0 0 0 1 0 0 0 0 0 0 0 0 0 0 0 0 0 0 0 0 12 0 0 0 0 0 52 0 0 0 0 0 0 0 0 0 0 0 0 0 0 0 0 27 0 0 0 0 0 3 0 0 0 0 0 0 0 0 0 0 0 0 0 0 0 0 0 0 0 0 0 0 0 0 0 0 0 0 0 65 0 0 1 0 0 0 0 0 0 0 0 0 0 0 
0 0 0 0 0 0 0 0 0 0 0 0 0 10 0 13 0 0 0 0 0 0 0 0 0 0 0 0 0 0 0 9 0 32 0 0 0 1 0 0 0 0 0 0 0 0 0 0 0 0 0 0 0 0 60 0 0 16 0 0 0 0 0 0 0 0 0 0 0 0 0 0 0 0 0 0 0 0 0 0 0 0 0 0 0 0 0 0 0 0 0 0 0 0 0 0 0 0 0 0 
0 0 0 0 0 0 0 0 0 0 0 0 0 0 0 0 0 0 0 0 0 0 0 0 0 0 0 0 0 0 0 27 0 36 0 0 0 0 0 0 0 0 30 0 0 0 0 0 0 0 0 0 0 0 28 0 0 8 77 0 0 10 0 0 0 0 0 0 0 0 60 0 0 0 0 0 0 0 0 0 0 53 0 0 0 0 0 0 0 8 0 0 0 0 0 0 0 0 0 0 
78 0 5 0 0 0 0 0 0 0 0 0 0 0 0 0 0 0 0 0 0 0 2 0 0 0 0 0 0 0 0 0 20 0 46 0 0 0 0 0 0 0 0 65 4 0 0 0 0 0 0 0 0 0 0 0 0 0 0 81 52 0 0 0 0 17 15 0 0 14 0 0 95 0 0 0 0 0 0 0 0 0 0 1 0 0 0 0 0 0 0 1 15 0 0 0 0 0 0 0 
0 0 0 0 0 0 0 0 11 0 0 0 0 0 0 0 0 29 0 0 61 0 0 7 0 0 0 0 0 0 0 0 0 0 0 0 0 0 0 42 0 0 0 0 0 0 0 0 0 0 0 0 0 0 0 0 0 0 0 0 0 0 0 32 0 0 0 0 0 0 0 0 0 0 0 84 0 0 0 1 1 0 0 0 0 0 0 0 0 0 0 0 0 0 99 0 0 0 0 0 
