100 1000
0 5 8 5 8 10 5 1 6 7 5 5 5 4 5 8 183 187 183 184 183 178 180 186 180 185 185 180 181 176 180 180 183 180 178 180 178 176 183 208 209 210 210 209 212 210 208 205 206 206 207 208 207 209 220 214 216 219 221 216 219 217 217 217 216 218 216 215 218 212 219 221 122 122 125 123 118 124 119 123 124 67 73 69 68 72 66 65 68 66 70 65 67 67 63 69 69 69 69 65 
5 0 11 1 5 8 0 6 5 6 4 5 6 7 5 8 178 182 179 179 178 174 176 181 175 181 180 175 176 172 176 176 178 176 173 175 174 171 179 206 207 208 208 207 210 208 206 203 203 204 205 206 205 207 217 211 213 216 218 213 216 214 214 214 213 215 213 212 215 209 216 218 117 118 120 118 113 119 114 118 119 67 73 69 68 72 65 65 68 67 72 67 69 69 66 71 72 71 71 67 
8 11 0 10 10 8 10 8 7 5 7 6 5 5 6 5 187 191 187 188 187 182 184 190 184 189 189 182 183 179 183 183 185 183 180 183 181 179 186 216 217 218 218 217 220 218 216 213 214 214 215 216 215 217 227 222 224 226 228 223 227 224 224 225 223 225 223 223 225 219 226 229 126 126 129 126 121 127 122 127 128 60 66 62 61 64 58 57 60 59 62 57 59 59 55 61 61 61 61 57 
5 1 10 0 5 7 0 6 4 6 4 5 6 7 5 7 178 182 179 179 178 174 176 181 175 180 180 175 176 172 175 176 178 176 173 175 173 171 178 207 207 208 208 207 210 208 206 203 204 205 206 206 206 207 217 211 213 216 218 213 217 214 214 215 213 215 213 212 215 209 216 218 117 117 120 118 113 119 114 118 119 66 73 68 67 71 65 64 67 66 71 66 69 69 65 71 71 71 71 67 
8 5 10 5 0 3 5 9 3 4 4 5 6 9 5 5 177 181 178 178 177 173 175 180 174 180 179 173 174 169 173 174 176 174 171 173 171 169 176 210 210 211 211 210 213 211 209 206 207 208 209 210 209 210 219 214 216 218 220 215 219 216 216 217 215 217 215 215 217 211 218 221 116 116 119 117 112 118 113 117 118 62 69 64 63 67 60 60 63 62 68 64 66 67 62 68 69 68 68 64 
10 8 8 7 3 0 7 10 4 4 5 5 6 9 5 4 179 182 179 179 178 174 176 181 176 181 181 174 174 170 174 175 177 175 171 174 172 170 177 213 213 214 214 213 216 214 212 209 210 210 212 212 212 213 222 216 218 221 223 218 221 219 219 220 218 220 218 217 220 214 221 223 118 118 120 118 113 119 114 118 119 59 66 61 60 64 58 57 60 59 66 61 64 64 60 66 66 65 65 62 
5 0 10 0 5 7 0 6 5 6 4 5 6 7 5 7 178 182 179 179 178 174 176 181 175 180 180 175 176 172 175 176 178 176 173 175 173 171 179 206 207 208 208 207 210 208 206 203 204 204 205 206 205 207 217 211 213 216 218 213 216 214 214 214 213 215 213 212 215 209 216 218 117 117 120 118 113 119 114 118 119 67 73 68 68 71 65 64 67 66 72 67 69 69 65 71 71 71 71 67 
1 6 8 6 9 10 6 0 7 7 5 5 5 3 5 8 184 188 184 185 184 179 181 187 181 186 186 181 182 177 181 182 184 181 179 181 179 177 184 209 210 211 211 210 212 211 209 206 206 207 208 209 208 210 221 215 217 220 222 217 220 218 218 218 217 219 217 216 218 213 220 222 123 123 126 124 119 125 120 124 125 67 73 69 68 71 65 64 68 66 69 64 66 66 63 68 68 68 68 64 
6 5 7 4 3 4 5 7 0 2 2 2 3 6 2 3 180 184 180 181 180 176 178 183 177 182 182 176 177 172 176 177 179 177 174 176 174 172 179 211 212 213 212 211 214 212 210 207 208 209 210 211 210 212 221 215 217 220 222 217 221 218 218 219 217 219 217 216 219 213 220 223 119 119 122 120 115 121 116 120 121 62 69 64 63 67 60 60 63 62 67 62 65 65 61 67 67 66 66 63 
7 6 5 6 4 4 6 7 2 0 3 2 2 5 2 1 181 185 182 182 181 177 179 184 179 184 183 177 178 174 177 178 180 178 175 177 176 173 181 213 213 214 214 213 216 214 212 209 210 210 212 212 212 213 223 217 219 222 224 219 222 220 220 220 219 221 219 218 221 215 222 224 121 121 123 121 116 122 117 121 122 61 67 63 62 66 59 59 62 60 65 61 63 63 59 65 65 65 65 61 
5 4 7 4 4 5 4 5 2 3 0 1 2 5 1 4 181 185 181 181 181 176 178 184 178 183 183 177 178 173 177 178 180 178 174 177 175 173 180 210 211 212 212 210 214 212 210 207 207 208 209 210 209 211 221 215 217 220 222 217 220 218 218 218 217 219 217 216 218 213 220 222 120 120 123 120 115 121 116 121 122 63 70 65 64 68 62 61 64 63 68 63 65 66 62 67 68 67 67 63 
5 5 6 5 5 5 5 5 2 2 1 0 1 4 0 3 182 186 182 182 181 177 179 184 179 184 184 178 178 174 178 178 181 178 175 178 176 174 181 211 212 213 213 211 214 213 211 208 208 209 210 211 210 212 222 216 218 221 223 218 221 219 219 219 218 220 218 217 219 214 221 223 121 121 123 121 116 122 117 121 122 63 69 65 64 67 61 60 63 62 67 62 64 65 61 66 67 66 66 62 
5 6 5 6 6 6 6 5 3 2 2 1 0 3 1 3 183 187 183 183 183 178 180 186 180 185 185 179 179 175 179 179 182 179 176 179 177 175 182 212 213 214 214 212 215 214 211 209 209 210 211 212 211 213 223 217 219 222 224 219 222 220 220 220 219 221 219 218 220 215 222 224 122 122 125 122 117 123 118 123 124 62 69 64 63 67 61 60 63 62 66 61 63 64 60 65 66 65 65 61 
4 7 5 7 9 9 7 3 6 5 5 4 3 0 4 6 185 189 186 186 185 181 183 188 182 188 187 182 182 178 182 182 185 182 179 182 180 178 185 212 213 214 214 212 215 214 211 209 209 210 211 212 211 213 224 218 220 222 224 219 223 220 220 221 219 222 220 219 221 215 222 225 124 125 127 125 120 126 121 125 126 64 70 66 65 69 63 61 65 63 66 61 63 63 60 65 65 65 65 61 
5 5 6 5 5 5 5 5 2 2 1 0 1 4 0 3 181 185 182 182 181 177 179 184 179 184 183 178 178 174 178 178 181 178 175 178 176 174 181 211 212 213 213 211 214 213 211 208 208 209 210 211 210 212 222 216 218 220 223 218 221 219 219 219 218 220 218 217 219 214 221 223 121 121 123 121 116 122 117 121 122 63 69 65 64 67 61 60 63 62 67 62 64 65 61 66 67 66 66 62 
8 8 5 7 5 4 7 8 3 1 4 3 3 6 3 0 182 186 183 183 182 178 180 185 179 185 184 178 178 174 178 178 181 178 175 178 176 174 181 214 214 216 215 214 217 215 213 210 211 212 213 214 213 215 224 218 220 223 225 220 223 221 221 222 220 222 220 219 222 216 223 225 121 121 124 121 117 123 118 122 123 60 66 62 61 64 58 57 60 59 64 59 62 62 58 64 64 63 64 60 
183 178 187 178 177 179 178 184 180 181 181 182 183 185 181 182 0 4 2 1 0 5 6 3 6 6 2 39 39 39 39 35 32 32 40 34 35 39 38 177 177 174 173 171 175 175 176 170 173 167 175 177 172 170 139 138 135 143 144 142 139 139 136 143 142 138 139 139 140 135 137 144 61 61 59 61 66 60 65 60 59 200 209 200 201 206 199 203 202 205 229 227 231 233 226 233 233 229 231 228 
187 182 191 182 181 182 182 188 184 185 185 186 187 189 185 186 4 0 5 3 4 9 10 2 10 8 2 38 38 39 38 34 31 31 39 33 35 38 37 180 180 177 175 174 178 178 179 173 176 170 178 179 175 173 141 140 138 145 146 144 141 141 138 145 144 140 141 141 143 137 139 146 65 65 63 65 70 63 69 64 63 203 212 203 204 209 203 206 205 209 232 230 234 237 229 237 236 232 235 232 
183 179 187 179 178 179 179 184 180 182 181 182 183 186 182 183 2 5 0 3 2 5 5 4 5 4 4 41 41 42 41 37 34 34 42 36 38 41 40 175 175 172 171 169 173 173 174 168 171 165 173 175 170 168 137 136 133 141 142 140 136 136 134 140 139 136 137 137 138 133 135 142 61 61 59 62 67 60 65 61 60 201 210 201 202 207 200 204 203 206 230 227 231 234 227 234 234 229 232 229 
184 179 188 179 178 179 179 185 181 182 181 182 183 186 182 183 1 3 3 0 1 6 8 2 8 7 1 38 38 38 38 34 31 31 39 33 34 38 37 179 179 176 174 172 176 176 177 172 175 168 177 178 173 172 141 139 137 144 145 143 140 140 137 144 143 140 140 140 142 137 138 145 62 62 59 62 67 60 65 61 60 200 209 200 201 206 200 204 202 206 229 227 231 234 226 234 233 229 232 229 
183 178 187 178 177 178 178 184 180 181 181 181 183 185 181 182 0 4 2 1 0 5 7 3 7 6 2 39 39 39 39 34 32 32 39 34 35 38 38 177 177 175 173 171 175 175 176 170 174 167 175 177 172 170 139 138 136 143 144 142 139 139 136 143 142 139 139 139 141 135 137 144 61 61 59 61 66 59 65 60 59 199 209 200 201 206 199 203 202 205 229 226 230 233 226 233 233 228 231 228 
178 174 182 174 173 174 174 179 176 177 176 177 178 181 177 178 5 9 5 6 5 0 4 8 4 8 7 41 41 41 41 37 34 34 41 36 37 40 40 173 173 171 169 167 171 171 172 166 170 163 171 173 168 167 137 135 133 140 141 139 136 136 133 140 139 136 136 136 138 132 134 141 57 56 55 57 62 55 61 56 55 196 205 197 198 203 196 200 198 202 225 223 227 229 222 229 229 225 228 224 
180 176 184 176 175 176 176 181 178 179 178 179 180 183 179 180 6 10 5 8 7 4 0 8 0 5 8 44 45 44 44 40 37 38 45 39 41 44 44 171 171 168 166 164 169 168 169 164 167 161 169 170 165 164 133 132 129 137 138 136 133 133 130 137 135 132 133 133 134 129 131 138 59 59 57 59 65 58 63 58 57 199 208 199 200 205 199 202 201 205 228 225 229 232 224 232 231 227 230 227 
186 181 190 181 180 181 181 187 183 184 184 184 186 188 184 185 3 2 4 2 3 8 8 0 8 6 1 39 39 40 39 35 32 32 40 34 36 39 38 179 178 176 174 172 176 176 177 172 175 168 177 178 173 171 140 139 136 144 145 143 139 139 137 143 142 139 140 140 141 136 138 145 64 64 62 64 69 62 68 63 62 202 211 203 203 208 202 206 204 208 232 229 233 236 228 236 235 231 234 231 
180 175 184 175 174 176 175 181 177 179 178 179 180 182 179 179 6 10 5 8 7 4 0 8 0 5 8 44 44 44 44 40 37 37 45 39 40 43 44 171 171 168 166 164 169 168 169 164 167 161 169 170 165 164 133 132 130 137 138 136 133 133 130 137 136 132 133 133 134 129 131 138 59 58 57 59 65 57 63 58 57 199 208 199 200 205 198 202 201 204 228 225 229 231 224 231 231 227 230 227 
185 181 189 180 180 181 180 186 182 184 183 184 185 188 184 185 6 8 4 7 6 8 5 6 5 0 7 45 45 46 45 41 38 38 46 40 42 45 44 172 172 170 168 166 170 170 171 165 169 162 170 172 167 165 134 132 130 137 138 136 133 133 130 137 136 133 134 134 135 130 131 138 64 64 62 64 70 62 68 63 62 204 213 204 205 210 203 207 206 209 233 230 234 236 229 237 236 232 235 232 
185 180 189 180 179 181 180 186 182 183 183 184 185 187 183 184 2 2 4 1 2 7 8 1 8 7 0 38 39 39 38 34 31 31 39 33 35 38 37 179 179 176 174 172 177 176 177 172 175 169 177 178 173 172 140 139 137 144 145 143 140 140 137 144 143 140 140 140 142 136 138 145 63 63 61 63 68 62 67 62 61 201 210 202 203 208 201 205 203 207 231 228 232 235 228 235 235 230 233 230 
180 175 182 175 173 174 175 181 176 177 177 178 179 182 178 178 39 38 41 38 39 41 44 39 44 45 38 0 1 4 0 4 8 7 3 5 4 4 3 212 212 210 208 206 210 210 210 205 208 202 210 211 207 206 177 176 173 180 182 179 177 176 174 180 179 176 177 177 178 173 175 182 64 64 59 62 64 62 65 64 62 183 192 183 185 189 183 188 185 190 215 214 218 221 213 220 220 215 219 216 
181 176 183 176 174 174 176 182 177 178 178 178 179 182 178 178 39 38 41 38 39 41 45 39 44 45 39 1 0 4 0 5 8 7 3 5 4 4 3 212 212 210 208 206 211 210 211 205 209 203 210 212 207 206 178 176 174 181 182 180 177 177 174 181 179 176 177 177 178 173 175 182 65 65 60 62 65 63 65 64 63 184 192 184 185 190 184 188 186 190 216 214 218 221 214 221 220 215 219 216 
176 172 179 172 169 170 172 177 172 174 173 174 175 178 174 174 39 39 42 38 39 41 44 40 44 46 39 4 4 0 4 6 10 8 1 7 4 1 7 211 211 208 207 205 209 209 209 204 207 201 209 210 205 204 177 175 173 180 181 179 176 176 173 179 178 176 176 176 177 172 174 181 61 61 56 58 61 59 61 60 59 180 188 180 181 186 180 184 182 186 212 210 214 217 210 217 216 211 215 212 
180 176 183 175 173 174 175 181 176 177 177 178 179 182 178 178 39 38 41 38 39 41 44 39 44 45 38 0 0 4 0 4 8 7 3 5 4 4 3 212 212 210 208 206 210 210 210 205 208 202 210 211 207 206 177 175 173 180 182 179 177 176 174 180 179 176 177 177 178 173 175 182 64 65 59 62 65 62 65 64 62 183 192 184 185 189 184 188 186 190 216 214 218 221 213 221 220 215 219 216 
180 176 183 176 174 175 176 182 177 178 178 178 179 182 178 178 35 34 37 34 34 37 40 35 40 41 34 4 5 6 4 0 4 3 6 1 2 6 4 208 208 206 204 202 206 206 207 201 204 198 206 208 203 202 173 171 169 176 178 175 172 172 170 176 175 172 173 173 174 169 171 177 63 63 58 61 64 61 64 62 61 185 194 185 186 191 185 190 187 191 217 215 220 223 215 222 222 217 220 217 
183 178 185 178 176 177 178 184 179 180 180 181 182 185 181 181 32 31 34 31 32 34 37 32 37 38 31 8 8 10 8 4 0 2 10 3 6 10 6 207 206 204 202 200 205 204 205 200 203 197 205 206 201 200 171 169 167 174 175 173 170 170 167 174 173 170 170 170 172 166 168 175 64 65 60 62 66 63 66 64 62 188 197 189 190 195 189 193 191 195 220 218 223 226 218 225 225 220 223 220 
180 176 183 176 174 175 176 181 177 178 178 178 179 182 178 178 32 31 34 31 32 34 38 32 37 38 31 7 7 8 7 3 2 0 8 2 4 8 7 206 206 203 202 200 204 204 204 199 202 196 204 205 201 199 171 169 167 174 175 173 170 170 167 174 173 169 170 170 171 166 168 175 62 62 58 60 63 60 64 62 60 186 195 186 187 192 186 190 188 192 218 216 220 223 215 223 222 217 221 218 
178 173 180 173 171 171 173 179 174 175 174 175 176 179 175 175 40 39 42 39 39 41 45 40 45 46 39 3 3 1 3 6 10 8 0 6 4 2 6 211 211 209 207 206 210 209 210 205 208 202 210 211 206 205 177 175 173 180 182 179 177 176 174 180 179 176 177 177 178 173 175 182 62 62 57 60 62 60 63 61 60 181 189 181 182 187 181 185 183 187 213 211 215 218 211 218 217 212 216 213 
180 175 183 175 173 174 175 181 176 177 177 178 179 182 178 178 34 33 36 33 34 36 39 34 39 40 33 5 5 7 5 1 3 2 6 0 2 6 5 207 207 205 203 201 205 205 206 200 203 197 205 207 202 201 172 170 168 175 177 174 171 171 169 175 174 171 172 172 173 168 170 177 62 63 58 60 63 60 64 62 60 185 194 185 186 191 185 189 187 191 217 215 219 222 215 222 222 217 220 217 
178 174 181 173 171 172 173 179 174 176 175 176 177 180 176 176 35 35 38 34 35 37 41 36 40 42 35 4 4 4 4 2 6 4 4 2 0 4 6 208 208 206 204 202 206 206 206 201 204 198 206 207 203 202 173 172 169 177 178 175 173 172 170 176 175 172 173 173 174 169 171 178 61 61 56 59 62 59 62 61 59 183 192 183 184 189 183 187 185 189 215 213 217 220 212 220 219 214 218 215 
176 171 179 171 169 170 171 177 172 173 173 174 175 178 174 174 39 38 41 38 38 40 44 39 43 45 38 4 4 1 4 6 10 8 2 6 4 0 7 210 210 208 206 204 208 208 208 203 206 200 208 209 205 203 176 174 172 179 180 178 175 175 172 179 178 175 175 175 177 171 173 180 60 61 55 58 60 58 61 60 58 180 188 180 181 186 180 184 182 186 212 210 214 217 210 217 216 211 215 212 
183 179 186 178 176 177 179 184 179 181 180 181 182 185 181 181 38 37 40 37 38 40 44 38 44 44 37 3 3 7 3 4 6 7 6 5 6 7 0 213 213 210 208 206 211 210 211 206 209 203 211 212 207 206 177 175 173 180 182 179 176 176 174 180 179 176 177 177 178 173 175 182 67 67 62 65 67 65 68 66 65 187 195 187 188 193 187 191 189 193 219 217 221 224 217 224 224 218 222 219 
208 206 216 207 210 213 206 209 211 213 210 211 212 212 211 214 177 180 175 179 177 173 171 179 171 172 179 212 212 211 212 208 207 206 211 207 208 210 213 0 1 5 7 8 6 4 2 7 4 11 2 1 6 9 55 51 55 49 50 48 55 52 55 48 48 54 51 50 51 52 56 51 171 170 176 175 179 172 175 171 172 267 276 269 269 274 266 267 269 269 278 273 275 275 272 277 277 277 277 273 
209 207 217 207 210 213 207 210 212 213 211 212 213 213 212 214 177 180 175 179 177 173 171 178 171 172 179 212 212 211 212 208 206 206 211 207 208 210 213 1 0 4 6 8 5 4 2 7 4 11 2 1 6 9 54 50 55 49 49 47 54 52 55 48 47 53 50 50 50 52 56 50 171 170 176 175 179 172 176 171 172 268 276 270 269 274 267 268 270 270 279 274 276 276 272 278 278 278 278 274 
210 208 218 208 211 214 208 211 213 214 212 213 214 214 213 216 174 177 172 176 175 171 168 176 168 170 176 210 210 208 210 206 204 203 209 205 206 208 210 5 4 0 2 4 2 1 4 5 5 8 4 4 3 5 50 46 51 45 45 43 50 48 51 44 43 49 46 46 46 48 52 46 170 169 175 174 178 171 174 170 171 269 277 270 270 275 267 268 270 271 280 275 277 277 273 279 279 279 279 275 
210 208 218 208 211 214 208 211 212 214 212 213 214 214 213 215 173 175 171 174 173 169 166 174 166 168 174 208 208 207 208 204 202 202 207 203 204 206 208 7 6 2 0 2 2 3 6 5 6 6 6 6 3 2 48 44 49 42 43 41 48 46 49 41 41 47 44 43 44 45 49 44 168 168 173 172 176 169 173 168 169 268 277 270 270 274 267 268 270 270 280 275 277 277 273 279 279 279 279 275 
209 207 217 207 210 213 207 210 211 213 210 211 212 212 211 214 171 174 169 172 171 167 164 172 164 166 172 206 206 205 206 202 200 200 206 201 202 204 206 8 8 4 2 0 4 4 6 4 6 4 6 7 2 1 46 43 47 41 42 40 46 44 47 40 40 46 43 42 43 44 48 42 166 166 171 170 175 168 171 166 167 267 275 268 268 273 266 267 268 269 278 273 276 276 272 278 278 278 277 274 
212 210 220 210 213 216 210 212 214 216 214 214 215 215 214 217 175 178 173 176 175 171 169 176 169 170 177 210 211 209 210 206 205 204 210 205 206 208 211 6 5 2 2 4 0 2 5 7 7 8 6 6 4 5 49 46 50 44 44 42 49 47 50 43 43 48 46 45 46 47 51 45 171 170 176 175 179 172 175 171 172 270 279 272 272 276 269 270 272 272 281 276 279 278 275 280 281 281 280 277 
210 208 218 208 211 214 208 211 212 214 212 213 214 214 213 215 175 178 173 176 175 171 168 176 168 170 176 210 210 209 210 206 204 204 209 205 206 208 210 4 4 1 3 4 2 0 3 5 5 8 3 4 3 5 50 47 51 45 46 44 50 48 51 44 44 50 47 46 47 48 52 46 170 169 175 174 178 171 174 170 171 268 277 270 270 275 267 268 270 270 280 275 277 277 273 279 279 279 279 275 
208 206 216 206 209 212 206 209 210 212 210 211 211 211 211 213 176 179 174 177 176 172 169 177 169 171 177 210 211 209 210 207 205 204 210 206 206 208 211 2 2 4 6 6 5 3 0 5 2 10 0 1 5 8 53 49 54 48 48 46 53 51 54 47 46 52 49 49 49 50 55 49 169 169 174 173 177 171 174 169 170 267 275 268 268 273 265 266 268 269 277 272 275 274 271 276 277 277 276 273 
205 203 213 203 206 209 203 206 207 209 207 208 209 209 208 210 170 173 168 172 170 166 164 172 164 165 172 205 205 204 205 201 200 199 205 200 201 203 206 7 7 5 5 4 7 5 5 0 4 5 5 6 2 5 49 45 49 44 44 42 49 46 49 42 42 48 45 44 45 46 50 45 164 164 170 169 172 166 169 164 165 263 272 265 265 269 262 263 265 265 275 270 272 272 268 274 274 274 274 270 
206 203 214 204 207 210 204 206 208 210 207 208 209 209 208 211 173 176 171 175 174 170 167 175 167 169 175 208 209 207 208 204 203 202 208 203 204 206 209 4 4 5 6 6 7 5 2 4 0 8 2 3 4 7 52 48 53 47 48 45 52 50 53 46 45 51 48 48 49 49 54 48 167 166 172 171 175 168 172 167 168 264 273 266 266 270 263 264 266 266 275 270 272 272 269 274 275 274 274 271 
206 204 214 205 208 210 204 207 209 210 208 209 210 210 209 212 167 170 165 168 167 163 161 168 161 162 169 202 203 201 202 198 197 196 202 197 198 200 203 11 11 8 6 4 8 8 10 5 8 0 9 11 5 3 44 40 44 39 39 37 44 41 45 37 37 43 40 39 40 41 45 40 163 162 168 167 171 164 167 163 164 264 273 266 265 270 263 264 266 266 276 271 273 273 270 275 276 275 275 271 
207 205 215 206 209 212 205 208 210 212 209 210 211 211 210 213 175 178 173 177 175 171 169 177 169 170 177 210 210 209 210 206 205 204 210 205 206 208 211 2 2 4 6 6 6 3 0 5 2 9 0 1 4 8 53 49 54 48 48 46 53 51 54 47 46 52 49 48 49 50 55 49 169 168 174 173 177 170 174 169 170 266 275 268 268 272 265 266 268 268 277 272 274 274 271 276 276 276 276 272 
208 206 216 206 210 212 206 209 211 212 210 211 212 212 211 214 177 179 175 178 177 173 170 178 170 172 178 211 212 210 211 208 206 205 211 207 207 209 212 1 1 4 6 7 6 4 1 6 3 11 1 0 6 8 54 50 55 49 49 47 54 52 55 47 47 53 50 49 50 51 56 50 170 170 175 174 178 172 175 170 171 267 276 269 269 273 266 267 269 269 278 273 275 275 272 277 277 277 277 273 
207 205 215 206 209 212 205 208 210 212 209 210 211 211 210 213 172 175 170 173 172 168 165 173 165 167 173 207 207 205 207 203 201 201 206 202 203 205 207 6 6 3 3 2 4 3 5 2 4 5 4 6 0 3 48 44 49 43 44 42 48 46 49 42 42 48 45 44 45 46 50 45 167 166 172 171 175 168 171 166 167 266 274 267 267 272 265 266 267 268 277 272 274 274 271 276 277 276 276 273 
209 207 217 207 210 213 207 210 212 213 211 212 213 213 212 215 170 173 168 172 170 167 164 171 164 165 172 206 206 204 206 202 200 199 205 201 202 203 206 9 9 5 2 1 5 5 8 5 7 3 8 8 3 0 45 42 46 40 41 39 45 43 46 39 39 45 42 41 42 43 47 41 166 166 171 170 174 167 171 166 167 267 276 269 268 273 266 267 269 269 279 274 276 276 273 278 278 278 278 274 
220 217 227 217 219 222 217 221 221 223 221 222 223 224 222 224 139 141 137 141 139 137 133 140 133 134 140 177 178 177 177 173 171 171 177 172 173 176 177 55 54 50 48 46 49 50 53 49 52 44 53 54 48 45 0 6 4 5 5 7 1 3 4 6 7 2 5 6 4 8 2 5 150 150 154 154 159 151 156 150 151 271 280 272 272 277 270 271 272 274 287 283 286 286 282 288 288 287 287 284 
214 211 222 211 214 216 211 215 215 217 215 216 217 218 216 218 138 140 136 139 138 135 132 139 132 132 139 176 176 175 175 171 169 169 175 170 172 174 175 51 50 46 44 43 46 47 49 45 48 40 49 50 44 42 6 0 5 5 7 4 6 3 5 5 4 4 2 1 4 3 7 8 147 146 151 150 155 147 152 146 147 265 274 266 267 272 264 266 267 268 282 277 280 280 276 282 282 281 281 278 
216 213 224 213 216 218 213 217 217 219 217 218 219 220 218 220 135 138 133 137 136 133 129 136 130 130 137 173 174 173 173 169 167 167 173 168 169 172 173 55 55 51 49 47 50 51 54 49 53 44 54 55 49 46 4 5 0 8 9 8 4 3 1 8 8 3 4 5 5 5 3 8 146 145 150 150 155 147 151 146 146 266 276 268 268 273 266 267 268 270 283 279 282 282 278 284 284 283 283 280 
219 216 226 216 218 221 216 220 220 222 220 221 222 222 220 223 143 145 141 144 143 140 137 144 137 137 144 180 181 180 180 176 174 174 180 175 177 179 180 49 49 45 42 41 44 45 48 44 47 39 48 49 43 40 5 5 8 0 2 3 5 4 7 1 3 5 4 4 2 8 7 3 152 151 156 156 161 153 157 152 152 270 279 271 272 277 269 271 272 273 286 282 285 285 281 287 287 286 286 283 
221 218 228 218 220 223 218 222 222 224 222 223 224 224 223 225 144 146 142 145 144 141 138 145 138 138 145 182 182 181 182 178 175 175 182 177 178 180 182 50 49 45 43 42 44 46 48 44 48 39 48 49 44 41 5 7 9 2 0 5 6 6 8 4 5 6 6 6 4 10 8 1 154 153 158 158 163 155 159 154 154 272 281 274 274 279 271 273 274 275 289 284 287 287 283 289 289 288 288 285 
216 213 223 213 215 218 213 217 217 219 217 218 219 219 218 220 142 144 140 143 142 139 136 143 136 136 143 179 180 179 179 175 173 173 179 174 175 178 179 48 47 43 41 40 42 44 46 42 45 37 46 47 42 39 7 4 8 3 5 0 7 5 8 1 0 6 3 3 3 7 9 5 150 149 154 154 159 151 155 150 151 267 277 269 269 274 267 268 269 271 284 279 282 282 278 284 284 283 283 280 
219 216 227 217 219 221 216 220 221 222 220 221 222 223 221 223 139 141 136 140 139 136 133 139 133 133 140 177 177 176 177 172 170 170 177 171 173 175 176 55 54 50 48 46 49 50 53 49 52 44 53 54 48 45 1 6 4 5 6 7 0 3 3 6 7 1 4 5 4 8 2 5 150 149 154 153 159 150 155 149 150 270 279 271 271 276 269 271 272 273 287 282 285 286 281 287 287 286 287 283 
217 214 224 214 216 219 214 218 218 220 218 219 220 220 219 221 139 141 136 140 139 136 133 139 133 133 140 176 177 176 176 172 170 170 176 171 172 175 176 52 52 48 46 44 47 48 51 46 50 41 51 52 46 43 3 3 3 4 6 5 3 0 3 5 4 2 1 2 2 5 4 6 148 148 152 152 157 149 154 148 149 268 277 269 269 274 267 268 269 271 284 280 283 283 279 285 285 284 284 281 
217 214 224 214 216 219 214 218 218 220 218 219 220 220 219 221 136 138 134 137 136 133 130 137 130 130 137 174 174 173 174 170 167 167 174 169 170 172 174 55 55 51 49 47 50 51 54 49 53 45 54 55 49 46 4 5 1 7 8 8 3 3 0 8 8 2 4 5 5 5 2 8 147 146 151 150 156 147 152 146 147 267 276 268 269 274 266 268 269 270 284 280 282 283 278 285 285 283 284 280 
217 214 225 215 217 220 214 218 219 220 218 219 220 221 219 222 143 145 140 144 143 140 137 143 137 137 144 180 181 179 180 176 174 174 180 175 176 179 180 48 48 44 41 40 43 44 47 42 46 37 47 47 42 39 6 5 8 1 4 1 6 5 8 0 2 6 4 4 3 8 8 4 151 151 155 155 160 152 157 151 152 269 278 270 270 275 268 270 271 272 285 281 283 284 279 285 286 284 285 281 
216 213 223 213 215 218 213 217 217 219 217 218 219 219 218 220 142 144 139 143 142 139 135 142 136 136 143 179 179 178 179 175 173 173 179 174 175 178 179 48 47 43 41 40 43 44 46 42 45 37 46 47 42 39 7 4 8 3 5 0 7 4 8 2 0 6 3 3 3 6 8 6 150 149 154 154 159 151 155 150 150 267 276 269 269 274 266 268 269 270 283 279 282 282 278 284 284 283 283 280 
218 215 225 215 217 220 215 219 219 221 219 220 221 222 220 222 138 140 136 140 139 136 132 139 132 133 140 176 176 176 176 172 170 169 176 171 172 175 176 54 53 49 47 46 48 50 52 48 51 43 52 53 48 45 2 4 3 5 6 6 1 2 2 6 6 0 3 4 3 6 3 6 149 148 153 153 158 150 154 149 149 269 278 270 270 275 268 269 270 272 285 281 284 284 280 286 286 285 285 282 
216 213 223 213 215 218 213 217 217 219 217 218 219 220 218 220 139 141 137 140 139 136 133 140 133 134 140 177 177 176 177 173 170 170 177 172 173 175 177 51 50 46 44 43 46 47 49 45 48 40 49 50 45 42 5 2 4 4 6 3 4 1 4 4 3 3 0 1 2 5 5 6 148 148 152 152 157 149 154 148 149 267 276 268 268 274 266 268 269 270 283 279 282 282 278 284 284 283 283 280 
215 212 223 212 215 217 212 216 216 218 216 217 218 219 217 219 139 141 137 140 139 136 133 140 133 134 140 177 177 176 177 173 170 170 177 172 173 175 177 50 50 46 43 42 45 46 49 44 48 39 48 49 44 41 6 1 5 4 6 3 5 2 5 4 3 4 1 0 3 4 6 6 148 147 152 152 157 149 153 148 148 266 275 268 268 273 265 267 268 269 283 278 281 281 277 283 283 282 283 279 
218 215 225 215 217 220 215 218 219 221 218 219 220 221 219 222 140 143 138 142 141 138 134 141 134 135 142 178 178 177 178 174 172 171 178 173 174 177 178 51 50 46 44 43 46 47 49 45 49 40 49 50 45 42 4 4 5 2 4 3 4 2 5 3 3 3 2 3 0 6 5 4 150 149 154 154 159 151 155 150 150 269 278 270 270 275 268 270 270 272 285 281 283 284 279 285 286 284 285 281 
212 209 219 209 211 214 209 213 213 215 213 214 215 215 214 216 135 137 133 137 135 132 129 136 129 130 136 173 173 172 173 169 166 166 173 168 169 171 173 52 52 48 45 44 47 48 50 46 49 41 50 51 46 43 8 3 5 8 10 7 8 5 5 8 6 6 5 4 6 0 7 10 144 143 148 148 153 145 149 144 144 263 272 264 264 269 262 263 264 266 279 275 278 278 274 280 280 279 279 276 
219 216 226 216 218 221 216 220 220 222 220 221 222 222 221 223 137 139 135 138 137 134 131 138 131 131 138 175 175 174 175 171 168 168 175 170 171 173 175 56 56 52 49 48 51 52 55 50 54 45 55 56 50 47 2 7 3 7 8 9 2 4 2 8 8 3 5 6 5 7 0 7 148 148 152 152 157 149 154 148 149 269 278 270 270 276 268 270 271 272 286 282 284 285 280 287 287 285 286 282 
221 218 229 218 221 223 218 222 223 224 222 223 224 225 223 225 144 146 142 145 144 141 138 145 138 138 145 182 182 181 182 177 175 175 182 177 178 180 182 51 50 46 44 42 45 46 49 45 48 40 49 50 45 41 5 8 8 3 1 5 5 6 8 4 6 6 6 6 4 10 7 0 154 153 158 158 163 155 159 154 154 273 282 274 274 279 272 273 274 276 289 284 287 288 283 289 289 288 289 285 
122 117 126 117 116 118 117 123 119 121 120 121 122 124 121 121 61 65 61 62 61 57 59 64 59 64 63 64 65 61 64 63 64 62 62 62 61 60 67 171 171 170 168 166 171 170 169 164 167 163 169 170 167 166 150 147 146 152 154 150 150 148 147 151 150 149 148 148 150 144 148 154 0 1 6 4 9 2 6 1 2 142 151 143 143 149 142 145 144 147 170 167 171 173 166 173 173 169 172 169 
122 118 126 117 116 118 117 123 119 121 120 121 122 125 121 121 61 65 61 62 61 56 59 64 58 64 63 64 65 61 65 63 65 62 62 63 61 61 67 170 170 169 168 166 170 169 169 164 166 162 168 170 166 166 150 146 145 151 153 149 149 148 146 151 149 148 148 147 149 143 148 153 1 0 6 5 10 2 6 1 2 142 152 143 144 149 142 145 145 148 170 167 171 173 166 174 173 169 172 169 
125 120 129 120 119 120 120 126 122 123 123 123 125 127 123 124 59 63 59 59 59 55 57 62 57 62 61 59 60 56 59 58 60 58 57 58 56 55 62 176 176 175 173 171 176 175 174 170 172 168 174 175 172 171 154 151 150 156 158 154 154 152 151 155 154 153 152 152 154 148 152 158 6 6 0 3 8 4 6 5 4 142 152 143 144 149 142 146 145 148 171 168 172 174 167 175 174 170 173 170 
123 118 126 118 117 118 118 124 120 121 120 121 122 125 121 121 61 65 62 62 61 57 59 64 59 64 63 62 62 58 62 61 62 60 60 60 59 58 65 175 175 174 172 170 175 174 173 169 171 167 173 174 171 170 154 150 150 156 158 154 153 152 150 155 154 153 152 152 154 148 152 158 4 5 3 0 6 3 4 4 3 141 150 141 142 147 140 144 143 146 169 166 170 172 165 172 172 168 171 168 
118 113 121 113 112 113 113 119 115 116 115 116 117 120 116 117 66 70 67 67 66 62 65 69 65 70 68 64 65 61 65 64 66 63 62 63 62 60 67 179 179 178 176 175 179 178 177 172 175 171 177 178 175 174 159 155 155 161 163 159 159 157 156 160 159 158 157 157 159 153 157 163 9 10 8 6 0 9 4 9 9 135 144 135 136 141 134 138 137 140 163 160 164 167 160 167 167 162 165 162 
124 119 127 119 118 119 119 125 121 122 121 122 123 126 122 123 60 63 60 60 59 55 58 62 57 62 62 62 63 59 62 61 63 60 60 60 59 58 65 172 172 171 169 168 172 171 171 166 168 164 170 172 168 167 151 147 147 153 155 151 150 149 147 152 151 150 149 149 151 145 149 155 2 2 4 3 9 0 6 1 0 143 152 143 144 149 142 146 145 148 171 168 172 174 167 174 174 170 173 170 
119 114 122 114 113 114 114 120 116 117 116 117 118 121 117 118 65 69 65 65 65 61 63 68 63 68 67 65 65 61 65 64 66 64 63 64 62 61 68 175 176 174 173 171 175 174 174 169 172 167 174 175 171 171 156 152 151 157 159 155 155 154 152 157 155 154 154 153 155 149 154 159 6 6 6 4 4 6 0 6 6 137 146 138 138 144 137 140 139 142 165 162 166 169 161 169 168 164 167 164 
123 118 127 118 117 118 118 124 120 121 121 121 123 125 121 122 60 64 61 61 60 56 58 63 58 63 62 64 64 60 64 62 64 62 61 62 61 60 66 171 171 170 168 166 171 170 169 164 167 163 169 170 166 166 150 146 146 152 154 150 149 148 146 151 150 149 148 148 150 144 148 154 1 1 5 4 9 1 6 0 1 143 152 143 144 149 142 146 145 148 170 168 172 174 167 174 174 170 173 169 
124 119 128 119 118 119 119 125 121 122 122 122 124 126 122 123 59 63 60 60 59 55 57 62 57 62 61 62 63 59 62 61 62 60 60 60 59 58 65 172 172 171 169 167 172 171 170 165 168 164 170 171 167 167 151 147 146 152 154 151 150 149 147 152 150 149 149 148 150 144 149 154 2 2 4 3 9 0 6 1 0 143 153 144 145 150 143 146 145 149 171 168 172 175 167 175 174 170 173 170 
67 67 60 66 62 59 67 67 62 61 63 63 62 64 63 60 200 203 201 200 199 196 199 202 199 204 201 183 184 180 183 185 188 186 181 185 183 180 187 267 268 269 268 267 270 268 267 263 264 264 266 267 266 267 271 265 266 270 272 267 270 268 267 269 267 269 267 266 269 263 269 273 142 142 142 141 135 143 137 143 143 0 9 2 1 7 2 6 2 7 35 35 39 43 35 41 41 35 39 38 
73 73 66 73 69 66 73 73 69 67 70 69 69 70 69 66 209 212 210 209 209 205 208 211 208 213 210 192 192 188 192 194 197 195 189 194 192 188 195 276 276 277 277 275 279 277 275 272 273 273 275 276 274 276 280 274 276 279 281 277 279 277 276 278 276 278 276 275 278 272 278 282 151 152 152 150 144 152 146 152 153 9 0 9 8 3 10 9 7 7 29 31 35 39 31 37 36 29 34 33 
69 69 62 68 64 61 68 69 64 63 65 65 64 66 65 62 200 203 201 200 200 197 199 203 199 204 202 183 184 180 184 185 189 186 181 185 183 180 187 269 270 270 270 268 272 270 268 265 266 266 268 269 267 269 272 266 268 271 274 269 271 269 268 270 269 270 268 268 270 264 270 274 143 143 143 141 135 143 138 143 144 2 9 0 2 6 4 7 3 8 35 36 40 44 36 42 42 35 40 39 
68 68 61 67 63 60 68 68 63 62 64 64 63 65 64 61 201 204 202 201 201 198 200 203 200 205 203 185 185 181 185 186 190 187 182 186 184 181 188 269 269 270 270 268 272 270 268 265 266 265 268 269 267 268 272 267 268 272 274 269 271 269 269 270 269 270 268 268 270 264 270 274 143 144 144 142 136 144 138 144 145 1 8 2 0 5 3 6 1 6 34 35 39 43 35 41 40 34 38 37 
72 72 64 71 67 64 71 71 67 66 68 67 67 69 67 64 206 209 207 206 206 203 205 208 205 210 208 189 190 186 189 191 195 192 187 191 189 186 193 274 274 275 274 273 276 275 273 269 270 270 272 273 272 273 277 272 273 277 279 274 276 274 274 275 274 275 274 273 275 269 276 279 149 149 149 147 141 149 144 149 150 7 3 6 5 0 7 7 5 6 31 32 36 40 33 38 37 31 36 35 
66 65 58 65 60 58 65 65 60 59 62 61 61 63 61 58 199 203 200 200 199 196 199 202 198 203 201 183 184 180 184 185 189 186 181 185 183 180 187 266 267 267 267 266 269 267 265 262 263 263 265 266 265 266 270 264 266 269 271 267 269 267 266 268 266 268 266 265 268 262 268 272 142 142 142 140 134 142 137 142 143 2 10 4 3 7 0 5 3 6 34 34 38 42 34 40 40 34 38 36 
65 65 57 64 60 57 64 64 60 59 61 60 60 61 60 57 203 206 204 204 203 200 202 206 202 207 205 188 188 184 188 190 193 190 185 189 187 184 191 267 268 268 268 267 270 268 266 263 264 264 266 267 266 267 271 266 267 271 273 268 271 268 268 270 268 269 268 267 270 263 270 273 145 145 146 144 138 146 140 146 146 6 9 7 6 7 5 0 4 2 29 30 34 38 30 36 35 29 34 32 
68 68 60 67 63 60 67 68 63 62 64 63 63 65 63 60 202 205 203 202 202 198 201 204 201 206 203 185 186 182 186 187 191 188 183 187 185 182 189 269 270 270 270 268 272 270 268 265 266 266 268 269 267 269 272 267 268 272 274 269 272 269 269 271 269 270 269 268 270 264 271 274 144 145 145 143 137 145 139 145 145 2 7 3 1 5 3 4 0 5 33 33 37 42 33 40 39 33 37 36 
66 67 59 66 62 59 66 66 62 60 63 62 62 63 62 59 205 209 206 206 205 202 205 208 204 209 207 190 190 186 190 191 195 192 187 191 189 186 193 269 270 271 270 269 272 270 269 265 266 266 268 269 268 269 274 268 270 273 275 271 273 271 270 272 270 272 270 269 272 266 272 276 147 148 148 146 140 148 142 148 149 7 7 8 6 6 6 2 5 0 28 29 32 37 29 35 34 28 32 31 
70 72 62 71 68 66 72 69 67 65 68 67 66 66 67 64 229 232 230 229 229 225 228 232 228 233 231 215 216 212 216 217 220 218 213 217 215 212 219 278 279 280 280 278 281 280 277 275 275 276 277 278 277 279 287 282 283 286 289 284 287 284 284 285 283 285 283 283 285 279 286 289 170 170 171 169 163 171 165 170 171 35 29 35 34 31 34 29 33 28 0 6 7 11 7 8 7 1 5 7 
65 67 57 66 64 61 67 64 62 61 63 62 61 61 62 59 227 230 227 227 226 223 225 229 225 230 228 214 214 210 214 215 218 216 211 215 213 210 217 273 274 275 275 273 276 275 272 270 270 271 272 273 272 274 283 277 279 282 284 279 282 280 280 281 279 281 279 278 281 275 282 284 167 167 168 166 160 168 162 168 168 35 31 36 35 32 34 30 33 29 6 0 4 8 1 7 6 5 5 2 
67 69 59 69 66 64 69 66 65 63 65 64 63 63 64 62 231 234 231 231 230 227 229 233 229 234 232 218 218 214 218 220 223 220 215 219 217 214 221 275 276 277 277 276 279 277 275 272 272 273 274 275 274 276 286 280 282 285 287 282 285 283 282 283 282 284 282 281 283 278 284 287 171 171 172 170 164 172 166 172 172 39 35 40 39 36 38 34 37 32 7 4 0 4 5 3 2 6 2 2 
67 69 59 69 67 64 69 66 65 63 66 65 64 63 65 62 233 237 234 234 233 229 232 236 231 236 235 221 221 217 221 223 226 223 218 222 220 217 224 275 276 277 277 276 278 277 274 272 272 273 274 275 274 276 286 280 282 285 287 282 286 283 283 284 282 284 282 281 284 278 285 288 173 173 174 172 167 174 169 174 175 43 39 44 43 40 42 38 42 37 11 8 4 0 8 3 4 10 5 6 
63 66 55 65 62 60 65 63 61 59 62 61 60 60 61 58 226 229 227 226 226 222 224 228 224 229 228 213 214 210 213 215 218 215 211 215 212 210 217 272 272 273 273 272 275 273 271 268 269 270 271 272 271 273 282 276 278 281 283 278 281 279 278 279 278 280 278 277 279 274 280 283 166 166 167 165 160 167 161 167 167 35 31 36 35 33 34 30 33 29 7 1 5 8 0 7 7 6 6 3 
69 71 61 71 68 66 71 68 67 65 67 66 65 65 66 64 233 237 234 234 233 229 232 236 231 237 235 220 221 217 221 222 225 223 218 222 220 217 224 277 278 279 279 278 280 279 276 274 274 275 276 277 276 278 288 282 284 287 289 284 287 285 285 285 284 286 284 283 285 280 287 289 173 174 175 172 167 174 169 174 175 41 37 42 41 38 40 36 40 35 8 7 3 3 7 0 1 7 2 5 
69 72 61 71 69 66 71 68 67 65 68 67 66 65 67 64 233 236 234 233 233 229 231 235 231 236 235 220 220 216 220 222 225 222 217 222 219 216 224 277 278 279 279 278 281 279 277 274 275 276 276 277 277 278 288 282 284 287 289 284 287 285 285 286 284 286 284 283 286 280 287 289 173 173 174 172 167 174 168 174 174 41 36 42 40 37 40 35 39 34 7 6 2 4 7 1 0 7 2 5 
69 71 61 71 68 65 71 68 66 65 67 66 65 65 66 63 229 232 229 229 228 225 227 231 227 232 230 215 215 211 215 217 220 217 212 217 214 211 218 277 278 279 279 278 281 279 277 274 274 275 276 277 276 278 287 281 283 286 288 283 286 284 283 284 283 285 283 282 284 279 285 288 169 169 170 168 162 170 164 170 170 35 29 35 34 31 34 29 33 28 1 5 6 10 6 7 7 0 5 6 
69 71 61 71 68 65 71 68 66 65 67 66 65 65 66 64 231 235 232 232 231 228 230 234 230 235 233 219 219 215 219 220 223 221 216 220 218 215 222 277 278 279 279 277 280 279 276 274 274 275 276 277 276 278 287 281 283 286 288 283 287 284 284 285 283 285 283 283 285 279 286 289 172 172 173 171 165 173 167 173 173 39 34 40 38 36 38 34 37 32 5 5 2 5 6 2 2 5 0 4 
65 67 57 67 64 62 67 64 63 61 63 62 61 61 62 60 228 232 229 229 228 224 227 231 227 232 230 216 216 212 216 217 220 218 213 217 215 212 219 273 274 275 275 274 277 275 273 270 271 271 272 273 273 274 284 278 280 283 285 280 283 281 280 281 280 282 280 279 281 276 282 285 169 169 170 168 162 170 164 169 170 38 33 39 37 35 36 32 36 31 7 2 2 6 3 5 5 6 4 0 
0 1 0 0 0 0 0 0 0 0 0 1 0 57 0 0 17 1 122 0 0 0 0 0 0 3 0 0 0 0 1 0 72 0 0 0 52 0 0 1 0 0 0 4 0 3 1 0 0 2 0 0 0 0 1 0 5 1 1 32 16 0 1 0 0 0 0 0 0 0 0 0 0 0 0 0 0 0 0 1 0 0 0 1 0 1 0 0 13 16 0 0 0 0 0 0 0 0 0 0 
35 0 0 0 0 0 1 0 1 0 0 1 0 1 0 0 1 67 12 1 0 0 0 0 0 1 0 12 1 0 64 0 7 17 0 0 72 1 0 22 0 0 0 1 0 19 1 0 0 50 0 0 0 0 1 0 13 10 19 1 0 0 1 0 6 0 0 0 0 1 1 0 0 47 0 1 6 0 1 1 0 0 1 38 0 55 0 0 0 1 0 88 0 1 5 0 1 1 0 0 
0 0 0 0 0 0 0 0 0 0 0 0 0 0 0 0 0 1 0 0 0 1 0 2 0 0 1 0 0 1 21 1 1 0 126 0 0 41 0 29 0 0 0 18 0 7 1 0 0 1 4 0 82 0 1 0 1 0 0 0 1 0 1 0 12 0 0 66 0 0 0 0 6 0 0 0 0 1 0 0 0 1 0 0 40 0 1 1 87 2 1 0 1 64 0 0 0 0 0 19 
0 0 0 0 1 0 0 1 0 0 1 0 0 0 0 0 0 0 0 0 1 0 0 0 20 0 0 0 0 0 0 0 0 0 0 111 0 0 0 0 49 0 0 0 1 0 0 0 69 0 0 1 0 0 0 0 0 0 0 0 0 0 0 0 0 1 1 0 41 0 0 1 0 0 1 105 0 0 18 0 0 0 0 0 0 0 0 0 0 0 0 1 0 0 0 0 0 0 63 0 
0 0 0 1 0 0 1 1 0 0 1 0 0 0 0 0 0 0 0 0 1 0 0 0 1 0 0 0 0 0 0 0 0 0 0 1 0 1 0 0 1 0 0 0 29 0 0 0 1 0 0 1 0 0 0 0 0 0 0 0 0 0 0 29 1 1 1 0 1 25 0 1 47 0 1 28 1 0 1 0 0 1 0 0 0 0 1 2 0 0 0 1 0 1 0 0 0 0 1 0 
0 0 0 0 0 0 1 0 0 53 0 0 9 0 93 1 0 0 0 0 0 0 1 0 0 0 0 0 0 0 0 0 0 0 0 0 0 0 1 0 0 1 1 0 0 0 0 10 0 0 0 0 0 1 0 1 0 0 0 0 0 1 0 1 0 0 0 0 1 83 0 61 0 2 0 0 0 0 0 0 1 0 0 0 0 0 0 0 0 0 0 0 0 0 14 30 1 0 0 0 
0 1 0 0 1 1 0 0 1 0 1 0 0 0 1 0 0 0 0 0 2 0 0 0 57 24 0 0 1 0 19 0 0 0 0 0 63 13 5 0 49 0 0 0 0 0 0 0 21 0 0 11 0 1 0 2 0 0 0 0 0 0 0 1 15 3 7 0 1 1 1 2 87 0 0 23 2 0 1 3 1 0 31 1 0 70 0 0 0 0 0 107 0 13 22 0 2 11 0 0 
0 0 0 18 1 0 0 0 0 0 114 0 0 0 0 0 0 0 0 0 1 0 0 0 8 0 0 0 0 0 0 0 0 0 0 96 0 0 0 0 1 0 0 0 1 0 0 0 4 0 0 1 0 0 0 0 0 0 0 0 0 0 0 0 0 51 1 0 43 0 0 1 0 0 0 1 0 0 1 0 0 0 0 0 0 0 0 0 0 0 0 3 0 0 0 0 0 0 26 0 
0 3 0 0 0 0 1 0 0 0 1 13 0 0 0 0 17 0 94 1 0 0 0 0 1 1 0 1 1 0 1 0 99 26 0 0 1 1 1 3 1 0 117 0 0 15 15 0 0 29 0 0 0 5 1 1 25 0 20 37 0 0 0 2 95 5 0 0 0 1 1 1 0 1 0 8 8 0 1 99 1 0 23 1 0 1 0 0 0 1 0 2 0 20 1 0 1 1 0 0 
0 0 0 0 0 1 0 0 0 0 0 0 1 0 2 1 0 0 0 0 0 0 1 0 0 0 0 10 0 0 0 0 0 37 0 0 0 0 52 0 0 5 1 0 0 0 0 1 0 0 0 0 0 1 0 1 0 0 0 0 0 1 0 0 0 0 0 0 0 0 0 0 0 1 0 0 0 0 0 0 1 0 0 0 0 0 0 0 0 0 0 0 0 0 0 1 84 0 0 0 
0 0 0 14 1 0 1 1 94 0 0 0 0 0 0 0 0 0 0 0 1 0 0 0 35 0 0 0 0 0 0 0 0 0 0 3 0 62 0 0 1 0 0 0 1 0 0 0 7 0 0 1 0 0 0 0 0 0 0 0 0 0 0 84 1 1 1 0 70 10 0 1 1 0 7 14 26 0 6 0 0 0 0 0 0 0 0 0 0 0 0 1 0 37 0 0 1 0 25 0 
25 1 0 0 0 0 0 0 1 0 0 0 0 10 0 0 63 1 1 17 0 0 0 0 0 1 0 78 52 0 96 0 40 53 0 0 1 0 0 1 0 0 0 2 0 1 1 0 0 2 0 0 0 0 102 0 5 20 1 118 0 0 1 0 1 0 0 0 0 0 8 0 0 0 0 0 28 0 0 1 0 0 1 4 0 1 0 0 0 1 0 0 0 1 1 0 0 37 0 0 
0 0 0 0 0 1 0 0 0 1 0 0 0 0 35 6 0 0 0 0 0 0 1 0 0 0 0 0 0 0 0 0 0 1 0 0 0 0 1 0 0 1 1 0 0 0 0 1 0 0 0 0 0 40 0 1 0 0 0 0 0 1 0 0 0 0 0 0 0 0 0 0 0 1 0 0 0 0 0 0 1 0 0 0 0 0 0 0 0 0 0 0 0 0 0 1 1 0 0 0 
1 2 0 0 0 0 0 0 0 0 0 6 0 0 0 0 1 5 1 1 0 0 0 0 0 1 0 0 0 0 1 0 74 0 0 0 1 0 0 35 0 0 0 1 0 1 1 0 0 1 0 0 0 0 1 0 1 1 1 8 0 0 1 0 0 0 0 0 0 0 0 0 0 0 0 0 0 0 0 85 0 0 40 38 0 1 0 0 0 1 0 0 0 0 0 0 0 0 0 0 
0 0 0 0 0 1 68 0 0 1 0 0 3 0 0 1 0 0 0 0 123 0 93 0 0 0 0 0 0 0 0 0 0 1 0 0 0 0 18 0 5 1 1 0 0 0 0 4 0 0 0 0 0 1 0 7 0 0 0 0 0 1 0 3 0 0 0 0 1 1 12 1 0 1 0 5 0 0 0 0 18 0 0 0 0 0 0 0 0 0 0 0 0 0 1 1 58 0 0 0 
0 0 0 0 0 106 0 0 0 23 0 0 3 0 1 0 0 0 0 1 0 0 57 0 0 0 0 1 1 0 0 0 0 43 0 0 0 0 1 0 0 1 1 0 0 0 0 1 0 0 0 0 0 19 0 72 0 0 0 0 0 1 0 0 0 0 0 0 0 0 21 0 0 86 0 0 0 0 0 0 2 0 0 0 0 0 0 0 0 0 0 0 0 0 2 1 78 1 0 0 
1 1 0 0 0 0 0 0 1 0 0 1 0 1 0 0 0 1 4 1 0 0 0 0 0 1 0 0 1 0 2 0 1 0 0 0 1 0 0 1 0 0 0 1 0 85 1 0 0 32 0 0 0 0 1 0 43 1 1 101 0 0 1 0 0 0 0 0 0 0 5 0 0 0 0 0 1 0 0 1 0 0 59 27 0 1 0 0 0 4 0 0 0 0 0 0 0 24 0 0 
10 1 4 0 0 0 0 0 0 0 0 1 0 88 0 0 61 0 1 0 0 1 0 1 0 1 1 0 0 1 92 1 1 0 1 0 15 116 0 1 0 0 0 1 0 36 49 0 0 3 5 0 1 0 1 0 1 0 0 73 18 0 9 0 4 0 0 2 0 0 0 0 0 0 0 0 0 1 0 1 0 1 0 0 10 0 91 6 12 1 1 0 1 1 0 0 0 0 0 1 
1 1 0 0 0 0 0 0 1 0 0 1 0 1 0 0 9 1 0 27 0 0 0 0 0 1 0 0 52 0 1 0 1 0 0 0 8 0 0 1 0 0 0 1 0 35 55 0 0 1 0 0 0 0 4 0 1 100 114 1 0 0 1 0 0 0 0 0 0 0 1 0 0 0 0 0 1 0 0 90 0 0 51 1 0 31 0 0 0 1 0 0 0 0 40 0 0 1 0 0 
0 106 0 0 0 0 0 0 4 0 0 1 0 99 0 1 61 0 11 0 0 0 0 0 0 1 0 1 1 0 0 0 0 68 0 0 5 0 1 0 0 0 1 0 0 0 0 0 0 0 0 0 0 0 0 0 0 1 1 1 0 0 0 0 0 0 0 0 0 0 1 0 0 1 0 0 0 0 0 1 0 0 3 1 0 116 0 0 0 0 0 0 0 0 1 0 0 1 0 0 
0 0 0 1 1 0 29 2 0 0 1 0 0 0 1 0 0 0 0 0 0 0 0 0 1 0 0 0 0 0 0 0 0 0 0 1 0 1 0 0 1 0 0 0 1 0 0 0 1 0 0 2 0 0 0 1 0 0 0 0 0 0 0 1 0 1 1 0 1 1 0 5 1 0 0 1 1 0 63 0 0 0 0 0 0 0 0 0 0 0 0 1 0 1 0 0 1 0 1 0 
0 0 1 0 0 0 0 0 0 0 0 0 0 0 0 0 0 1 0 0 0 0 0 1 0 0 1 0 0 35 0 1 0 0 6 0 0 0 0 0 0 0 0 0 0 0 0 0 0 0 2 0 35 0 0 0 0 0 0 0 1 0 0 0 0 0 0 1 0 0 0 0 0 0 0 0 0 1 0 0 0 1 0 0 1 0 43 2 1 0 18 0 23 0 0 0 0 0 0 22 
0 0 0 0 0 1 0 0 0 113 0 0 26 0 1 1 0 0 0 0 0 0 0 0 0 0 0 1 0 0 0 0 0 1 0 0 0 0 31 0 0 98 8 0 0 0 0 1 0 0 0 0 0 1 0 1 0 0 0 0 0 1 0 0 0 0 0 0 0 0 0 0 0 1 0 0 0 0 0 0 29 0 0 0 0 0 0 0 0 0 0 0 0 0 0 1 1 0 0 0 
0 0 2 0 0 0 0 0 0 0 0 0 0 0 0 0 0 1 0 0 0 3 0 0 0 0 1 0 0 4 33 1 14 0 1 0 0 2 0 1 0 0 0 1 0 1 1 0 0 1 1 0 1 0 1 0 1 0 0 0 70 0 26 0 1 0 0 29 0 0 0 0 0 0 0 0 0 125 0 0 0 123 0 0 12 0 1 1 1 1 1 0 1 1 0 0 0 0 0 1 
0 0 0 1 14 0 1 1 1 0 1 0 0 0 0 0 0 0 0 0 106 0 0 0 0 0 0 0 0 0 1 0 0 0 0 1 0 1 0 0 16 0 0 0 1 0 0 0 62 0 0 3 0 0 0 0 0 0 0 0 0 0 0 2 66 1 1 0 1 70 0 62 61 0 1 44 1 0 1 0 0 0 0 0 0 0 0 2 0 0 0 42 0 2 1 0 1 0 1 0 
18 30 0 0 0 0 1 0 1 0 0 3 0 1 0 0 1 5 29 79 0 0 0 0 0 0 0 1 108 0 1 0 16 93 0 0 1 0 0 1 0 0 0 45 0 1 11 0 0 1 0 0 0 0 1 0 1 80 1 123 0 0 1 0 1 0 0 0 0 1 1 0 0 0 0 0 31 0 0 1 0 0 78 8 0 1 0 0 0 1 0 0 0 1 1 0 0 1 0 0 
0 0 1 0 0 0 0 0 0 0 0 0 0 0 0 0 0 21 0 0 0 68 0 1 0 0 0 0 0 1 1 1 58 0 1 0 0 1 0 1 0 0 0 50 0 1 6 0 0 73 14 0 1 0 1 0 1 0 0 0 1 0 79 0 1 0 0 1 0 0 0 0 0 0 0 0 0 1 0 0 0 1 0 0 1 0 1 1 1 2 1 0 1 1 0 0 0 0 0 17 
0 1 0 0 0 0 0 0 1 1 0 1 0 0 0 79 0 0 0 1 0 0 1 0 0 1 0 0 1 0 0 0 0 31 0 0 1 0 1 0 0 1 1 0 0 0 0 1 0 0 0 0 0 1 0 1 0 0 36 1 0 26 0 0 0 0 0 0 0 0 1 0 0 1 0 0 31 0 0 43 1 0 48 1 0 30 0 0 0 0 0 0 0 0 64 3 1 1 0 0 
0 2 0 0 0 0 55 0 17 0 0 8 0 0 0 28 97 0 19 1 0 0 0 0 0 1 0 1 0 0 1 0 1 5 0 0 1 0 1 0 0 5 1 0 0 2 1 0 0 65 0 0 0 1 0 1 1 0 39 1 0 0 0 1 0 0 0 0 0 1 15 0 0 1 0 0 1 0 0 1 35 0 73 1 0 8 0 0 0 0 0 0 0 63 1 2 1 14 0 0 
0 0 88 0 0 0 0 0 0 0 0 0 0 0 0 0 0 1 0 0 0 1 0 18 0 0 5 0 0 0 0 1 0 0 1 0 0 0 0 0 0 0 0 0 0 0 0 0 0 0 1 0 1 0 0 0 0 0 0 0 1 0 0 0 0 0 0 1 0 0 0 0 0 0 0 0 0 1 0 0 0 1 0 0 15 0 30 1 95 0 1 0 1 0 0 0 0 0 0 1 
5 1 1 0 0 0 1 0 1 0 0 1 0 94 0 0 116 1 1 0 0 0 0 1 93 1 1 0 1 0 0 77 1 0 0 0 99 3 0 114 0 0 0 1 0 1 1 0 0 2 0 75 1 0 1 0 13 0 45 1 7 0 1 0 1 0 0 1 0 0 0 0 13 0 0 9 43 13 1 54 0 15 1 1 0 1 123 1 1 1 0 1 0 1 27 0 0 0 0 1 
0 0 1 0 0 0 0 0 0 0 0 0 0 0 0 0 0 1 0 0 0 1 0 1 0 0 1 0 0 7 61 0 0 0 1 0 0 1 0 0 0 0 0 1 0 1 1 0 0 0 94 0 3 0 1 0 0 0 0 0 8 0 0 0 2 0 0 1 0 0 0 0 1 0 1 0 0 1 0 0 0 6 0 0 4 0 9 1 1 0 16 0 1 1 0 0 0 0 0 1 
1 1 120 0 0 0 0 0 31 0 0 1 0 35 0 0 1 1 1 0 0 0 0 1 0 9 1 0 1 0 13 0 0 0 0 0 1 80 0 1 0 0 0 1 0 2 35 0 0 1 0 0 0 0 1 0 1 16 1 1 4 0 1 0 1 0 0 0 0 0 0 0 0 0 0 0 1 1 0 28 0 0 1 1 0 1 0 0 20 122 0 0 0 1 53 0 0 0 0 0 
0 1 0 0 0 0 0 0 1 1 0 1 8 0 1 1 0 0 0 1 0 0 1 0 0 1 0 1 18 0 0 0 0 0 0 0 126 0 1 0 0 11 1 0 0 0 0 1 0 0 0 0 0 122 0 1 0 0 58 5 0 1 0 0 0 0 0 0 0 69 1 0 0 3 0 0 1 0 0 1 2 0 1 1 0 36 0 0 0 0 0 0 0 0 9 1 1 1 0 0 
0 0 8 0 0 0 0 0 0 0 0 0 0 0 0 0 0 1 0 0 0 1 0 75 0 0 1 0 0 1 0 12 0 0 0 0 0 1 0 0 0 0 0 0 0 0 0 0 0 0 1 0 1 0 2 0 0 0 0 0 60 0 0 0 63 0 0 1 0 0 0 0 0 0 0 0 0 1 0 0 0 21 0 0 112 0 1 7 2 0 1 0 1 0 0 0 0 0 0 1 
0 0 0 1 16 0 0 1 0 0 1 0 0 0 0 0 0 0 0 0 1 0 0 0 1 0 0 0 0 0 0 0 0 0 0 0 0 1 0 0 1 0 0 0 1 0 0 0 6 0 0 1 0 0 0 0 0 0 0 0 0 0 0 0 7 80 1 0 0 0 0 0 2 0 3 1 0 0 3 0 0 1 0 0 0 0 1 89 0 0 0 1 1 14 0 0 0 0 1 6 
1 1 0 0 0 0 1 0 1 0 0 1 0 73 0 0 1 1 1 1 0 0 0 0 0 1 0 1 1 0 1 0 61 50 0 0 0 0 1 1 0 0 1 1 0 52 1 0 0 80 0 0 0 9 1 0 92 0 1 1 0 0 9 0 1 0 0 0 0 1 10 0 0 3 0 1 14 0 20 1 7 0 6 1 0 1 0 0 0 1 0 2 0 1 1 0 1 1 0 0 
0 1 1 0 14 0 1 0 71 0 1 0 0 0 0 0 0 1 0 0 1 0 0 12 1 0 29 0 0 0 1 1 1 0 1 1 0 0 0 0 25 0 0 0 0 55 1 0 0 0 4 1 3 0 3 0 0 0 0 0 0 0 0 0 1 59 4 1 0 0 0 0 1 0 1 51 1 89 1 0 0 1 0 0 0 0 2 1 1 0 1 1 1 1 0 0 0 0 1 10 
0 0 0 0 0 35 4 0 1 81 0 0 1 0 1 1 0 0 0 1 0 0 32 0 0 0 0 13 1 0 0 0 0 1 0 0 115 0 0 0 0 57 8 0 0 0 0 78 0 0 0 0 0 1 0 1 0 0 0 0 0 16 0 24 0 0 0 0 0 1 9 0 0 1 0 0 1 0 0 1 58 0 20 4 0 11 0 0 0 0 0 0 0 0 65 106 1 1 0 0 
1 109 114 0 0 0 0 0 1 0 0 1 0 1 0 0 1 15 9 0 0 0 0 14 0 2 1 0 0 0 32 0 8 0 0 0 1 0 0 0 0 0 0 1 0 101 1 0 0 1 0 0 0 0 1 0 1 21 4 48 17 0 1 0 91 0 0 0 0 0 0 0 0 0 0 0 2 1 0 1 0 0 2 1 0 24 0 0 16 7 0 0 0 2 0 0 0 0 0 0 
0 0 0 20 1 0 1 33 1 0 1 0 0 0 1 0 0 0 0 0 1 0 0 0 1 0 0 0 0 0 0 0 0 0 0 1 0 111 0 0 0 0 0 0 89 0 0 0 1 0 0 2 0 0 0 1 0 0 0 0 0 0 0 1 0 102 1 0 1 1 0 1 1 0 0 4 6 0 1 0 0 0 0 0 0 0 0 0 0 0 0 1 0 29 1 0 1 0 55 0 
0 0 0 0 0 1 0 0 0 24 0 0 1 0 1 1 0 0 0 0 0 0 60 0 0 0 0 1 48 0 0 0 0 1 0 0 0 0 1 0 0 0 1 0 0 0 0 1 0 0 0 0 0 4 0 1 0 0 0 0 0 1 0 0 0 0 0 0 0 0 113 0 0 1 0 0 0 0 0 0 1 0 0 0 0 0 0 0 0 0 0 0 0 0 34 1 36 1 0 0 
0 0 0 0 0 1 0 0 1 1 0 0 1 0 9 19 0 0 0 1 0 0 1 0 0 0 0 24 1 0 0 0 0 1 0 0 1 0 12 0 0 2 0 0 0 0 0 1 0 0 0 0 0 11 0 1 0 0 0 1 0 15 0 0 0 0 0 0 0 1 59 0 0 1 0 0 93 0 0 1 55 0 1 2 0 1 0 0 0 0 0 0 0 0 1 25 1 7 0 0 
1 1 39 0 0 0 0 0 0 0 0 1 0 2 0 0 1 31 1 0 0 0 0 1 0 1 91 0 0 0 1 55 1 0 0 0 23 0 0 1 0 0 0 0 0 27 1 0 0 1 0 0 1 0 1 0 1 1 37 4 1 0 1 0 27 0 0 0 0 0 0 0 0 0 0 0 0 42 0 1 0 0 0 1 0 1 0 0 1 1 0 0 0 51 0 0 0 0 0 0 
0 0 0 1 2 0 0 1 0 0 1 0 0 0 0 0 0 0 0 0 1 0 0 0 1 0 0 0 0 0 0 0 0 0 0 34 0 0 0 0 1 0 0 0 0 0 0 0 1 0 0 1 0 0 0 0 0 0 0 0 0 0 0 0 0 1 1 0 1 0 0 1 0 0 18 16 0 0 1 0 0 0 0 0 0 0 0 0 0 0 0 1 0 0 0 0 0 0 1 0 
38 1 1 0 0 0 0 0 31 0 0 102 0 2 0 0 1 1 6 0 0 0 0 1 0 1 7 0 21 0 1 1 1 0 0 0 1 1 0 79 0 0 0 1 0 0 1 0 0 27 0 0 0 0 1 0 1 7 1 15 1 0 7 0 87 0 0 0 0 0 0 0 0 0 0 0 5 5 0 1 0 0 1 1 0 1 0 16 34 1 0 0 0 52 1 0 0 0 0 0 
21 20 1 0 0 0 0 0 1 0 0 1 0 3 0 0 4 1 3 0 0 0 0 1 0 1 1 0 1 0 20 1 1 0 0 0 69 1 0 1 0 0 0 1 0 1 0 0 0 5 0 0 0 0 1 0 1 1 2 1 9 0 73 0 1 0 0 0 0 0 0 0 0 0 0 0 1 1 0 1 0 0 1 2 0 1 0 0 22 1 0 0 0 1 0 0 0 0 0 0 
0 0 0 0 0 21 0 0 0 1 0 0 88 0 1 22 0 0 0 0 0 0 5 0 0 0 0 1 0 0 0 0 0 14 0 0 0 0 88 0 0 1 26 0 0 0 0 0 0 0 0 0 0 1 0 1 0 0 0 0 0 10 0 1 0 0 0 0 0 1 21 0 0 1 0 0 0 0 0 0 4 0 0 0 0 0 0 0 0 0 0 0 0 0 1 1 1 1 0 0 
0 0 0 4 120 0 22 74 0 0 1 0 0 0 0 0 0 0 0 0 48 0 0 0 1 0 0 0 0 0 0 0 0 0 0 28 0 0 0 0 1 0 0 0 1 0 0 0 0 0 0 12 0 0 0 0 0 0 0 0 0 0 0 1 0 1 1 0 125 1 0 48 1 0 1 1 0 0 1 0 0 0 0 0 0 0 0 0 0 0 0 1 0 0 0 0 0 0 1 0 
1 44 1 0 0 0 0 0 1 0 0 1 0 45 0 0 1 1 55 0 0 0 0 1 0 6 5 0 1 0 1 0 1 0 0 0 1 0 0 1 0 0 0 1 0 4 9 0 0 0 0 0 0 0 3 0 1 1 1 1 1 0 2 0 69 0 0 0 0 0 0 0 0 0 0 0 1 0 0 105 0 0 1 87 0 1 0 0 79 1 0 0 0 0 0 0 0 0 0 0 
0 0 1 0 0 0 0 0 0 0 0 0 0 0 0 0 0 1 0 0 0 1 0 28 0 0 1 0 0 45 0 5 0 0 1 0 0 1 0 0 0 0 0 0 0 0 0 0 0 0 0 0 72 0 0 0 0 0 0 0 37 0 0 0 0 0 0 59 0 0 0 0 0 0 8 0 0 77 0 0 0 1 0 0 1 0 19 35 120 0 14 0 3 0 0 0 0 0 0 43 
0 0 0 15 19 0 78 64 0 0 62 0 0 0 0 0 0 0 0 0 1 0 0 0 1 0 0 0 0 0 1 0 0 0 0 96 0 1 0 0 3 0 0 0 43 0 0 0 1 0 0 0 0 0 0 0 0 0 0 0 0 0 0 0 29 1 1 0 1 4 0 1 20 0 30 75 21 0 1 0 0 110 0 0 0 0 5 1 0 0 0 99 1 15 0 0 0 0 3 1 
0 0 3 0 0 0 0 0 0 0 0 0 0 0 0 0 0 1 0 0 0 4 0 1 0 0 6 0 0 1 1 112 0 0 1 0 0 1 0 0 0 0 0 60 0 0 0 0 0 0 1 0 0 0 40 0 0 0 0 0 15 0 0 0 122 0 0 26 0 0 0 0 0 0 0 0 0 11 0 0 0 1 0 0 1 0 46 1 1 0 6 0 23 0 0 0 0 0 0 1 
0 0 0 0 0 72 1 0 8 1 0 0 6 0 1 1 0 0 0 0 0 0 48 0 0 0 0 1 1 0 0 0 0 1 0 0 1 0 1 0 0 1 99 0 0 0 0 1 0 0 0 0 0 0 0 23 0 0 0 0 0 29 0 5 0 0 0 0 0 6 4 4 0 90 0 0 111 0 0 1 68 0 29 2 0 1 0 0 0 0 0 0 0 0 5 1 1 20 0 0 
12 41 1 0 0 0 0 0 1 0 0 1 0 125 0 0 1 1 1 0 0 0 0 1 0 3 1 0 0 0 108 1 7 0 114 0 8 47 0 1 0 0 0 10 0 1 1 0 0 1 0 0 1 0 0 0 67 0 8 29 1 0 13 0 91 0 0 1 0 0 0 0 0 0 0 0 27 51 0 33 0 0 0 101 30 1 0 5 84 1 0 0 0 1 0 0 0 0 0 1 
0 0 0 0 0 1 1 0 108 5 0 0 2 0 1 31 0 0 0 0 17 0 3 0 0 0 0 1 1 0 0 0 0 2 0 0 0 0 1 0 123 1 2 0 0 0 0 1 0 0 0 0 0 1 0 0 0 0 0 0 0 1 0 1 0 0 0 0 3 1 1 1 0 1 0 1 90 0 0 0 1 0 21 0 0 0 0 0 0 0 0 0 0 0 2 1 2 2 0 0 
1 1 12 0 0 0 0 0 1 0 0 6 0 1 0 0 1 1 70 0 0 0 0 24 0 1 1 0 1 0 9 0 1 0 0 0 1 0 0 1 0 0 0 1 0 1 38 0 0 2 0 0 0 0 1 0 0 1 1 1 1 0 15 0 1 0 0 0 0 0 15 0 0 0 0 0 12 1 0 1 0 0 92 1 0 1 0 0 4 1 0 0 0 9 35 0 0 15 0 0 
2 1 0 0 0 0 0 0 0 0 0 1 0 105 0 0 72 0 1 1 0 0 0 0 0 4 0 0 0 0 0 0 36 0 0 0 0 0 0 7 0 0 0 16 0 1 11 0 0 5 0 0 0 0 0 0 70 0 1 67 0 0 1 0 0 0 0 0 0 0 0 0 0 0 0 0 0 0 0 111 0 0 1 1 0 1 0 0 0 1 0 0 0 0 0 0 0 21 0 0 
1 1 0 0 0 0 0 0 109 0 0 2 0 1 0 0 66 0 1 107 0 0 0 0 0 1 0 1 1 0 89 0 113 5 0 0 1 0 0 3 0 0 0 10 0 1 1 0 0 9 0 0 0 0 35 0 1 43 0 1 0 0 1 0 0 0 0 0 0 0 32 0 0 0 0 0 1 0 0 1 0 0 1 1 0 1 0 0 0 1 0 0 0 0 2 0 0 1 0 0 
1 25 0 0 0 0 0 0 1 0 0 28 0 1 0 0 57 2 1 21 0 0 0 0 0 6 0 1 39 0 24 0 2 1 0 0 75 0 0 2 0 0 100 2 0 1 33 0 0 1 0 0 0 0 1 0 1 116 32 0 0 0 77 0 0 0 0 0 0 0 1 0 0 97 0 0 27 0 0 33 0 0 1 41 0 1 0 0 0 2 0 0 0 1 12 0 0 1 0 0 
1 0 2 0 0 0 0 0 0 0 0 0 0 0 0 0 0 35 0 0 0 120 0 1 0 0 63 0 0 1 1 1 1 0 1 0 0 0 0 1 0 0 0 1 0 88 1 0 0 11 9 0 124 0 2 0 4 0 0 0 0 0 47 0 1 0 0 2 0 0 0 0 0 0 0 0 0 1 0 0 0 1 0 0 1 0 0 1 1 10 1 0 12 0 0 0 0 0 0 1 
0 0 0 0 0 1 0 0 0 3 0 0 1 0 1 5 0 0 0 0 0 0 1 0 0 0 0 1 0 0 0 0 0 1 0 0 0 0 1 0 0 1 87 0 0 0 0 1 0 0 0 0 0 1 0 1 0 0 0 0 0 0 0 1 0 0 0 0 0 0 1 0 0 1 0 0 0 0 0 0 1 0 0 0 0 0 0 0 0 0 0 0 0 0 1 104 1 0 0 0 
1 1 6 0 0 0 0 0 0 0 0 9 0 1 0 0 1 1 2 0 0 0 0 26 0 1 1 0 0 0 1 0 1 0 0 0 42 0 0 16 0 0 0 6 0 1 2 0 0 1 0 0 0 0 34 0 11 1 14 1 87 0 0 0 1 0 0 0 0 0 0 0 0 0 0 0 0 1 0 9 0 0 0 1 0 1 0 0 1 1 0 0 0 0 0 0 0 0 0 0 
0 0 0 0 15 1 1 0 77 0 1 0 0 0 1 0 0 0 0 0 79 0 0 0 11 0 0 0 2 0 0 0 0 0 0 0 0 0 13 0 1 0 0 0 0 0 0 1 1 0 0 0 0 1 0 1 0 0 0 0 0 116 0 0 0 20 33 0 40 1 1 5 0 0 0 1 18 0 1 0 62 0 0 0 0 0 0 0 0 0 0 21 0 0 40 1 1 0 0 0 
0 1 39 0 1 0 2 0 12 0 127 1 0 0 0 0 0 95 0 0 0 0 0 1 3 1 24 0 0 0 21 1 1 0 4 1 5 74 0 105 0 0 0 87 0 1 48 0 0 1 0 1 1 0 1 0 25 0 0 0 1 0 1 0 0 1 0 1 0 0 0 0 1 0 1 2 117 1 1 74 0 1 0 0 0 0 75 20 5 1 1 1 1 30 0 0 0 0 15 1 
0 0 0 1 1 0 11 1 1 0 20 0 0 0 0 0 0 0 0 0 7 0 0 0 46 0 0 0 0 0 0 0 0 0 0 1 0 1 0 0 10 0 0 0 1 0 0 0 24 0 0 73 0 0 0 0 0 0 0 0 0 0 0 1 66 0 1 0 1 1 0 1 1 0 69 31 1 0 6 0 0 0 0 0 0 0 0 1 0 0 0 1 0 18 23 0 27 0 1 0 
0 0 0 1 1 0 1 1 0 0 1 0 0 0 0 0 0 0 0 0 30 0 0 0 15 0 0 0 0 0 0 0 0 0 0 1 0 1 0 0 1 0 0 0 1 0 0 0 1 0 0 9 0 0 0 0 0 0 0 0 0 0 0 1 0 1 0 0 1 0 0 1 70 0 1 1 0 0 1 0 0 0 0 0 0 0 0 0 0 0 0 47 0 0 0 0 0 0 1 0 
0 0 2 0 0 0 0 0 0 0 0 0 0 0 0 0 0 1 0 0 0 1 0 34 0 0 1 0 0 2 40 1 0 0 1 0 0 16 0 0 0 0 0 0 0 0 0 0 0 0 73 0 1 0 2 0 0 0 0 0 19 0 0 0 1 0 0 0 0 0 0 0 120 0 39 0 0 1 0 0 0 4 0 0 9 0 41 1 1 0 120 0 2 4 0 0 0 0 0 1 
0 0 0 1 1 1 1 1 0 0 1 0 0 0 1 0 0 0 0 0 1 0 0 0 1 0 0 0 0 0 0 0 0 0 0 0 0 0 0 0 1 0 0 0 1 0 0 0 1 0 0 1 0 0 0 6 0 0 0 0 0 0 0 11 0 21 31 0 0 15 0 15 0 0 0 1 1 0 2 0 0 0 0 0 0 0 0 0 0 0 0 1 0 0 3 0 1 0 3 0 
0 1 0 0 1 1 1 0 1 0 1 0 0 0 47 0 0 0 0 0 38 0 0 0 75 1 0 0 1 0 0 0 0 3 0 0 1 0 8 0 11 0 15 0 0 0 0 1 6 0 0 119 0 71 0 1 0 0 0 0 0 0 0 54 0 3 0 0 1 0 1 49 0 18 0 1 1 0 44 8 1 0 39 93 0 1 0 0 0 0 0 1 0 1 49 21 41 7 0 0 
0 4 0 0 0 0 10 0 1 0 0 1 0 0 1 1 1 0 103 28 0 0 0 0 0 2 0 35 1 0 0 0 0 9 0 0 3 0 6 0 0 97 2 0 0 0 0 1 0 0 0 0 0 52 0 1 1 0 109 15 0 1 0 23 0 0 0 0 0 6 0 0 0 1 0 0 1 0 0 72 1 0 2 30 0 2 0 0 0 0 0 0 0 0 1 1 68 1 0 0 
0 0 0 16 7 12 108 40 1 0 41 0 0 0 1 0 0 0 0 0 8 0 0 0 1 0 0 0 0 0 0 0 0 0 0 0 0 0 0 0 9 0 0 0 5 0 0 0 1 0 0 1 0 1 0 74 0 0 0 0 0 0 0 1 0 80 1 0 4 1 0 0 0 0 0 1 1 0 1 0 1 0 0 0 0 0 0 0 0 0 0 67 0 0 1 0 1 0 0 0 
0 0 1 0 1 0 50 0 0 0 11 0 0 0 0 0 0 0 0 0 1 0 0 0 1 0 0 0 0 0 24 33 0 0 0 114 0 4 0 0 43 0 0 0 0 0 0 0 47 0 0 1 0 0 0 0 0 0 0 0 0 0 0 0 115 35 1 64 0 0 0 0 0 0 1 1 1 1 92 0 0 1 0 0 0 0 1 81 0 0 3 93 1 31 0 0 0 0 121 14 
0 1 0 0 0 1 0 0 6 3 0 0 1 0 2 1 0 0 0 55 0 0 1 0 0 0 0 38 1 0 0 0 0 1 0 0 1 0 1 0 0 83 1 0 0 0 0 76 0 0 0 0 0 1 0 62 0 0 0 24 0 3 0 0 0 0 0 0 0 1 22 0 0 0 0 0 1 0 0 1 10 0 1 19 0 1 0 0 0 0 0 0 0 0 1 1 15 1 0 0 
0 0 0 95 13 0 0 0 0 0 14 0 0 0 0 0 0 0 0 0 0 0 0 0 9 0 0 0 0 0 0 1 0 0 0 1 0 4 0 0 0 0 0 0 27 0 0 0 1 0 2 39 0 0 0 0 0 0 0 0 0 0 0 0 16 56 1 75 0 0 0 0 1 0 0 0 0 0 1 0 0 1 0 0 0 0 12 2 0 0 0 1 7 1 0 0 0 0 1 4 
0 1 0 10 6 0 1 1 2 0 3 0 0 0 29 0 0 0 0 0 1 0 0 0 1 0 0 0 0 0 10 0 0 0 0 1 3 1 0 0 1 0 0 0 1 0 0 0 61 0 0 1 0 0 0 101 0 0 0 0 0 0 0 1 18 29 1 0 1 10 0 43 1 0 0 0 1 0 1 0 0 0 0 0 0 0 0 0 0 0 0 59 0 1 5 0 1 0 1 0 
0 1 0 0 56 0 1 0 1 0 1 23 0 0 0 0 89 0 1 0 1 0 0 0 73 1 0 81 97 0 24 0 1 1 0 0 1 1 44 35 36 0 1 0 0 1 41 0 0 1 0 1 0 1 18 1 1 0 64 1 0 0 0 1 1 40 0 0 1 114 1 68 1 83 0 1 0 0 1 2 1 0 49 48 0 1 0 0 0 1 0 110 0 8 1 0 1 1 0 0 
0 0 1 0 0 0 0 0 0 0 0 0 0 0 0 0 0 1 0 0 0 1 0 1 0 0 22 0 0 1 2 1 1 0 3 0 0 1 0 1 0 0 0 52 0 117 16 0 0 0 80 0 1 0 20 0 1 0 0 0 4 0 1 0 1 0 0 1 0 0 0 0 1 0 0 0 0 0 0 0 0 1 0 0 118 0 1 1 1 20 107 0 35 1 0 0 0 0 0 1 
0 4 0 1 1 0 1 1 1 0 10 0 0 0 0 0 0 0 0 0 88 0 0 0 41 0 0 0 0 0 1 0 0 0 0 1 1 1 0 0 1 0 0 0 1 0 0 0 6 0 0 1 0 0 0 0 0 0 0 0 0 0 0 1 5 27 4 0 1 1 0 3 104 0 1 23 58 0 0 0 0 12 0 0 0 0 2 90 0 0 0 1 0 3 1 0 0 0 1 0 
1 1 0 0 0 0 3 0 2 0 0 35 0 1 0 0 1 1 12 6 0 0 0 0 0 1 0 19 1 0 1 0 1 6 0 0 1 0 1 122 0 0 17 1 0 1 1 0 0 24 0 0 0 1 6 0 87 2 1 15 0 0 5 0 43 0 0 0 0 106 54 0 0 13 0 0 31 0 0 0 1 0 1 18 0 79 0 0 0 1 0 0 0 1 77 0 1 1 0 0 
0 0 0 0 0 12 1 0 12 1 0 0 23 0 1 1 0 0 0 0 0 0 62 0 0 0 0 14 1 0 0 0 0 1 0 0 17 0 2 0 0 1 1 0 0 0 0 3 0 0 0 0 0 1 0 1 0 0 0 0 0 1 0 1 0 0 0 0 0 10 1 3 0 1 0 0 99 0 0 12 0 0 1 9 0 1 0 0 0 0 0 0 0 0 1 1 33 1 0 0 
0 0 8 0 18 0 0 0 0 0 0 0 0 0 0 0 0 1 0 0 0 3 0 1 0 0 1 0 0 1 1 1 0 0 1 1 0 4 0 0 0 0 0 0 0 0 0 0 0 0 1 43 1 0 0 0 0 0 0 0 17 0 0 0 1 0 0 1 0 0 0 0 1 0 1 0 0 1 43 0 0 0 0 0 6 0 1 67 53 0 1 78 38 1 0 0 0 0 36 3 
0 94 0 0 0 0 2 0 8 0 0 30 0 1 0 0 1 0 2 2 0 0 0 0 0 1 0 87 1 0 1 0 1 2 0 0 9 0 1 127 0 0 1 0 0 1 1 0 0 8 0 0 0 58 0 1 1 1 82 1 0 0 0 0 0 0 0 0 0 1 1 0 0 1 0 0 1 0 0 81 1 0 0 1 0 61 0 0 0 112 0 0 0 15 1 1 1 30 0 0 
1 6 0 0 0 0 78 0 29 0 0 1 0 9 0 0 1 0 1 1 0 0 0 0 0 111 0 1 1 0 20 0 1 78 0 0 1 0 13 1 0 0 1 1 0 1 35 0 0 1 0 0 0 1 1 0 1 37 1 71 0 0 7 0 0 0 0 0 0 1 1 0 0 1 0 0 1 0 0 68 20 0 69 0 0 2 0 0 0 41 0 0 0 10 1 0 0 54 0 0 
0 0 23 0 0 0 0 0 0 0 0 0 0 0 0 0 0 1 0 0 0 1 0 45 0 0 1 0 0 1 0 1 0 0 1 0 0 0 0 0 0 0 0 0 0 0 0 0 0 0 10 0 69 0 1 0 0 0 0 0 1 0 0 0 0 0 0 1 0 0 0 0 0 0 0 0 0 112 0 0 0 10 0 0 0 0 1 93 26 0 2 0 2 0 0 0 0 0 0 1 
1 1 0 0 0 0 1 0 13 0 0 25 0 1 0 0 1 0 5 7 0 0 0 0 0 1 0 25 1 0 112 0 1 1 0 0 117 0 1 1 0 0 1 117 0 1 1 0 0 32 0 0 0 16 1 0 1 82 28 92 0 0 34 0 0 0 0 0 0 1 115 0 0 49 0 0 1 0 0 1 15 0 1 1 0 0 0 0 0 1 0 0 0 1 1 0 39 1 0 0 
0 0 1 0 1 0 0 0 0 0 0 0 0 0 0 0 0 1 0 0 0 13 0 1 0 0 8 0 0 1 18 8 0 0 22 1 0 1 0 0 0 0 0 0 0 0 0 0 0 0 100 1 1 0 0 0 0 0 0 0 0 0 0 0 61 0 0 1 0 0 0 0 64 0 1 0 0 1 1 0 0 48 0 0 32 0 0 1 1 0 1 1 27 100 0 0 0 0 7 11 
0 0 4 0 1 0 0 0 0 0 0 0 0 0 0 0 0 3 0 0 0 51 0 1 1 0 1 0 0 114 6 1 0 0 30 75 0 3 0 0 0 0 0 0 0 1 0 0 0 0 1 15 1 0 120 0 0 0 0 0 1 0 0 0 78 10 0 5 0 0 0 0 1 0 72 0 0 1 1 0 0 2 0 0 1 0 71 0 1 0 1 6 1 1 0 0 0 0 1 1 
1 0 1 0 0 0 0 0 0 0 0 0 0 0 0 0 0 18 0 0 0 1 0 1 0 0 1 0 0 1 16 2 1 0 103 0 0 3 0 3 0 0 0 1 0 91 8 0 0 1 26 0 1 0 1 0 5 0 0 0 1 0 1 0 1 0 0 4 0 0 0 0 0 0 0 0 0 14 0 0 0 1 0 0 19 0 1 1 0 16 93 0 15 0 0 0 0 0 0 3 
1 109 1 0 0 0 0 0 1 0 0 8 0 1 0 0 1 1 1 0 0 0 0 1 0 1 63 0 0 0 2 0 20 0 0 0 1 0 0 1 0 0 0 21 0 1 1 0 0 1 0 0 0 0 1 0 6 1 2 124 1 0 5 0 9 0 0 0 0 0 0 0 0 0 0 0 1 1 0 50 0 0 36 1 0 19 0 0 1 0 0 0 0 4 0 0 0 0 0 0 
0 0 1 0 0 0 0 0 0 0 0 0 0 0 0 0 0 1 0 0 0 1 0 1 0 0 4 0 0 14 0 3 0 0 1 0 0 2 0 0 0 0 0 0 0 0 0 0 0 0 1 0 1 0 0 0 0 0 0 0 1 0 0 0 9 0 0 1 0 0 0 0 1 0 0 0 0 1 0 0 0 1 0 0 26 0 1 1 1 0 0 0 31 0 0 0 0 0 0 1 
0 10 0 1 112 0 1 1 1 0 1 0 0 0 0 0 0 0 0 0 1 0 0 0 1 0 0 0 0 0 1 0 0 0 0 2 28 117 0 0 2 0 0 0 79 0 0 0 9 0 0 1 0 0 0 0 0 0 0 0 0 0 0 1 33 2 5 0 1 1 0 69 15 0 1 1 1 0 4 0 0 111 0 0 0 0 14 1 0 0 0 0 0 1 57 0 0 0 1 0 
0 0 1 0 0 0 0 0 0 0 0 0 0 0 0 0 0 2 0 0 0 35 0 127 0 0 3 0 0 1 0 38 0 0 28 76 0 7 0 0 0 0 0 0 0 0 0 0 0 0 73 18 23 0 0 0 0 0 0 0 1 0 0 0 1 0 0 1 0 0 0 0 1 0 31 0 0 122 0 0 0 1 0 0 35 0 1 1 11 0 1 0 0 1 0 0 0 0 0 1 
0 16 1 0 1 0 51 0 1 0 1 1 0 0 0 0 0 1 0 0 1 0 0 16 1 1 49 0 18 0 1 14 1 0 0 1 1 1 0 1 1 0 0 32 0 1 1 0 0 0 0 7 0 0 1 0 1 0 0 21 0 0 0 0 1 1 0 35 0 1 0 0 5 0 1 7 1 74 6 1 0 1 21 74 0 9 1 75 0 1 0 1 63 0 16 0 0 0 2 1 
0 2 0 0 0 3 1 0 18 0 0 4 0 0 1 1 0 0 121 2 0 0 0 0 1 5 0 1 5 0 1 0 118 43 0 0 39 0 1 0 78 1 1 0 0 1 0 21 0 0 0 0 0 1 0 32 1 0 7 17 0 1 0 1 0 1 0 0 35 1 1 1 0 1 0 1 94 0 86 1 1 0 58 1 0 1 0 0 0 0 0 8 0 1 0 1 3 103 0 0 
0 0 0 0 0 1 0 0 0 1 0 0 9 0 1 1 0 0 0 0 0 0 1 0 0 0 0 114 1 0 0 0 0 1 0 0 0 0 1 0 0 1 15 0 0 0 0 1 0 0 0 0 0 2 0 1 0 0 0 0 0 1 0 1 0 0 0 0 0 1 25 0 0 1 0 0 0 0 0 0 1 0 17 0 0 0 0 0 0 0 0 0 0 0 1 0 1 4 0 0 
0 1 0 0 0 1 1 0 1 1 1 0 1 0 1 1 0 0 0 0 1 0 115 0 7 0 0 2 2 0 0 0 0 1 0 0 1 0 36 0 35 53 93 0 0 0 0 1 0 0 0 0 0 26 0 72 0 0 0 0 0 9 0 45 0 1 0 0 3 1 23 96 0 1 0 1 4 0 0 94 83 0 4 0 0 3 0 0 0 0 0 0 0 0 5 1 0 95 0 0 
0 16 0 0 0 0 1 0 1 0 0 4 0 0 0 1 1 0 12 1 0 0 0 0 0 1 0 1 1 0 0 0 0 15 0 0 36 0 1 0 0 1 1 0 0 0 0 1 0 0 0 0 0 1 0 1 1 22 50 3 0 0 0 0 0 0 0 0 0 1 1 0 0 1 0 0 1 0 0 19 2 0 5 1 0 23 0 0 0 0 0 0 0 0 1 1 1 0 0 0 
0 0 0 37 1 0 0 127 0 0 1 0 0 0 0 0 0 0 0 0 1 0 0 0 1 0 0 0 0 0 0 0 0 0 0 1 0 1 0 0 52 0 0 0 1 0 0 0 1 0 0 1 0 0 0 0 0 0 0 0 0 0 0 0 91 3 84 0 1 0 0 0 18 0 2 1 0 0 18 0 0 1 0 0 0 0 102 1 0 0 0 1 0 1 0 0 0 0 0 0 
0 0 45 0 0 0 0 0 0 0 0 0 0 0 0 0 0 19 0 0 0 1 0 1 0 0 1 0 0 9 1 2 0 0 1 1 0 1 0 0 0 0 0 0 0 0 0 0 0 0 2 70 48 0 75 0 0 0 0 0 1 0 0 0 1 0 0 1 0 0 0 0 1 0 126 0 0 1 0 0 0 2 0 0 1 0 1 1 1 0 1 0 1 2 0 0 0 0 0 0 
