100 1000
0 4 3 2 4 8 0 1 3 6 4 206 204 206 206 209 210 204 206 206 202 205 210 204 210 207 209 132 131 136 134 139 133 133 140 137 135 132 132 139 135 138 134 141 140 139 112 118 114 114 114 117 114 120 114 121 115 118 120 208 198 203 202 208 205 205 206 203 207 208 204 203 203 205 202 208 208 78 83 84 79 84 86 78 81 84 79 80 85 82 83 87 78 211 212 208 211 125 120 117 
4 0 1 4 1 4 4 4 1 6 2 202 200 203 202 206 206 201 202 202 198 201 206 201 206 203 205 128 128 132 130 135 129 129 137 133 131 128 128 136 131 135 130 137 137 136 110 116 112 112 112 116 113 118 112 119 113 116 118 204 194 199 198 204 201 201 202 199 203 204 200 199 199 201 198 204 204 78 83 84 80 84 86 79 81 84 79 81 85 82 83 87 78 211 212 208 211 121 116 113 
3 1 0 3 2 5 3 2 1 5 3 203 201 204 203 207 207 202 203 203 199 202 207 202 207 204 206 130 129 133 131 137 130 130 138 134 132 129 129 137 132 136 131 138 138 137 110 116 112 112 112 116 113 118 112 119 113 116 118 205 195 200 199 205 202 202 203 200 205 206 201 201 201 203 200 205 205 77 82 83 79 83 85 78 80 83 78 80 84 81 83 87 77 211 211 207 210 122 118 114 
2 4 3 0 4 7 2 1 3 5 5 205 203 206 205 208 209 204 205 205 201 204 209 204 209 206 208 132 131 135 134 139 132 132 140 136 134 131 131 139 134 138 133 140 140 139 111 117 113 112 112 116 113 118 112 120 113 117 118 208 198 202 202 208 205 205 205 203 207 208 204 203 203 205 202 208 208 76 82 82 78 82 84 77 79 82 77 79 83 80 81 86 76 209 210 206 209 124 120 116 
4 1 2 4 0 3 5 4 2 6 3 202 199 202 201 205 206 200 202 202 198 201 206 200 206 203 205 128 127 132 130 135 128 129 136 132 131 128 128 135 130 134 129 136 136 135 109 116 112 111 111 115 112 117 111 118 112 115 117 204 194 198 198 204 201 201 201 199 203 204 199 199 199 201 198 204 204 77 83 83 79 83 85 78 80 83 78 80 84 81 83 87 78 211 212 208 211 120 116 112 
8 4 5 7 3 0 8 7 5 6 6 198 196 199 198 202 203 197 198 198 194 197 202 197 202 199 202 125 124 128 127 132 125 125 133 129 127 124 124 132 127 131 126 133 133 132 106 113 109 108 108 112 109 114 108 115 109 112 114 201 191 195 195 201 198 198 198 196 200 201 197 196 196 198 195 201 201 76 81 81 78 82 84 77 79 81 77 79 83 80 81 85 76 209 210 206 209 117 113 109 
0 4 3 2 5 8 0 1 3 6 5 206 204 207 206 210 210 205 206 206 202 205 210 205 210 207 209 133 132 136 134 140 133 133 141 137 135 132 132 140 135 139 134 141 141 140 112 118 114 114 114 118 115 120 114 121 115 118 120 208 198 203 202 208 205 205 206 203 208 209 204 204 204 206 203 208 208 78 83 84 79 84 86 78 81 84 79 80 85 82 83 87 78 211 212 208 211 125 121 117 
1 4 2 1 4 7 1 0 3 6 4 205 203 206 205 209 210 204 205 206 201 204 209 204 209 207 209 132 131 136 134 139 132 132 140 136 134 131 131 139 134 138 133 140 140 139 112 118 114 113 113 117 114 119 113 120 114 118 119 208 198 202 201 208 205 205 205 203 207 208 203 203 203 205 202 208 208 77 83 83 79 84 85 78 80 83 79 80 84 81 83 87 78 211 211 207 210 124 120 116 
3 1 1 3 2 5 3 3 0 6 2 203 201 204 203 206 207 201 203 203 199 202 207 202 207 204 206 129 128 133 131 136 130 130 137 134 132 129 129 137 132 136 131 138 137 136 111 117 113 112 112 116 113 118 112 120 113 117 118 205 195 199 199 205 202 202 202 200 204 205 201 200 200 202 199 205 205 78 83 84 80 84 86 79 81 84 79 81 85 82 84 88 78 212 212 208 211 122 117 114 
6 6 5 5 6 6 6 6 6 0 8 202 200 202 202 205 206 200 202 202 198 201 206 200 206 203 205 129 128 132 131 136 129 129 137 133 131 128 128 136 131 135 130 137 137 136 106 112 108 108 107 111 108 113 108 115 109 112 113 206 196 200 199 206 203 203 203 200 205 206 201 201 201 203 200 206 206 72 77 78 74 78 80 73 75 78 73 75 79 76 77 81 72 205 206 202 205 122 118 114 
4 2 3 5 3 6 5 4 2 8 0 203 201 204 203 206 207 201 203 203 199 202 207 201 207 204 206 129 128 133 131 136 129 130 137 133 132 129 129 136 131 135 130 137 137 136 112 118 114 113 113 117 114 119 113 121 115 118 120 204 194 199 198 204 201 201 202 199 203 204 200 200 200 202 199 204 204 80 85 86 82 86 88 81 83 86 81 83 87 84 85 89 80 213 214 210 213 121 117 113 
206 202 203 205 202 198 206 205 203 202 203 0 3 1 7 4 5 3 1 7 5 5 4 4 5 5 6 77 78 73 77 69 76 76 68 74 74 77 76 70 74 70 75 68 69 70 132 138 139 131 135 139 139 132 131 129 136 138 137 71 68 66 62 69 72 64 69 62 67 66 67 72 71 72 67 69 71 197 192 191 196 191 197 196 196 193 194 202 200 200 197 197 194 253 259 252 258 93 98 98 
204 200 201 203 199 196 204 203 201 200 201 3 0 4 5 7 7 1 2 5 2 3 7 2 6 4 6 74 75 71 74 67 73 73 66 72 71 74 74 68 72 68 73 66 66 68 131 137 138 130 134 138 138 132 130 128 136 137 136 69 66 64 60 67 70 62 67 60 64 64 65 70 69 70 65 67 69 196 191 190 195 190 196 195 195 192 193 201 199 198 196 195 192 253 259 252 259 90 95 96 
206 203 204 206 202 199 207 206 204 202 204 1 4 0 8 3 6 5 2 8 6 6 4 5 5 6 7 77 79 74 78 70 76 77 69 75 75 77 77 71 75 71 76 69 69 71 132 137 139 130 134 139 139 132 131 129 136 138 137 72 69 67 63 70 73 65 70 64 68 67 68 73 72 73 68 70 72 197 192 191 196 191 197 196 196 193 194 202 200 200 197 197 194 252 259 251 258 94 99 99 
206 202 203 205 201 198 206 205 203 202 203 7 5 8 0 10 6 4 6 0 6 2 8 3 6 2 4 75 76 71 75 68 74 74 67 72 72 75 75 69 73 69 74 67 67 68 136 141 142 134 138 142 142 136 134 133 140 142 140 64 62 60 55 62 65 58 62 56 60 59 60 65 65 66 61 62 65 199 195 194 199 193 199 199 199 196 196 204 202 202 199 199 196 258 264 257 264 90 95 96 
209 206 207 208 205 202 210 209 206 205 206 4 7 3 10 0 6 7 5 10 9 8 2 8 5 7 8 80 82 77 81 73 79 80 72 78 78 81 80 74 78 74 79 72 73 74 134 139 140 132 136 141 141 134 133 131 138 140 138 74 71 69 65 72 75 67 72 65 69 69 70 75 74 75 70 72 74 199 195 193 199 193 199 199 199 195 196 204 202 202 199 199 196 253 259 252 259 97 102 102 
210 206 207 209 206 203 210 210 207 206 207 5 7 6 6 6 0 6 5 5 8 5 3 6 1 3 2 80 81 77 80 73 79 79 72 78 77 80 80 74 78 74 79 72 72 74 138 143 144 136 140 144 144 138 136 134 142 144 142 69 66 64 60 66 70 62 66 60 64 63 65 70 69 70 65 66 69 202 198 196 202 196 202 202 202 198 199 207 205 205 202 202 199 258 264 257 264 96 101 102 
204 201 202 204 200 197 205 204 201 200 201 3 1 5 4 7 6 0 3 4 2 2 6 1 6 3 5 74 76 71 74 67 74 74 66 72 72 75 74 68 72 68 73 66 67 68 132 138 139 131 135 139 139 133 131 129 137 138 137 68 65 63 59 66 69 61 66 59 63 63 64 69 68 69 64 66 68 197 192 191 196 191 197 196 196 193 194 202 199 199 197 196 193 255 261 253 260 90 95 96 
206 202 203 205 202 198 206 205 203 202 203 1 2 2 6 5 5 3 0 6 4 4 4 3 4 4 6 76 78 73 76 69 75 76 68 74 74 77 76 70 74 70 75 68 68 70 133 138 139 131 135 139 139 133 131 129 137 139 137 70 67 66 61 68 71 63 68 62 66 65 66 71 70 71 67 68 70 197 193 191 197 191 197 197 197 193 194 202 200 200 197 197 194 254 260 252 259 93 98 98 
206 202 203 205 202 198 206 206 203 202 203 7 5 8 0 10 5 4 6 0 6 3 8 3 6 2 3 75 77 72 75 68 75 75 67 73 73 76 75 69 73 69 74 67 67 69 136 142 142 134 138 143 143 136 135 133 140 142 141 64 62 60 56 62 65 58 62 56 60 59 60 65 65 66 61 62 65 200 195 194 199 194 200 199 199 196 197 205 203 202 200 200 196 259 265 257 264 91 96 97 
202 198 199 201 198 194 202 201 199 198 199 5 2 6 6 9 8 2 4 6 0 4 8 3 8 6 8 72 74 69 72 65 71 72 64 70 70 72 72 66 70 66 71 64 64 66 130 136 137 128 132 137 137 130 129 127 134 136 135 68 65 63 59 66 69 61 66 59 64 63 64 69 68 69 64 66 68 194 190 189 194 188 194 194 194 191 191 199 197 197 194 194 191 253 259 251 258 89 93 94 
205 201 202 204 201 197 205 204 202 201 202 5 3 6 2 8 5 2 4 3 4 0 7 1 6 2 4 75 76 71 75 67 74 74 66 72 72 75 74 68 72 68 73 66 67 68 134 139 140 132 136 140 140 134 132 131 138 140 138 67 64 62 57 64 67 60 64 58 62 61 62 67 67 68 63 64 67 198 193 192 197 192 198 197 197 194 195 203 201 200 198 197 194 256 262 254 261 90 95 96 
210 206 207 209 206 202 210 209 207 206 207 4 7 4 8 2 3 6 4 8 8 7 0 7 2 6 5 81 82 77 81 73 80 80 72 78 78 81 80 74 78 74 79 72 73 74 136 141 142 134 138 142 142 136 135 132 140 142 140 72 69 67 63 70 73 65 70 63 67 67 68 73 72 73 68 69 72 201 196 195 200 195 200 200 200 197 198 206 203 203 201 200 197 256 262 254 261 97 102 102 
204 201 202 204 200 197 205 204 202 200 201 4 2 5 3 8 6 1 3 3 3 1 7 0 6 3 5 74 76 71 74 67 73 74 66 72 72 75 74 68 72 68 73 66 66 68 133 139 140 131 135 140 140 133 132 130 137 139 138 67 64 62 58 65 68 60 65 58 63 62 63 68 67 68 63 65 67 197 193 191 196 191 197 196 197 193 194 202 200 200 197 197 194 255 261 254 261 90 95 96 
210 206 207 209 206 202 210 209 207 206 207 5 6 5 6 5 1 6 4 6 8 6 2 6 0 4 3 80 81 77 80 73 79 79 72 78 77 80 80 74 78 74 79 72 72 74 137 142 143 135 139 144 144 137 136 134 141 143 141 69 67 65 61 67 71 63 67 61 65 64 65 71 70 71 66 67 70 202 197 196 201 196 201 201 201 198 199 207 204 204 202 201 198 257 264 256 263 96 101 102 
207 203 204 206 203 199 207 207 204 203 204 5 4 6 2 7 3 3 4 2 6 2 6 3 4 0 2 77 78 73 77 69 76 76 69 74 74 77 77 70 74 70 75 68 69 70 136 141 142 134 138 143 142 136 135 133 140 142 140 66 64 62 58 64 68 60 64 58 62 61 62 67 67 68 63 64 67 200 195 194 199 194 200 199 199 196 197 205 203 203 200 200 197 258 264 256 263 92 97 98 
209 205 206 208 205 202 209 209 206 205 206 6 6 7 4 8 2 5 6 3 8 4 5 5 3 2 0 79 80 75 79 71 78 78 71 76 76 79 79 72 76 72 77 70 71 72 138 143 144 136 140 144 144 138 136 135 142 144 142 66 64 62 58 64 68 60 64 58 62 61 62 68 67 68 63 64 67 202 197 196 201 196 202 201 201 198 199 207 205 205 202 202 199 259 265 258 265 94 99 100 
132 128 130 132 128 125 133 132 129 129 129 77 74 77 75 80 80 74 76 75 72 75 81 74 80 77 79 0 2 4 5 7 2 1 8 6 3 1 2 7 3 6 1 9 8 7 92 101 100 91 95 102 100 97 92 94 98 102 101 84 74 77 75 83 81 79 81 76 81 82 78 80 80 82 77 83 84 141 139 138 141 138 144 141 142 140 139 147 146 145 143 144 138 233 238 231 237 21 25 23 
131 128 129 131 127 124 132 131 128 128 128 78 75 79 76 82 81 76 78 77 74 76 82 76 81 78 80 2 0 5 4 9 4 3 10 6 4 2 4 8 4 8 3 10 9 8 93 102 101 92 96 103 101 98 93 95 99 102 102 84 74 77 75 83 81 79 81 76 82 82 78 80 80 82 77 83 84 141 139 138 141 138 144 141 142 140 139 147 146 145 143 144 138 234 239 232 238 19 23 22 
136 132 133 135 132 128 136 136 133 132 133 73 71 74 71 77 77 71 73 72 69 71 77 71 77 73 75 4 5 0 5 4 4 3 5 5 1 4 5 4 2 3 2 5 4 4 94 103 102 93 97 104 102 98 94 96 100 103 103 81 71 74 72 80 78 76 78 73 78 79 75 77 77 79 74 80 81 144 142 141 144 141 146 144 145 143 142 150 149 148 146 147 141 235 240 233 239 23 27 26 
134 130 131 134 130 127 134 134 131 131 131 77 74 78 75 81 80 74 76 75 72 75 81 74 80 77 79 5 4 5 0 9 7 5 9 3 5 6 7 6 6 8 5 9 8 7 97 106 105 96 100 107 105 101 97 99 103 106 106 80 70 73 72 79 77 75 77 73 78 79 75 76 76 78 74 79 80 145 143 142 145 142 148 145 146 144 143 150 150 149 147 148 142 238 243 236 242 18 23 22 
139 135 137 139 135 132 140 139 136 136 136 69 67 70 68 73 73 67 69 68 65 67 73 67 73 69 71 7 9 4 9 0 7 7 1 8 5 8 7 4 5 1 6 1 2 3 94 103 102 93 97 104 102 98 94 95 100 103 103 79 70 73 70 78 77 74 76 72 77 77 74 76 76 78 73 78 79 146 143 142 146 142 148 145 146 144 143 151 150 149 147 148 143 234 239 232 238 27 31 30 
133 129 130 132 128 125 133 132 130 129 129 76 73 76 74 79 79 74 75 75 71 74 80 73 79 76 78 2 4 4 7 7 0 1 8 8 3 1 1 8 2 6 2 8 8 7 91 100 99 90 94 101 99 95 90 93 97 100 100 84 74 78 76 84 82 79 81 77 82 83 79 81 80 83 78 83 84 141 138 137 141 137 143 140 141 139 138 146 145 144 142 143 137 232 236 230 236 23 27 25 
133 129 130 132 129 125 133 132 130 129 130 76 73 77 74 80 79 74 76 75 72 74 80 74 79 76 78 1 3 3 5 7 1 0 8 7 2 1 2 7 2 6 1 8 8 7 92 101 100 91 95 102 100 96 92 94 98 101 101 83 74 77 75 83 81 79 81 76 81 82 78 80 80 82 77 83 83 141 139 138 141 138 144 141 142 140 139 147 146 145 143 144 138 233 238 231 237 22 26 24 
140 137 138 140 136 133 141 140 137 137 137 68 66 69 67 72 72 66 68 67 64 66 72 66 72 69 71 8 10 5 9 1 8 8 0 7 6 9 8 3 6 2 7 0 1 3 95 104 103 94 98 105 103 99 95 97 101 105 104 78 68 71 69 77 76 73 75 70 76 76 73 75 74 76 72 77 78 147 144 143 147 143 149 147 148 145 145 152 152 151 149 149 144 235 240 233 239 27 32 31 
137 133 134 136 132 129 137 136 134 133 133 74 72 75 72 78 78 72 74 73 70 72 78 72 78 74 76 6 6 5 3 8 8 7 7 0 6 7 9 4 6 7 6 8 7 5 98 108 106 97 102 108 107 103 98 100 104 108 107 77 67 71 69 77 75 73 75 70 75 76 72 74 73 75 71 77 77 148 145 144 148 144 150 147 148 146 145 153 152 151 149 150 144 240 244 237 243 20 24 24 
135 131 132 134 131 127 135 134 132 131 132 74 71 75 72 78 77 72 74 73 70 72 78 72 77 74 76 3 4 1 5 5 3 2 6 6 0 3 3 5 0 4 1 6 5 5 93 102 101 92 96 103 101 97 93 95 99 102 102 82 72 75 73 81 80 77 79 74 80 80 77 78 78 80 75 81 82 143 141 140 143 139 145 143 143 141 141 148 148 147 145 146 140 234 239 232 238 23 27 26 
132 128 129 131 128 124 132 131 129 128 129 77 74 77 75 81 80 75 77 76 72 75 81 75 80 77 79 1 2 4 6 8 1 1 9 7 3 0 2 8 3 7 2 9 9 8 91 100 99 90 94 101 99 96 91 93 97 101 100 84 75 78 76 84 82 80 82 77 82 83 79 81 81 83 78 84 84 140 138 137 140 137 143 140 141 139 138 146 145 144 142 143 137 232 237 230 236 22 26 24 
132 128 129 131 128 124 132 131 129 128 129 76 74 77 75 80 80 74 76 75 72 74 80 74 80 77 79 2 4 5 7 7 1 2 8 9 3 2 0 8 3 7 3 9 9 8 90 99 98 89 93 100 98 94 90 92 96 99 99 85 75 79 77 84 83 80 82 78 83 84 80 82 81 83 79 84 85 140 137 136 140 136 142 139 140 138 137 145 144 143 141 142 137 231 236 229 235 23 27 25 
139 136 137 139 135 132 140 139 137 136 136 70 68 71 69 74 74 68 70 69 66 68 74 68 74 70 72 7 8 4 6 4 8 7 3 4 5 8 8 0 5 3 6 4 2 1 97 106 105 96 100 107 105 101 97 99 103 107 106 77 67 70 68 76 75 72 74 69 75 75 72 73 73 75 71 76 77 148 145 144 148 144 150 148 148 146 146 153 153 152 150 150 145 238 243 236 242 24 29 28 
135 131 132 134 130 127 135 134 132 131 131 74 72 75 73 78 78 72 74 73 70 72 78 72 78 74 76 3 4 2 6 5 2 2 6 6 0 3 3 5 0 4 1 6 6 5 93 102 100 91 96 102 101 97 92 94 98 102 101 82 72 76 74 81 80 77 79 75 80 81 77 79 78 80 76 81 82 143 140 139 143 139 145 142 143 141 140 148 147 146 144 145 140 233 238 231 237 23 27 26 
138 135 136 138 134 131 139 138 136 135 135 70 68 71 69 74 74 68 70 69 66 68 74 68 74 70 72 6 8 3 8 1 6 6 2 7 4 7 7 3 4 0 5 2 2 3 94 103 102 93 97 104 102 98 94 96 100 103 103 79 70 73 71 79 77 74 77 72 77 78 74 76 76 78 73 79 80 146 143 142 145 142 148 145 146 144 143 151 150 149 147 148 142 235 239 232 238 26 30 29 
134 130 131 133 129 126 134 133 131 130 130 75 73 76 74 79 79 73 75 74 71 73 79 73 79 75 77 1 3 2 5 6 2 1 7 6 1 2 3 6 1 5 0 7 7 6 93 102 101 92 96 103 101 97 92 95 99 102 102 82 73 76 74 82 80 78 80 75 80 81 77 79 79 81 76 82 83 142 140 139 142 139 145 142 143 141 140 148 147 146 144 145 139 234 238 232 238 22 26 24 
141 137 138 140 136 133 141 140 138 137 137 68 66 69 67 72 72 66 68 67 64 66 72 66 72 68 70 9 10 5 9 1 8 8 0 8 6 9 9 4 6 2 7 0 1 3 95 104 103 94 98 105 103 99 95 97 101 104 104 78 68 71 69 77 76 73 75 70 75 76 73 75 74 76 72 77 78 147 144 143 147 143 149 147 148 145 145 152 152 151 149 149 144 235 240 233 239 27 32 31 
140 137 138 140 136 133 141 140 137 137 137 69 66 69 67 73 72 67 68 67 64 67 73 66 72 69 71 8 9 4 8 2 8 8 1 7 5 9 9 2 6 2 7 1 0 2 96 105 104 95 99 106 104 100 96 97 102 105 105 77 68 71 69 77 75 72 75 70 75 76 72 74 74 76 71 77 78 148 145 144 148 144 150 147 148 146 145 153 152 151 149 150 144 236 241 234 240 26 31 30 
139 136 137 139 135 132 140 139 136 136 136 70 68 71 68 74 74 68 70 69 66 68 74 68 74 70 72 7 8 4 7 3 7 7 3 5 5 8 8 1 5 3 6 3 2 0 97 106 105 96 100 106 105 101 96 98 103 106 105 77 67 71 69 76 75 72 74 70 75 76 72 74 73 76 71 76 77 148 145 144 148 144 150 147 148 146 145 153 152 151 149 150 145 237 242 235 241 25 29 29 
112 110 110 111 109 106 112 112 111 106 112 132 131 132 136 134 138 132 133 136 130 134 136 133 137 136 138 92 93 94 97 94 91 92 95 98 93 91 90 97 93 94 93 95 96 97 0 10 8 2 3 10 8 8 2 9 6 10 11 172 162 165 162 170 170 166 169 163 169 169 166 169 168 170 165 170 172 68 62 61 67 61 66 67 67 63 65 72 69 70 67 66 65 142 147 140 146 105 105 99 
118 116 116 117 116 113 118 118 117 112 118 138 137 137 141 139 143 138 138 142 136 139 141 139 142 141 143 101 102 103 106 103 100 101 104 108 102 100 99 106 102 103 102 104 105 106 10 0 4 10 7 1 4 5 10 9 4 1 1 180 171 173 170 178 178 174 177 171 177 177 174 177 177 179 173 178 180 68 61 60 66 59 64 67 66 62 64 71 68 69 65 64 64 133 137 130 136 114 114 109 
114 112 112 113 112 109 114 114 113 108 114 139 138 139 142 140 144 139 139 142 137 140 142 140 143 142 144 100 101 102 105 102 99 100 103 106 101 99 98 105 100 102 101 103 104 105 8 4 0 9 5 3 0 7 8 10 2 4 5 179 170 173 170 178 178 173 176 171 176 177 174 177 176 178 173 178 179 65 58 57 63 57 62 64 63 59 61 69 65 66 63 61 61 134 139 132 138 112 112 107 
114 112 112 112 111 108 114 113 112 108 113 131 130 130 134 132 136 131 131 134 128 132 134 131 135 134 136 91 92 93 96 93 90 91 94 97 92 90 89 96 91 93 92 94 95 96 2 10 9 0 4 11 9 7 1 7 7 11 11 170 161 164 161 169 169 164 167 162 167 168 165 167 167 169 164 169 170 70 64 63 69 63 68 69 69 65 67 74 71 72 69 68 67 143 147 141 146 104 104 99 
114 112 112 112 111 108 114 113 112 107 113 135 134 134 138 136 140 135 135 138 132 136 138 135 139 138 140 95 96 97 100 97 94 95 98 102 96 94 93 100 96 97 96 98 99 100 3 7 5 4 0 7 5 6 4 8 3 7 8 175 165 168 165 173 173 169 172 166 172 172 169 172 171 173 168 173 175 67 61 60 66 59 65 66 66 62 64 71 68 69 66 64 64 139 143 137 142 108 108 103 
117 116 116 116 115 112 118 117 116 111 117 139 138 139 142 141 144 139 139 143 137 140 142 140 144 143 144 102 103 104 107 104 101 102 105 108 103 101 100 107 102 104 103 105 106 106 10 1 3 11 7 0 3 7 10 10 4 1 3 181 172 174 171 179 179 175 178 172 178 178 175 178 178 180 174 179 181 66 60 58 65 58 63 65 65 60 63 70 66 67 64 62 63 132 136 130 135 115 115 110 
114 113 113 113 112 109 115 114 113 108 114 139 138 139 142 141 144 139 139 143 137 140 142 140 144 142 144 100 101 102 105 102 99 100 103 107 101 99 98 105 101 102 101 103 104 105 8 4 0 9 5 3 0 7 9 10 2 4 5 180 170 173 170 178 178 174 177 171 177 177 174 177 176 178 173 178 180 65 58 57 63 57 62 64 63 59 61 69 65 66 63 61 61 134 138 132 137 113 113 107 
120 118 118 118 117 114 120 119 118 113 119 132 132 132 136 134 138 133 133 136 130 134 136 133 137 136 138 97 98 98 101 98 95 96 99 103 97 96 94 101 97 98 97 99 100 101 8 5 7 7 6 7 7 0 7 3 6 6 5 175 166 168 165 173 173 169 172 166 172 172 169 172 172 174 168 173 175 72 66 64 71 64 69 71 70 66 69 76 72 73 70 68 68 137 141 135 140 110 110 105 
114 112 112 112 111 108 114 113 112 108 113 131 130 131 134 133 136 131 131 135 129 132 135 132 136 135 136 92 93 94 97 94 90 92 95 98 93 91 90 97 92 94 92 95 96 96 2 10 8 1 4 10 9 7 0 7 6 10 10 171 162 164 161 170 169 165 168 162 168 168 166 168 168 170 165 170 171 70 64 63 69 62 68 69 69 65 67 74 71 71 68 67 66 142 147 140 146 105 105 99 
121 119 119 120 118 115 121 120 120 115 121 129 128 129 133 131 134 129 129 133 127 131 132 130 134 133 135 94 95 96 99 95 93 94 97 100 95 93 92 99 94 96 95 97 97 98 9 9 10 7 8 10 10 3 7 0 8 9 8 172 163 165 162 170 170 166 169 163 169 169 166 169 169 171 165 170 172 75 69 67 74 67 72 74 73 69 71 79 75 76 73 71 71 139 144 137 143 108 108 103 
115 113 113 113 112 109 115 114 113 109 115 136 136 136 140 138 142 137 137 140 134 138 140 137 141 140 142 98 99 100 103 100 97 98 101 104 99 97 96 103 98 100 99 101 102 103 6 4 2 7 3 4 2 6 6 8 0 4 5 177 168 170 167 176 175 171 174 168 174 174 172 174 174 176 171 176 177 66 60 59 65 58 64 66 65 61 63 70 67 68 65 63 63 136 141 134 140 111 111 105 
118 116 116 117 115 112 118 118 117 112 118 138 137 138 142 140 144 138 139 142 136 140 142 139 143 142 144 102 102 103 106 103 100 101 105 108 102 101 99 107 102 103 102 104 105 106 10 1 4 11 7 1 4 6 10 9 4 0 2 180 171 173 170 179 179 174 177 171 177 177 175 177 177 179 174 179 180 67 61 59 66 59 64 66 65 61 64 71 67 68 65 63 64 132 137 130 136 115 115 109 
120 118 118 118 117 114 120 119 118 113 120 137 136 137 140 138 142 137 137 141 135 138 140 138 141 140 142 101 102 103 106 103 100 101 104 107 102 100 99 106 101 103 102 104 105 105 11 1 5 11 8 3 5 5 10 8 5 2 0 179 170 173 170 178 178 173 176 171 176 177 174 177 176 178 173 178 179 69 63 61 68 61 66 68 67 63 66 73 69 70 67 65 66 133 137 130 136 114 115 109 
208 204 205 208 204 201 208 208 205 206 204 71 69 72 64 74 69 68 70 64 68 67 72 67 69 66 66 84 84 81 80 79 84 83 78 77 82 84 85 77 82 79 82 78 77 77 172 180 179 170 175 181 180 175 171 172 177 180 179 0 10 7 10 2 3 7 3 9 4 5 5 5 5 3 6 2 0 225 222 221 225 221 227 225 225 223 222 230 229 228 226 227 222 308 313 306 312 84 88 92 
198 194 195 198 194 191 198 198 195 196 194 68 66 69 62 71 66 65 67 62 65 64 69 64 67 64 64 74 74 71 70 70 74 74 68 67 72 75 75 67 72 70 73 68 68 67 162 171 170 161 165 172 170 166 162 163 168 171 170 10 0 5 7 10 8 8 8 8 10 11 6 6 6 8 4 10 10 215 212 211 215 211 217 215 215 213 213 220 220 219 217 218 212 299 305 297 304 74 78 82 
203 199 200 202 198 195 203 202 199 200 199 66 64 67 60 69 64 63 66 60 63 62 67 62 65 62 62 77 77 74 73 73 78 77 71 71 75 78 79 70 76 73 76 71 71 71 165 173 173 164 168 174 173 168 164 165 170 173 173 7 5 0 4 6 6 3 4 4 5 6 1 6 5 6 1 6 7 218 216 215 218 215 221 218 219 217 216 224 223 222 220 221 215 301 306 299 306 78 82 86 
202 198 199 202 198 195 202 201 199 199 198 62 60 63 55 65 60 59 61 56 59 57 63 58 61 58 58 75 75 72 72 70 76 75 69 69 73 76 77 68 74 71 74 69 69 69 162 170 170 161 165 171 170 165 161 162 167 170 170 10 7 4 0 9 10 4 7 1 7 7 5 10 9 10 5 8 10 216 214 212 216 212 218 216 217 214 214 222 221 220 218 219 213 298 303 296 302 77 82 85 
208 204 205 208 204 201 208 208 205 206 204 69 67 70 62 72 66 66 68 62 66 64 70 65 67 64 64 83 83 80 79 78 84 83 77 77 81 84 84 76 81 79 82 77 77 76 170 178 178 169 173 179 178 173 170 170 176 179 178 2 10 6 9 0 5 5 2 8 2 3 4 6 5 5 6 0 2 224 221 220 224 220 226 224 224 222 222 229 229 228 226 226 221 306 312 304 311 84 88 92 
205 201 202 205 201 198 205 205 202 203 201 72 70 73 65 75 70 69 71 65 69 67 73 68 71 68 68 81 81 78 77 77 82 81 76 75 80 82 83 75 80 77 80 76 75 75 170 178 178 169 173 179 178 173 169 170 175 179 178 3 8 6 10 5 0 8 3 10 6 7 5 2 2 0 5 5 3 223 220 219 223 219 225 222 223 221 220 228 227 226 224 225 220 307 312 305 311 81 85 89 
205 201 202 205 201 198 205 205 202 203 201 64 62 65 58 67 62 61 63 58 61 60 65 60 63 60 60 79 79 76 75 74 79 79 73 73 77 80 80 72 77 74 78 73 72 72 166 174 173 164 169 175 174 169 165 166 171 174 173 7 8 3 4 5 8 0 5 3 3 3 3 8 8 8 4 5 7 220 217 216 220 216 222 220 220 218 217 225 224 224 221 222 217 301 307 299 306 81 85 89 
206 202 203 205 201 198 206 205 202 203 202 69 67 70 62 72 66 66 68 62 66 64 70 65 67 64 64 81 81 78 77 76 81 81 75 75 79 82 82 74 79 77 80 75 75 74 169 177 176 167 172 178 177 172 168 169 174 177 176 3 8 4 7 2 3 5 0 7 3 4 2 4 4 4 3 2 3 222 219 218 222 218 224 222 222 220 220 227 227 226 224 224 219 305 310 303 309 81 85 89 
203 199 200 203 199 196 203 203 200 200 199 62 60 64 56 65 60 59 62 56 59 58 63 58 61 58 58 76 76 73 73 72 77 76 70 70 74 77 78 69 75 72 75 70 70 70 163 171 171 162 166 172 171 166 162 163 168 171 171 9 8 4 1 8 10 3 7 0 6 6 4 10 9 10 5 8 10 217 215 214 217 213 219 217 218 215 215 223 222 221 219 220 214 299 304 297 303 78 83 86 
207 203 205 207 203 200 208 207 204 205 203 67 64 68 60 69 64 63 66 60 64 62 67 63 65 62 62 81 82 78 78 77 82 81 76 75 80 82 83 75 80 77 80 75 75 75 169 177 176 167 172 178 177 172 168 169 174 177 176 4 10 5 7 2 6 3 3 6 0 1 4 7 7 6 5 2 5 223 220 219 223 219 225 222 223 221 220 228 227 226 224 225 220 304 310 302 309 83 87 91 
208 204 206 208 204 201 209 208 205 206 204 66 64 67 59 69 63 63 65 59 63 61 67 62 64 61 61 82 82 79 79 77 83 82 76 76 80 83 84 75 81 78 81 76 76 76 169 177 177 168 172 178 177 172 168 169 174 177 177 5 11 6 7 3 7 3 4 6 1 0 5 8 8 7 6 3 5 223 221 220 223 219 225 223 224 221 221 229 228 227 225 226 220 304 310 302 309 84 88 92 
204 200 201 204 199 197 204 203 201 201 200 67 65 68 60 70 65 64 66 60 64 62 68 63 65 62 62 78 78 75 75 74 79 78 73 72 77 79 80 72 77 74 77 73 72 72 166 174 174 165 169 175 174 169 166 166 172 175 174 5 6 1 5 4 5 3 2 4 4 5 0 5 5 5 2 4 6 220 217 216 220 216 222 219 220 218 217 225 224 223 221 222 217 302 308 300 307 79 84 87 
203 199 201 203 199 196 204 203 200 201 200 72 70 73 65 75 70 69 71 65 69 67 73 68 71 67 68 80 80 77 76 76 81 80 75 74 78 81 82 73 79 76 79 75 74 74 169 177 177 167 172 178 177 172 168 169 174 177 177 5 6 6 10 6 2 8 4 10 7 8 5 0 1 2 5 6 5 221 219 218 221 218 223 221 222 220 219 226 226 225 223 224 218 306 311 304 310 80 83 88 
203 199 201 203 199 196 204 203 200 201 200 71 69 72 65 74 69 68 70 65 68 67 72 67 70 67 67 80 80 77 76 76 80 80 74 73 78 81 81 73 78 76 79 74 74 73 168 177 176 167 171 178 176 172 168 169 174 177 176 5 6 5 9 5 2 8 4 9 7 8 5 1 0 2 4 6 5 221 218 217 221 217 223 221 221 219 219 226 226 225 223 224 218 305 310 303 310 80 83 88 
205 201 203 205 201 198 206 205 202 203 202 72 70 73 66 75 70 69 71 66 69 68 73 68 71 68 68 82 82 79 78 78 83 82 76 75 80 83 83 75 80 78 81 76 76 76 170 179 178 169 173 180 178 174 170 171 176 179 178 3 8 6 10 5 0 8 4 10 6 7 5 2 2 0 5 5 3 223 221 220 223 219 225 223 223 221 221 228 228 227 225 226 220 307 312 305 311 82 85 90 
202 198 200 202 198 195 203 202 199 200 199 67 65 68 61 70 65 64 67 61 64 63 68 63 66 63 63 77 77 74 74 73 78 77 72 71 75 78 79 71 76 73 76 72 71 71 165 173 173 164 168 174 173 168 165 165 171 174 173 6 4 1 5 6 5 4 3 5 5 6 2 5 4 5 0 6 6 219 216 215 219 215 221 218 219 217 216 224 223 222 220 221 215 302 307 300 306 78 82 86 
208 204 205 208 204 201 208 208 205 206 204 69 67 70 62 72 66 66 68 62 66 64 69 65 67 64 64 83 83 80 79 78 83 83 77 77 81 84 84 76 81 79 82 77 77 76 170 178 178 169 173 179 178 173 170 170 176 179 178 2 10 6 8 0 5 5 2 8 2 3 4 6 6 5 6 0 2 224 221 220 224 220 226 224 224 222 222 229 229 228 226 226 221 306 311 304 311 84 88 92 
208 204 205 208 204 201 208 208 205 206 204 71 69 72 65 74 69 68 70 65 68 67 72 67 70 67 67 84 84 81 80 79 84 83 78 77 82 84 85 77 82 80 83 78 78 77 172 180 179 170 175 181 180 175 171 172 177 180 179 0 10 7 10 2 3 7 3 10 5 5 6 5 5 3 6 2 0 225 222 221 225 221 227 225 225 223 222 230 230 229 226 227 222 308 313 306 312 84 88 92 
78 78 77 76 77 76 78 77 78 72 80 197 196 197 199 199 202 197 197 200 194 198 201 197 202 200 202 141 141 144 145 146 141 141 147 148 143 140 140 148 143 146 142 147 148 148 68 68 65 70 67 66 65 72 70 75 66 67 69 225 215 218 216 224 223 220 222 217 223 223 220 221 221 223 219 224 225 0 7 9 2 9 8 1 3 7 3 5 7 4 5 10 3 133 134 130 133 145 143 138 
83 83 82 82 83 81 83 83 83 77 85 192 191 192 195 195 198 192 193 195 190 193 196 193 197 195 197 139 139 142 143 143 138 139 144 145 141 138 137 145 140 143 140 144 145 145 62 61 58 64 61 60 58 66 64 69 60 61 63 222 212 216 214 221 220 217 219 215 220 221 217 219 218 221 216 221 222 7 0 1 6 2 5 6 5 1 5 10 7 8 5 6 5 129 130 125 129 144 142 137 
84 84 83 82 83 81 84 83 84 78 86 191 190 191 194 193 196 191 191 194 189 192 195 191 196 194 196 138 138 141 142 142 137 138 143 144 140 137 136 144 139 142 139 143 144 144 61 60 57 63 60 58 57 64 63 67 59 59 61 221 211 215 212 220 219 216 218 214 219 220 216 218 217 220 215 220 221 9 1 0 7 0 6 8 6 2 6 12 9 9 6 6 6 128 130 125 129 143 141 136 
79 80 79 78 79 78 79 79 80 74 82 196 195 196 199 199 202 196 197 199 194 197 200 196 201 199 201 141 141 144 145 146 141 141 147 148 143 140 140 148 143 145 142 147 148 148 67 66 63 69 66 65 63 71 69 74 65 66 68 225 215 218 216 224 223 220 222 217 223 223 220 221 221 223 219 224 225 2 6 7 0 7 6 1 1 5 2 6 6 4 4 8 3 132 133 128 132 146 144 138 
84 84 83 82 83 82 84 84 84 78 86 191 190 191 193 193 196 191 191 194 188 192 195 191 196 194 196 138 138 141 142 142 137 138 143 144 139 137 136 144 139 142 139 143 144 144 61 59 57 63 59 58 57 64 62 67 58 59 61 221 211 215 212 220 219 216 218 213 219 219 216 218 217 219 215 220 221 9 2 0 7 0 6 8 7 2 6 12 9 9 6 6 7 128 129 125 128 143 141 136 
86 86 85 84 85 84 86 85 86 80 88 197 196 197 199 199 202 197 197 200 194 198 200 197 201 200 202 144 144 146 148 148 143 144 149 150 145 143 142 150 145 148 145 149 150 150 66 64 62 68 65 63 62 69 68 72 64 64 66 227 217 221 218 226 225 222 224 219 225 225 222 223 223 225 221 226 227 8 5 6 6 6 0 7 5 4 7 8 3 5 3 2 8 126 127 122 126 149 147 141 
78 79 78 77 78 77 78 78 79 73 81 196 195 196 199 199 202 196 197 199 194 197 200 196 201 199 201 141 141 144 145 145 140 141 147 147 143 140 139 148 142 145 142 147 147 147 67 67 64 69 66 65 64 71 69 74 66 66 68 225 215 218 216 224 222 220 222 217 222 223 219 221 221 223 218 224 225 1 6 8 1 8 7 0 2 6 3 6 7 4 5 9 3 133 134 130 133 145 143 138 
81 81 80 79 80 79 81 80 81 75 83 196 195 196 199 199 202 196 197 199 194 197 200 197 201 199 201 142 142 145 146 146 141 142 148 148 143 141 140 148 143 146 143 148 148 148 67 66 63 69 66 65 63 70 69 73 65 65 67 225 215 219 217 224 223 220 222 218 223 224 220 222 221 223 219 224 225 3 5 6 1 7 5 2 0 5 3 6 5 3 2 7 4 131 131 127 130 146 144 139 
84 84 83 82 83 81 84 83 84 78 86 193 192 193 196 195 198 193 193 196 191 194 197 193 198 196 198 140 140 143 144 144 139 140 145 146 141 139 138 146 141 144 141 145 146 146 63 62 59 65 62 60 59 66 65 69 61 61 63 223 213 217 214 222 221 218 220 215 221 221 218 220 219 221 217 222 223 7 1 2 5 2 4 6 5 0 5 10 7 7 4 5 6 128 129 125 128 145 143 138 
79 79 78 77 78 77 79 79 79 73 81 194 193 194 196 196 199 194 194 197 191 195 198 194 199 197 199 139 139 142 143 143 138 139 145 145 141 138 137 146 140 143 140 145 145 145 65 64 61 67 64 63 61 69 67 71 63 64 66 222 213 216 214 222 220 217 220 215 220 221 217 219 219 221 216 222 222 3 5 6 2 6 7 3 3 5 0 8 8 6 5 8 1 132 133 129 133 143 141 136 
80 81 80 79 80 79 80 80 81 75 83 202 201 202 204 204 207 202 202 205 199 203 206 202 207 205 207 147 147 150 150 151 146 147 152 153 148 146 145 153 148 151 148 152 153 153 72 71 69 74 71 70 69 76 74 79 70 71 73 230 220 224 222 229 228 225 227 223 228 229 225 226 226 228 224 229 230 5 10 12 6 12 8 6 6 10 8 0 5 3 6 9 8 131 131 128 131 151 148 143 
85 85 84 83 84 83 85 84 85 79 87 200 199 200 202 202 205 199 200 203 197 201 203 200 204 203 205 146 146 149 150 150 145 146 152 152 148 145 144 153 147 150 147 152 152 152 69 68 65 71 68 66 65 72 71 75 67 67 69 229 220 223 221 229 227 224 227 222 227 228 224 226 226 228 223 229 230 7 7 9 6 9 3 7 5 7 8 5 0 3 3 4 9 126 127 123 126 151 149 143 
82 82 81 80 81 80 82 81 82 76 84 200 198 200 202 202 205 199 200 202 197 200 203 200 204 203 205 145 145 148 149 149 144 145 151 151 147 144 143 152 146 149 146 151 151 151 70 69 66 72 69 67 66 73 71 76 68 68 70 228 219 222 220 228 226 224 226 221 226 227 223 225 225 227 222 228 229 4 8 9 4 9 5 4 3 7 6 3 3 0 3 7 7 129 130 126 129 149 147 142 
83 83 83 81 83 81 83 83 84 77 85 197 196 197 199 199 202 197 197 200 194 198 201 197 202 200 202 143 143 146 147 147 142 143 149 149 145 142 141 150 144 147 144 149 149 149 67 65 63 69 66 64 63 70 68 73 65 65 67 226 217 220 218 226 224 221 224 219 224 225 221 223 223 225 220 226 226 5 5 6 4 6 3 5 2 4 5 6 3 3 0 4 6 128 129 125 128 148 146 140 
87 87 87 86 87 85 87 87 88 81 89 197 195 197 199 199 202 196 197 200 194 197 200 197 201 200 202 144 144 147 148 148 143 144 149 150 146 143 142 150 145 148 145 149 150 150 66 64 61 68 64 62 61 68 67 71 63 63 65 227 218 221 219 226 225 222 224 220 225 226 222 224 224 226 221 226 227 10 6 6 8 6 2 9 7 5 8 9 4 7 4 0 9 124 125 121 124 149 147 142 
78 78 77 76 78 76 78 78 78 72 80 194 192 194 196 196 199 193 194 196 191 194 197 194 198 197 199 138 138 141 142 143 137 138 144 144 140 137 137 145 140 142 139 144 144 145 65 64 61 67 64 63 61 68 66 71 63 64 66 222 212 215 213 221 220 217 219 214 220 220 217 218 218 220 215 221 222 3 5 6 3 7 8 3 4 6 1 8 9 7 6 9 0 133 134 130 134 143 140 135 
211 211 211 209 211 209 211 211 212 205 213 253 253 252 258 253 258 255 254 259 253 256 256 255 257 258 259 233 234 235 238 234 232 233 235 240 234 232 231 238 233 235 234 235 236 237 142 133 134 143 139 132 134 137 142 139 136 132 133 308 299 301 298 306 307 301 305 299 304 304 302 306 305 307 302 306 308 133 129 128 132 128 126 133 131 128 132 131 126 129 128 124 133 0 7 3 7 247 247 242 
212 212 211 210 212 210 212 211 212 206 214 259 259 259 264 259 264 261 260 265 259 262 262 261 264 264 265 238 239 240 243 239 236 238 240 244 239 237 236 243 238 239 238 240 241 242 147 137 139 147 143 136 138 141 147 144 141 137 137 313 305 306 303 312 312 307 310 304 310 310 308 311 310 312 307 311 313 134 130 130 133 129 127 134 131 129 133 131 127 130 129 125 134 7 0 8 1 251 251 246 
208 208 207 206 208 206 208 207 208 202 210 252 252 251 257 252 257 253 252 257 251 254 254 254 256 256 258 231 232 233 236 232 230 231 233 237 232 230 229 236 231 232 232 233 234 235 140 130 132 141 137 130 132 135 140 137 134 130 130 306 297 299 296 304 305 299 303 297 302 302 300 304 303 305 300 304 306 130 125 125 128 125 122 130 127 125 129 128 123 126 125 121 130 3 8 0 7 244 244 239 
211 211 210 209 211 209 211 210 211 205 213 258 259 258 264 259 264 260 259 264 258 261 261 261 263 263 265 237 238 239 242 238 236 237 239 243 238 236 235 242 237 238 238 239 240 241 146 136 138 146 142 135 137 140 146 143 140 136 136 312 304 306 302 311 311 306 309 303 309 309 307 310 310 311 306 311 312 133 129 129 132 128 126 133 130 128 133 131 126 129 128 124 134 7 1 7 0 250 250 245 
125 121 122 124 120 117 125 124 122 122 121 93 90 94 90 97 96 90 93 91 89 90 97 90 96 92 94 21 19 23 18 27 23 22 27 20 23 22 23 24 23 26 22 27 26 25 105 114 112 104 108 115 113 110 105 108 111 115 114 84 74 78 77 84 81 81 81 78 83 84 79 80 80 82 78 84 84 145 144 143 146 143 149 145 146 145 143 151 151 149 148 149 143 247 251 244 250 0 5 8 
120 116 118 120 116 113 121 120 117 118 117 98 95 99 95 102 101 95 98 96 93 95 102 95 101 97 99 25 23 27 23 31 27 26 32 24 27 26 27 29 27 30 26 32 31 29 105 114 112 104 108 115 113 110 105 108 111 115 115 88 78 82 82 88 85 85 85 83 87 88 84 83 83 85 82 88 88 143 142 141 144 141 147 143 144 143 141 148 149 147 146 147 140 247 251 244 250 5 0 5 
117 113 114 116 112 109 117 116 114 114 113 98 96 99 96 102 102 96 98 97 94 96 102 96 102 98 100 23 22 26 22 30 25 24 31 24 26 24 25 28 26 29 24 31 30 29 99 109 107 99 103 110 107 105 99 103 105 109 109 92 82 86 85 92 89 89 89 86 91 92 87 88 88 90 86 92 92 138 137 136 138 136 141 138 139 138 136 143 143 142 140 142 135 242 246 239 245 8 5 0 
0 95 1 79 84 0 6 90 70 91 26 94 10 37 0 35 63 86 52 36 9 16 1 24 0 33 30 1 0 63 18 0 24 90 0 20 0 0 32 58 17 15 1 92 19 29 18 36 33 63 35 1 52 93 0 0 34 93 51 69 1 0 27 0 0 46 3 5 37 64 23 0 5 43 23 3 98 31 35 10 0 25 55 0 49 38 75 6 1 0 42 0 89 39 41 1 3 34 64 18 
47 0 36 41 0 0 0 10 67 10 0 0 95 0 30 46 69 0 1 1 43 18 7 0 83 25 19 0 41 3 1 9 0 1 3 49 0 10 4 59 92 58 97 0 0 0 0 23 0 1 0 20 0 63 0 39 58 9 7 16 4 95 52 80 35 2 28 0 23 23 0 1 0 99 36 75 42 1 48 14 25 1 0 43 85 57 1 0 0 64 0 0 0 67 46 68 11 0 19 83 
96 88 0 54 1 0 2 5 5 0 50 42 16 0 0 12 93 22 79 20 75 1 8 53 0 56 1 66 0 0 6 0 65 9 0 24 0 1 2 41 39 75 76 68 1 7 0 79 2 9 1 55 0 97 0 0 21 2 43 0 6 0 30 0 0 10 39 12 99 7 67 0 1 66 41 2 65 28 59 9 0 1 0 0 15 71 63 46 63 0 0 0 0 1 0 18 5 30 7 47 
45 71 56 0 0 0 0 49 0 28 0 0 58 0 22 8 3 0 0 38 1 2 37 0 3 77 82 0 2 0 31 16 0 6 1 53 0 1 0 45 0 22 0 0 0 0 0 47 0 0 0 74 0 0 0 39 99 37 98 37 61 73 0 6 5 63 0 0 1 38 0 0 0 0 0 79 33 49 4 0 1 68 0 65 3 0 12 0 0 30 0 0 0 25 1 99 9 0 47 32 
10 0 18 0 0 0 13 0 8 0 26 6 0 0 0 0 1 8 72 63 1 11 0 67 0 15 1 95 0 0 0 0 48 12 0 22 0 0 1 0 87 56 45 3 6 88 0 0 34 57 7 0 0 4 0 0 1 99 9 0 0 0 1 0 0 0 1 6 0 0 0 0 36 6 3 45 2 0 0 0 0 47 44 0 0 80 83 15 10 0 28 0 0 40 0 3 0 75 0 0 
0 0 0 0 0 0 41 0 7 0 2 21 0 86 0 0 77 13 1 0 89 29 69 5 0 11 11 39 0 26 0 0 0 41 0 0 0 0 21 0 75 0 0 68 0 37 57 0 0 0 53 0 16 1 0 0 0 15 1 40 0 0 0 0 0 0 2 34 0 3 2 1 38 3 18 0 1 0 0 5 0 0 1 0 0 0 33 0 1 0 16 0 63 0 92 40 0 41 6 0 
19 0 22 0 21 1 0 0 8 0 54 27 0 28 0 0 26 32 2 16 57 14 8 1 0 18 8 1 0 0 0 0 83 10 0 59 0 0 82 0 4 83 23 18 15 21 0 0 38 3 45 0 5 1 0 0 63 19 1 0 0 0 66 0 0 0 65 6 0 0 1 0 68 36 89 1 8 0 0 52 0 85 5 0 0 15 1 1 15 0 1 0 13 1 0 41 0 47 0 0 
31 25 1 1 0 0 0 0 43 16 53 10 2 86 87 41 40 25 1 0 74 23 3 0 1 1 19 0 3 6 87 59 0 81 75 0 36 5 1 14 35 85 0 59 0 17 57 42 0 0 0 1 53 64 31 1 37 88 18 3 81 19 0 70 1 71 61 0 1 27 26 1 0 1 36 73 93 38 3 20 24 70 28 1 0 0 8 0 0 67 85 25 0 7 40 5 61 0 84 25 
21 1 1 0 40 1 1 76 0 1 40 57 15 59 0 0 42 14 39 1 14 2 74 49 0 89 34 60 0 16 0 0 45 1 0 54 0 0 65 50 16 16 8 6 51 1 82 0 70 72 1 55 30 33 0 0 1 2 81 14 2 0 56 0 0 0 12 94 0 75 31 1 30 18 19 1 1 0 0 3 0 1 10 1 0 65 11 85 72 0 62 0 10 2 25 1 0 2 13 48 
7 10 0 14 0 0 0 7 18 0 0 59 15 30 41 3 67 93 84 0 48 22 20 0 3 29 36 0 2 2 87 1 0 43 1 0 18 16 1 6 0 1 0 0 0 0 14 1 0 0 0 96 0 66 47 84 3 7 33 33 73 2 0 22 1 52 21 0 12 1 87 1 0 67 2 8 47 42 37 10 77 7 0 19 0 0 1 0 0 69 0 21 0 5 96 25 26 0 11 30 
16 0 1 0 26 8 1 54 93 0 0 17 0 2 0 0 99 47 23 0 9 17 83 83 0 98 1 46 0 63 0 0 0 26 0 0 0 0 31 0 10 70 30 1 13 1 57 0 0 0 92 85 29 9 0 0 43 1 33 4 1 0 1 0 0 0 52 7 0 8 51 21 12 85 56 43 49 0 0 73 0 89 43 0 0 9 69 1 13 0 56 0 13 50 18 45 0 26 86 0 
92 0 24 0 5 15 1 54 67 26 64 0 0 55 0 0 53 2 11 0 64 2 7 34 0 52 35 74 0 40 0 0 0 3 0 0 1 0 18 0 9 26 0 1 0 60 27 0 0 0 57 1 57 1 88 0 51 1 77 45 1 0 0 14 37 0 11 4 0 78 31 84 51 86 70 61 15 0 0 22 0 24 12 87 0 0 6 0 26 54 1 0 5 81 23 81 0 12 46 17 
8 1 1 5 0 0 0 63 59 30 0 0 0 0 74 60 33 0 18 15 1 63 84 0 1 19 32 79 1 2 71 25 82 4 37 1 0 33 1 26 40 40 75 0 0 0 0 54 0 24 0 24 0 48 0 1 75 19 1 49 8 6 10 35 60 32 17 0 1 66 0 0 26 63 49 55 6 67 1 0 46 16 0 9 33 54 40 42 0 1 0 0 0 6 3 45 2 0 57 1 
1 0 0 0 0 8 98 1 24 34 15 6 0 0 0 0 77 67 10 0 6 16 11 10 0 8 23 2 0 1 0 0 0 55 0 0 25 0 88 0 2 46 0 1 0 50 73 0 0 0 70 70 1 39 11 0 0 29 73 8 5 0 0 0 0 0 40 56 0 32 15 75 37 43 1 0 95 0 0 24 0 0 49 1 0 0 92 0 0 23 38 0 46 0 91 1 0 14 1 0 
0 1 0 81 0 0 0 40 0 32 0 0 60 0 0 27 15 0 0 5 0 47 0 0 21 0 0 0 4 0 54 18 0 0 1 69 0 10 0 44 0 7 0 0 0 0 0 7 0 0 0 19 0 0 0 0 52 0 76 0 37 37 0 0 0 10 0 0 1 0 0 0 0 0 0 35 9 14 4 0 61 38 0 0 7 0 7 0 0 0 0 0 0 35 0 96 54 0 0 89 
33 25 2 3 0 0 0 59 0 33 0 0 1 0 12 0 42 0 0 2 0 4 0 0 95 56 29 0 56 0 5 19 48 0 0 5 0 1 0 29 40 49 34 0 0 0 0 9 0 60 0 1 0 0 0 0 86 52 1 0 20 59 64 0 0 5 0 0 19 0 0 0 0 0 0 16 96 48 64 0 40 40 0 0 9 0 30 0 0 0 0 0 0 18 0 24 1 0 3 11 
34 85 14 10 1 1 3 13 64 4 78 94 5 49 92 57 0 11 64 87 52 21 29 13 49 92 94 66 1 1 1 38 0 30 34 69 2 8 18 47 83 32 18 43 6 23 67 5 0 3 15 60 21 1 30 1 12 29 70 16 67 8 26 59 74 5 3 4 4 14 37 14 59 34 6 79 3 48 3 92 4 42 58 47 82 83 10 94 22 85 19 0 67 10 15 9 1 34 42 27 
22 0 57 0 87 23 11 25 54 4 1 13 0 5 0 0 99 0 40 18 29 12 46 4 0 11 1 14 0 87 0 0 0 88 0 0 0 0 3 0 3 78 84 1 31 73 89 0 0 0 73 46 73 94 0 0 7 10 8 70 20 0 77 0 0 0 3 47 0 6 46 14 37 98 2 17 58 0 0 66 0 3 20 83 0 5 68 1 52 0 1 0 1 90 12 19 0 18 4 36 
46 34 94 0 1 8 85 3 1 40 13 97 34 26 0 0 18 70 0 1 45 25 5 2 0 73 1 1 0 30 18 49 24 44 0 46 0 0 1 1 44 14 15 61 38 73 22 0 45 35 3 57 5 1 0 0 3 58 19 15 29 0 65 0 0 14 1 76 0 20 54 57 55 90 5 70 58 0 16 1 0 3 1 4 0 2 28 4 44 68 1 0 68 67 93 22 0 48 36 4 
52 55 1 3 28 0 32 0 41 0 0 0 2 0 4 79 1 1 1 0 9 82 0 7 0 24 1 8 0 0 53 0 1 49 0 28 0 2 33 1 3 43 15 1 6 1 0 89 35 1 91 26 0 0 0 0 20 1 42 0 46 0 48 0 0 5 40 88 4 0 0 0 40 1 12 4 1 11 3 0 0 1 0 0 33 25 1 84 21 0 0 0 0 42 0 1 2 4 25 38 
42 46 42 28 65 32 1 57 1 43 13 1 70 75 0 0 6 58 1 86 0 77 12 30 0 1 90 31 25 1 3 2 13 77 0 69 0 0 33 31 66 67 1 93 38 74 58 0 0 16 52 16 36 44 95 0 19 22 9 1 11 78 1 51 86 17 48 86 3 1 33 94 24 5 93 17 34 1 40 35 0 20 14 44 0 18 7 36 1 56 47 0 6 1 43 20 77 56 1 2 
20 79 93 22 91 43 86 31 2 29 1 29 29 10 26 6 1 1 23 71 33 0 28 10 10 6 22 2 12 8 6 37 47 17 9 29 42 10 1 1 26 27 1 32 1 63 64 3 22 47 3 69 8 1 1 64 6 1 21 49 49 8 22 50 16 99 52 90 1 14 24 67 61 3 15 22 9 1 4 36 52 14 10 66 34 57 6 82 87 57 62 0 1 6 25 51 1 88 1 18 
36 13 68 1 0 63 69 31 78 28 1 81 37 17 0 0 5 49 64 0 40 1 0 14 0 10 1 1 1 1 40 21 0 3 47 0 10 0 2 1 80 1 0 4 0 52 79 0 0 0 77 37 35 19 88 68 9 99 80 59 84 59 0 3 37 12 3 28 0 1 87 63 10 5 95 2 61 0 51 18 0 16 66 10 0 0 60 0 0 8 77 27 1 96 16 3 55 78 2 1 
7 0 18 0 56 17 27 0 82 0 21 42 0 27 0 0 28 28 64 3 5 38 8 0 0 2 30 1 0 65 0 0 1 16 0 1 0 0 8 0 59 4 69 43 1 80 16 0 29 72 5 75 91 55 0 0 34 77 74 0 29 0 72 0 0 0 47 86 0 25 96 0 26 73 4 87 17 0 0 96 0 6 18 0 0 35 1 57 20 0 36 0 79 62 0 1 0 1 4 0 
0 7 0 71 0 0 0 1 0 62 0 0 64 0 66 2 81 0 0 0 0 89 0 0 0 0 0 0 1 0 54 1 0 0 39 0 0 90 0 1 0 68 0 0 0 0 0 42 0 0 0 29 0 0 0 0 4 0 10 0 18 57 0 9 0 94 0 0 46 0 0 0 0 0 0 4 65 1 44 0 13 87 0 0 10 0 95 0 0 0 0 0 0 3 0 81 88 0 0 12 
35 3 92 66 81 70 22 1 72 46 7 42 3 4 0 10 6 3 24 23 87 82 67 62 0 0 30 1 12 29 57 73 0 77 1 1 2 0 90 51 8 34 71 96 0 97 19 57 0 0 15 5 93 35 1 66 69 42 1 36 53 73 28 86 1 67 9 74 91 63 1 83 9 1 48 47 4 1 38 40 0 1 1 5 0 1 21 0 30 93 42 0 3 75 12 25 36 48 12 14 
17 83 9 68 74 76 56 38 1 11 30 28 10 66 0 1 26 1 75 58 11 56 50 71 0 3 0 77 27 8 11 42 2 96 0 36 0 0 46 2 33 3 52 12 13 50 59 93 17 62 11 66 15 15 0 0 81 6 66 52 1 56 52 0 0 71 55 85 60 13 85 0 16 68 10 1 47 7 4 34 0 5 44 16 0 71 78 89 6 0 65 0 7 20 10 91 1 28 10 1 
44 0 31 0 7 16 17 0 1 0 3 1 1 8 0 0 1 30 1 15 1 75 12 88 0 9 1 0 0 0 0 0 17 8 0 1 0 0 42 0 31 17 9 9 1 30 0 0 91 2 3 22 72 1 0 0 5 48 70 0 1 0 17 0 0 0 6 76 0 81 6 0 48 11 36 30 1 0 0 16 0 48 15 0 0 94 1 13 51 0 1 0 88 1 0 25 0 54 19 30 
0 47 0 12 0 0 0 82 0 10 0 0 70 0 1 6 62 0 0 0 30 4 1 0 12 36 78 0 0 49 56 6 0 0 79 0 6 96 0 56 0 35 0 0 0 0 16 88 0 0 0 27 0 2 14 8 1 64 34 69 71 14 0 4 79 73 0 0 90 51 0 43 0 0 0 1 80 10 40 0 11 2 0 1 44 0 58 0 0 93 0 98 0 3 1 15 70 0 1 21 
86 16 0 0 0 33 0 19 17 1 73 68 1 39 0 0 1 1 20 0 52 11 39 12 0 78 4 0 59 0 69 4 0 16 78 0 1 0 90 0 53 91 0 84 0 10 82 0 0 0 1 7 19 30 60 24 23 17 1 12 92 32 0 29 69 47 27 0 0 78 97 54 0 48 26 0 35 0 0 11 0 0 38 29 0 0 40 0 0 1 1 56 62 4 37 60 0 3 1 46 
13 64 3 99 0 0 0 36 0 60 0 0 52 0 63 45 97 0 16 26 1 98 19 0 47 5 84 0 34 67 0 7 0 57 19 8 55 14 52 11 1 72 0 0 0 0 0 50 0 0 0 14 0 75 81 16 35 30 17 88 2 20 0 18 11 33 0 0 2 15 0 88 0 0 12 61 19 15 1 0 9 54 0 67 18 0 11 0 0 17 0 1 0 94 32 17 22 0 70 10 
0 1 0 71 0 0 0 64 0 1 0 0 9 0 36 15 44 0 95 0 1 6 18 0 17 30 1 0 46 13 42 0 0 44 67 0 52 1 0 83 0 21 0 0 0 0 1 1 0 0 0 14 0 63 32 55 1 1 9 99 1 2 0 3 1 81 0 0 2 59 59 5 0 0 0 13 85 82 1 1 1 1 0 49 1 0 37 0 0 7 0 28 0 92 28 97 31 0 68 22 
85 0 52 0 35 0 47 0 8 0 0 0 1 0 0 12 0 0 2 17 56 2 0 68 0 0 25 1 0 0 0 0 0 28 0 28 0 0 91 3 55 96 13 1 1 0 0 4 11 96 81 0 0 0 0 0 10 0 1 0 0 0 12 0 0 0 35 25 0 0 0 0 34 35 0 32 10 3 0 0 0 12 0 0 69 8 1 61 3 0 0 0 0 19 0 0 0 15 0 0 
24 12 31 36 11 4 3 1 59 62 45 2 31 12 0 0 33 7 8 53 6 8 58 55 0 72 19 53 0 39 1 1 2 0 0 26 0 0 88 38 51 39 4 2 1 3 58 88 73 1 72 4 12 78 0 0 1 21 66 18 53 0 35 0 0 1 63 16 21 7 5 99 1 51 47 1 1 17 1 96 0 6 14 25 0 93 33 18 81 0 1 0 36 12 17 38 37 16 94 1 
0 1 0 22 0 0 0 35 0 1 0 0 1 0 52 0 85 0 0 0 0 81 54 0 73 92 0 0 80 35 1 38 0 0 0 0 2 0 0 1 0 0 0 0 0 0 53 0 0 0 0 19 0 12 59 2 0 29 17 1 1 52 0 18 6 32 0 0 14 3 40 54 0 0 0 0 74 0 4 1 73 0 0 13 0 0 4 0 0 86 0 28 0 0 1 61 1 0 36 16 
6 19 40 89 5 0 10 0 36 0 0 0 81 0 17 12 47 0 32 6 1 62 0 52 0 4 4 42 0 0 48 0 37 1 0 0 0 26 3 8 48 73 24 14 39 56 0 1 66 81 36 42 0 0 0 0 42 58 22 0 59 0 62 0 0 31 54 46 77 0 0 0 70 54 53 26 1 27 97 0 0 21 0 0 25 52 88 16 96 0 0 0 0 41 0 90 1 54 25 6 
0 0 0 0 0 0 0 53 0 1 0 14 0 29 0 0 91 0 0 0 0 77 2 0 0 37 0 0 1 31 1 58 0 0 4 0 0 0 0 0 0 0 0 0 0 0 5 0 0 0 0 7 0 28 40 1 0 59 0 1 50 2 0 59 24 0 0 0 0 1 13 1 0 0 0 0 2 0 0 47 0 0 0 16 0 0 0 0 0 4 0 61 0 0 1 63 0 0 42 5 
0 19 93 72 0 0 0 41 0 1 0 0 37 0 1 15 15 0 0 32 0 48 0 0 65 0 0 0 31 0 2 49 0 0 0 62 0 0 0 42 0 7 0 0 0 0 0 23 0 0 0 1 0 0 0 0 17 0 36 0 92 1 0 0 0 7 0 0 37 0 0 0 0 0 0 36 2 49 22 0 55 6 0 0 71 0 35 0 0 0 0 0 0 81 0 45 23 0 0 87 
1 87 1 0 56 43 5 75 5 59 76 58 91 1 0 0 4 18 20 8 20 9 60 80 0 39 1 15 0 1 1 0 73 44 0 1 0 0 0 68 15 56 1 85 1 14 65 89 16 20 29 95 66 41 0 0 9 19 1 91 8 0 14 0 0 79 27 86 8 7 17 77 40 83 55 39 18 17 21 10 0 95 8 93 0 79 16 7 60 0 1 0 54 44 1 56 1 86 8 95 
1 35 8 45 0 0 0 66 6 85 0 0 11 0 50 6 25 0 54 84 1 41 11 0 59 8 44 0 79 0 73 1 35 73 31 50 0 1 9 0 1 4 53 0 0 0 0 41 0 15 0 1 0 0 0 0 73 29 5 28 74 29 6 5 82 88 0 0 26 61 0 0 0 1 34 61 61 18 32 0 83 36 0 1 58 88 13 0 0 1 0 0 0 20 1 54 4 0 1 21 
35 1 4 0 20 10 21 1 14 0 65 17 36 57 0 56 29 1 29 95 96 81 1 35 0 18 20 38 0 13 3 0 73 80 0 1 0 0 81 65 0 1 39 5 1 40 50 1 6 84 11 4 85 94 0 0 1 35 55 1 59 0 38 0 0 13 7 84 1 1 1 0 84 32 17 17 31 12 1 2 0 3 43 0 0 1 37 2 98 0 2 0 8 60 0 39 52 39 14 20 
1 14 30 31 1 0 32 1 46 28 7 15 21 35 11 75 4 1 16 22 35 1 22 87 17 55 95 8 5 28 1 4 2 9 0 1 0 4 2 2 39 0 17 18 50 5 22 17 11 60 10 17 12 88 0 0 53 27 89 70 17 1 1 1 0 69 50 91 73 2 31 71 23 13 98 1 2 67 42 35 77 3 8 12 75 66 90 50 15 2 1 0 0 38 6 36 59 9 75 21 
67 40 98 0 1 0 1 0 50 0 7 0 43 0 0 5 22 49 23 92 45 69 0 16 0 91 2 35 0 0 0 0 1 2 0 11 0 0 1 15 1 4 0 54 4 30 0 90 74 34 75 6 0 0 0 0 84 13 7 0 0 0 17 0 0 0 44 65 5 0 0 0 5 60 37 15 1 70 32 0 0 5 0 0 0 44 1 87 39 0 0 0 0 36 0 30 0 57 0 8 
1 0 45 0 10 4 51 79 15 0 61 13 0 36 0 0 52 29 29 14 10 12 2 79 0 34 20 58 0 33 0 0 4 7 0 1 0 0 39 0 1 8 60 0 1 21 7 0 82 7 33 4 3 19 0 0 2 1 46 32 1 0 14 0 0 0 29 3 0 21 4 0 92 75 12 29 2 0 0 84 0 8 1 0 0 71 3 67 39 0 43 0 30 25 5 3 0 22 94 54 
45 0 1 0 19 0 1 0 5 0 72 0 0 0 0 0 61 27 91 1 98 1 0 82 0 0 12 35 0 0 0 0 7 8 0 42 0 0 23 0 9 63 4 3 0 37 0 0 13 46 61 0 0 0 0 0 87 0 51 0 0 0 20 0 0 0 1 1 0 0 0 0 11 24 23 1 17 0 0 0 0 15 0 0 0 92 8 58 15 0 0 0 0 14 0 0 0 54 0 0 
1 0 12 0 1 34 5 88 1 0 19 8 0 20 0 0 88 61 59 91 1 76 7 26 0 52 11 46 0 9 0 0 0 50 0 12 0 0 11 0 1 28 84 17 17 0 52 0 0 99 39 58 84 29 0 0 80 7 25 4 18 0 46 0 0 0 27 28 0 79 78 12 82 72 28 46 10 0 0 43 0 1 2 0 0 20 73 37 3 0 42 0 15 66 23 77 0 67 58 39 
57 0 0 0 0 99 0 71 7 59 5 46 0 7 0 0 17 1 95 0 44 2 37 6 0 15 31 0 41 4 0 49 0 1 72 0 47 0 3 0 35 1 0 16 0 13 0 0 0 0 2 61 19 30 13 17 0 49 7 96 76 61 0 22 14 0 2 13 0 19 95 7 0 15 72 0 3 0 0 6 0 0 54 1 0 0 58 0 0 60 1 5 1 0 47 51 0 49 12 26 
1 79 6 10 0 0 0 1 0 7 0 0 30 0 18 86 14 0 0 1 0 70 0 0 11 5 66 0 74 0 84 30 29 37 0 90 0 90 44 18 84 19 45 0 0 0 0 0 1 19 0 27 0 0 0 0 8 1 86 0 25 11 60 0 0 21 0 0 7 0 0 0 0 0 0 59 2 1 1 0 5 21 0 0 1 44 79 14 0 0 0 0 0 74 0 44 14 0 99 5 
56 0 16 0 66 0 22 0 8 0 0 0 0 0 0 0 0 0 83 1 0 19 0 14 0 0 7 58 0 0 0 0 77 82 0 1 0 0 95 0 51 13 84 19 1 0 0 8 0 20 4 0 0 0 0 0 45 0 88 0 0 0 30 0 0 0 61 88 0 0 0 0 11 34 0 58 0 51 0 0 0 40 0 0 0 1 55 96 1 0 0 0 0 75 0 0 0 16 0 0 
3 1 95 0 1 0 1 0 85 0 0 0 24 0 0 7 36 0 5 47 75 16 0 8 0 0 18 18 0 0 0 0 27 16 0 7 0 0 1 35 51 1 66 1 76 1 0 34 15 0 9 0 0 0 0 0 2 0 60 0 0 0 27 0 0 0 7 25 0 0 0 0 28 2 1 80 87 1 0 0 0 37 0 0 0 17 2 56 61 0 0 0 0 85 0 73 0 24 0 0 
45 0 88 0 59 3 9 0 17 0 68 2 0 1 0 0 98 34 9 12 97 60 1 23 0 77 17 8 0 1 0 0 20 1 0 23 0 0 27 0 16 84 3 54 51 11 15 0 36 14 0 20 71 38 0 0 1 21 47 0 38 0 20 0 0 0 95 87 0 42 27 0 6 63 26 17 43 0 0 1 0 63 25 0 0 1 71 37 51 0 52 0 46 4 0 81 0 26 83 0 
33 5 63 48 0 0 0 19 46 17 10 49 51 1 77 46 58 1 3 5 15 73 12 7 28 1 1 79 1 99 29 5 0 3 20 30 70 45 5 15 56 16 98 21 0 91 79 19 0 0 10 0 92 2 83 12 92 93 68 1 41 60 12 44 38 17 83 56 41 12 85 11 90 1 21 1 3 9 61 8 83 16 4 44 60 1 14 0 0 95 50 6 0 47 26 30 20 2 24 24 
27 0 0 0 0 87 4 70 38 0 39 1 0 1 0 0 1 12 70 0 2 3 8 7 0 97 76 23 0 50 0 0 0 39 0 0 0 0 53 0 28 1 0 11 0 16 60 0 0 0 1 1 0 40 98 0 0 2 68 1 72 0 0 0 0 0 10 1 0 15 17 87 55 32 29 0 65 0 0 5 0 0 18 1 0 0 1 0 0 6 79 0 25 0 83 33 0 87 40 0 
1 13 65 0 41 5 83 87 27 1 1 98 6 47 0 0 26 1 20 0 3 51 1 1 0 36 66 10 19 22 65 21 0 1 71 0 52 0 31 0 2 5 0 28 0 41 45 0 0 0 6 1 2 0 1 14 4 28 3 50 2 57 0 1 81 0 23 34 0 9 38 66 51 66 64 40 35 0 0 50 0 21 10 89 0 0 12 0 82 4 17 0 30 3 28 99 0 13 77 9 
0 0 0 0 0 0 0 16 0 97 0 3 0 13 0 0 5 0 0 0 36 48 58 0 0 15 0 0 61 3 78 36 0 0 1 0 1 0 0 0 0 0 0 0 0 0 8 0 0 0 0 74 12 57 0 12 0 13 11 60 96 3 0 1 60 0 0 0 0 25 4 8 0 0 83 0 8 0 0 1 0 0 0 13 0 0 47 0 0 3 0 8 0 0 27 56 0 0 6 20 
0 3 0 1 0 0 0 13 0 56 0 0 10 0 0 0 1 0 0 0 0 1 70 0 0 39 0 0 1 4 39 1 0 0 8 0 16 0 0 0 0 0 0 0 0 0 42 0 0 0 0 48 0 11 81 0 0 41 24 20 62 55 0 15 22 85 0 0 0 69 57 41 0 0 0 0 48 0 79 17 0 0 0 5 0 0 0 0 0 33 0 50 0 0 83 54 2 0 47 1 
14 1 61 16 1 0 31 27 4 37 11 36 33 0 53 6 39 31 95 6 28 14 1 29 13 71 18 28 82 26 41 16 26 3 0 1 0 30 1 10 32 77 3 34 2 1 0 1 58 15 85 47 0 79 0 0 0 5 2 60 46 46 82 0 0 1 9 63 77 92 97 0 30 4 22 12 43 95 15 32 18 15 0 6 85 11 1 5 1 0 0 0 0 17 44 89 30 6 1 20 
21 25 45 72 1 28 18 49 95 4 38 51 58 1 0 65 19 94 1 46 3 76 88 9 0 1 53 57 1 56 58 3 0 1 27 12 57 0 26 74 41 59 39 5 0 21 1 41 0 0 9 1 5 35 87 1 29 0 13 58 68 4 41 21 39 41 24 3 22 1 1 1 1 13 65 2 72 50 42 9 0 2 65 32 0 85 44 11 42 31 25 0 10 13 33 1 49 19 1 2 
4 85 5 1 85 46 27 9 36 36 3 1 26 19 26 5 1 1 1 2 3 10 1 28 67 3 49 17 7 58 30 49 14 10 90 13 0 31 1 86 1 13 66 64 21 1 56 87 68 24 45 28 1 49 52 80 97 1 0 17 7 6 25 49 38 45 29 68 71 79 95 80 49 6 22 1 88 17 58 76 2 74 1 8 78 29 57 43 63 54 72 0 30 48 33 9 98 13 5 8 
42 26 0 37 0 79 0 84 20 67 13 17 27 49 0 0 62 70 4 0 51 86 10 0 0 4 13 0 16 34 1 15 0 6 72 0 19 0 21 4 85 78 0 54 0 9 39 0 0 0 0 97 36 3 82 4 95 85 43 0 52 29 0 47 94 1 28 0 1 44 1 2 0 2 1 5 85 0 14 5 0 7 1 85 0 0 2 0 0 5 66 78 91 52 79 52 7 0 5 29 
1 2 14 99 0 0 0 95 40 31 47 14 1 11 73 62 40 43 89 24 3 3 4 7 79 44 88 16 11 6 51 1 0 93 68 2 8 43 93 4 36 85 0 27 0 34 1 1 0 0 43 1 16 84 49 89 63 1 61 7 0 7 0 9 14 64 44 12 15 31 2 30 27 23 3 4 32 18 70 50 11 68 1 7 69 0 8 0 0 1 45 29 1 3 50 43 16 28 47 23 
0 2 0 5 0 0 0 1 0 6 0 0 1 0 8 18 51 0 0 0 10 8 8 0 50 5 26 0 95 26 64 21 0 0 14 0 54 1 0 1 0 99 0 0 0 0 2 1 0 0 0 2 0 6 2 1 1 6 11 8 35 0 0 67 28 16 0 0 65 37 76 36 0 0 0 2 52 98 12 11 1 68 0 76 11 0 60 0 0 86 0 44 0 11 54 2 4 0 73 36 
25 2 91 0 53 0 83 0 67 0 12 0 44 0 0 29 97 2 59 93 44 97 0 80 0 37 37 79 0 0 0 0 42 18 0 1 0 0 31 61 28 1 47 85 15 57 0 56 8 2 10 4 0 0 0 0 7 72 24 0 0 0 0 0 0 0 88 93 0 0 0 0 90 74 23 9 95 1 0 0 0 62 0 0 0 1 95 98 8 0 0 0 0 11 0 14 0 49 0 88 
0 6 0 48 0 0 0 14 0 59 0 16 64 0 0 0 51 0 0 0 72 4 34 0 65 75 0 0 35 70 29 67 0 0 26 0 59 0 0 10 0 20 0 0 0 0 59 0 0 0 0 45 0 46 2 1 0 5 46 35 8 13 0 0 52 2 0 0 91 52 78 70 0 0 0 0 44 0 65 1 14 0 0 93 0 0 3 0 0 66 0 77 0 83 2 38 97 0 1 32 
0 6 0 47 0 0 0 10 0 34 0 78 37 0 0 0 84 0 0 0 60 5 20 0 0 54 0 0 6 1 9 1 0 0 92 0 31 0 0 63 0 0 0 0 0 0 5 0 0 0 0 26 0 66 72 13 0 36 82 1 31 44 0 24 0 84 0 0 0 88 40 7 0 0 0 0 12 0 20 21 0 0 0 49 0 0 97 0 0 35 0 4 0 0 8 23 22 0 22 10 
1 62 4 92 0 0 0 1 0 71 0 0 1 0 62 53 39 0 10 42 67 4 70 0 7 55 45 0 25 4 85 81 0 2 40 1 0 30 37 26 1 9 0 0 0 0 0 1 0 0 0 1 0 0 0 25 1 64 42 3 1 1 0 87 5 0 0 0 4 51 0 0 0 0 0 11 80 29 14 0 54 19 0 3 58 0 83 0 0 48 0 0 0 90 11 1 1 0 65 5 
5 1 32 0 2 12 25 43 28 42 25 30 62 20 0 0 33 23 26 17 24 13 1 93 0 10 38 56 0 2 0 0 63 16 0 50 0 0 96 0 21 77 2 5 99 9 11 0 5 31 1 18 91 6 0 0 51 47 8 31 96 0 62 0 0 0 0 1 0 16 16 4 70 74 28 42 91 0 0 2 0 33 1 19 0 79 47 28 7 0 49 0 1 35 8 31 0 95 1 16 
87 0 26 0 14 33 49 0 14 0 1 27 0 4 0 0 72 68 32 63 1 27 96 27 0 18 86 54 0 0 0 0 87 69 0 10 0 0 40 0 1 1 10 9 8 8 45 0 46 51 1 93 35 41 0 0 18 58 74 0 35 0 31 0 0 0 19 0 0 1 7 0 16 46 1 12 31 0 0 26 0 1 78 0 0 7 1 1 44 0 73 0 16 13 0 71 0 6 38 0 
5 66 33 2 0 0 0 96 0 76 0 0 37 0 38 12 36 0 0 98 57 42 0 0 36 45 58 0 16 0 94 27 0 6 93 4 0 10 11 1 55 30 3 0 0 0 0 50 0 0 0 1 0 0 0 0 28 7 76 21 9 3 0 17 0 1 0 0 0 39 0 0 0 0 0 6 53 24 14 0 23 1 0 68 6 0 4 0 0 0 0 0 0 70 32 63 20 0 94 85 
1 49 96 23 0 18 0 13 1 11 51 92 1 70 0 0 1 15 81 0 4 21 2 1 0 97 22 61 54 6 8 2 0 74 47 0 7 0 1 1 35 1 0 1 0 11 1 0 0 0 1 44 10 23 1 3 2 55 13 51 93 29 0 97 87 6 1 2 15 0 73 1 1 5 1 78 63 0 53 85 0 56 1 53 0 0 25 0 0 53 16 64 3 29 65 5 82 28 4 80 
81 0 16 0 0 4 2 79 32 1 98 6 0 64 0 0 28 1 78 0 99 2 80 24 0 36 29 6 0 35 0 74 0 25 1 0 1 0 4 0 32 12 0 41 0 1 69 0 0 0 28 4 55 68 4 4 80 36 24 92 6 58 0 74 79 0 17 34 0 62 0 2 40 95 41 0 37 0 0 30 0 1 1 18 0 0 25 0 0 90 52 0 87 77 36 47 0 1 1 7 
0 5 0 0 0 14 0 15 16 1 3 32 0 49 0 0 1 3 1 0 11 76 16 0 0 65 0 0 16 1 1 99 0 5 1 0 50 0 78 0 0 24 0 0 0 26 41 0 0 0 0 30 86 1 62 11 0 62 5 40 22 63 0 44 83 0 9 0 0 71 1 0 0 0 45 0 1 0 0 5 0 0 34 1 0 0 18 0 0 15 82 1 98 0 87 60 0 0 70 92 
34 0 32 0 45 39 71 0 7 0 86 17 33 20 0 0 35 47 99 58 24 11 22 46 0 27 49 10 0 0 0 0 19 2 0 41 0 0 54 0 62 23 6 60 1 73 0 0 55 24 59 81 8 1 0 0 7 13 71 0 90 0 21 0 0 0 45 99 0 34 97 0 0 57 70 1 11 0 0 2 0 61 5 0 0 54 57 9 21 0 58 0 12 65 0 57 0 33 94 52 
13 88 99 0 47 23 55 28 65 3 28 79 4 26 0 0 1 39 3 83 20 46 2 29 0 77 1 99 0 3 0 0 9 12 0 20 0 0 50 3 51 84 65 11 63 1 2 0 20 52 83 85 66 6 0 0 59 15 10 13 8 0 70 0 0 0 3 7 0 96 88 0 3 0 17 51 57 0 31 92 0 9 81 9 0 28 8 63 6 0 14 0 42 2 6 38 0 56 10 5 
89 66 5 0 2 92 54 3 52 1 72 8 13 9 0 0 42 5 72 8 91 1 80 2 0 3 67 12 0 86 29 0 0 1 0 3 0 0 20 9 38 66 1 4 31 73 1 0 0 67 26 83 1 77 3 0 78 47 1 3 1 0 20 0 0 0 83 50 0 30 84 6 36 90 0 41 9 0 0 28 0 50 1 20 0 63 16 1 1 4 1 0 89 7 23 22 0 31 33 4 
1 46 9 26 96 0 1 11 2 96 27 86 11 0 20 14 31 68 72 55 53 18 34 1 79 19 40 22 6 0 49 2 65 32 0 47 0 10 3 42 67 62 45 78 14 1 0 1 89 9 32 6 0 18 0 0 1 1 5 30 65 1 75 0 0 66 15 30 2 1 0 0 16 68 7 0 24 37 1 0 97 79 0 0 15 22 59 79 3 0 0 0 0 6 26 3 19 26 66 39 
63 2 32 8 16 25 48 57 2 89 5 24 11 57 96 11 52 6 4 33 19 16 98 73 1 28 4 9 59 1 23 18 1 97 37 26 46 19 97 46 42 17 44 22 1 85 75 10 0 40 28 98 1 83 82 75 1 6 43 42 8 34 35 46 47 14 87 47 64 5 46 48 69 27 43 1 0 13 6 5 7 2 93 2 74 1 6 1 68 1 59 0 57 2 92 35 48 1 1 33 
3 89 40 43 0 0 0 1 0 61 0 0 39 0 32 2 38 0 0 74 1 5 0 0 63 45 63 0 22 0 49 1 33 46 0 23 0 47 56 73 1 9 30 0 0 0 0 2 41 30 0 40 0 0 0 0 28 49 26 0 4 1 39 0 0 2 0 0 84 0 0 0 0 0 0 24 1 0 96 0 59 43 0 0 3 23 4 0 0 0 0 0 0 9 0 25 36 0 41 54 
57 1 9 81 0 0 0 6 0 19 0 0 1 0 83 6 79 0 1 38 74 1 31 0 2 10 52 0 1 0 1 97 0 61 81 33 0 13 62 24 1 81 4 0 0 0 0 51 0 0 0 1 0 0 0 1 38 19 3 8 77 9 0 73 79 19 0 0 16 14 0 0 0 12 0 15 3 22 0 0 12 80 0 51 1 0 7 0 0 22 0 0 0 51 76 10 12 0 62 33 
35 41 78 0 0 6 2 45 5 14 65 42 0 18 0 0 64 1 55 0 63 76 71 5 0 13 60 14 0 22 0 11 0 17 1 0 1 0 53 0 20 84 0 29 0 1 40 0 0 0 27 55 6 4 76 1 72 1 20 99 14 35 0 58 28 0 1 62 0 21 83 1 96 60 20 0 26 0 0 0 0 8 28 6 0 0 79 0 0 47 66 0 75 6 21 5 0 21 7 1 
0 79 0 53 0 0 0 43 0 66 0 0 86 0 7 20 25 0 0 0 0 6 0 0 29 0 0 0 33 0 19 92 0 0 85 0 0 19 0 35 0 82 0 0 0 0 0 72 0 0 0 62 0 0 0 0 56 0 33 0 10 43 0 34 0 1 0 0 44 0 0 0 0 0 0 47 83 49 5 0 0 65 0 0 3 0 79 0 0 0 0 0 0 58 0 21 4 0 73 23 
4 29 63 3 4 0 16 48 29 79 14 4 52 0 49 51 61 1 8 3 24 40 21 8 3 28 74 42 17 0 42 86 46 31 0 81 0 6 1 3 30 1 13 13 85 61 0 6 56 11 1 7 0 7 0 0 9 19 7 98 3 39 1 0 0 14 7 70 1 21 34 0 53 3 47 25 20 21 7 11 2 0 0 0 3 42 25 34 1 0 0 0 0 1 39 16 75 82 46 58 
3 0 0 0 2 38 70 35 5 0 72 87 0 24 0 0 21 2 71 0 30 5 54 5 0 40 27 27 0 57 0 0 0 47 0 0 0 0 32 0 38 1 0 55 0 1 5 0 0 0 1 26 6 21 0 0 0 1 50 1 20 0 0 0 0 0 44 33 0 37 1 1 65 25 6 0 8 0 0 1 0 0 0 0 0 0 1 0 1 0 33 0 84 0 5 71 0 67 1 0 
0 39 0 6 0 0 0 7 82 32 0 91 7 33 0 0 34 47 14 0 71 80 93 0 0 64 1 0 5 1 55 45 0 31 1 0 4 0 6 63 0 1 0 0 0 0 13 0 0 0 0 20 16 74 29 14 18 3 77 3 24 13 0 55 3 27 63 0 2 77 70 6 0 90 59 0 50 0 49 10 0 0 0 0 0 0 78 0 0 67 7 65 0 95 87 6 7 0 7 14 
83 93 99 42 0 0 0 0 0 0 0 0 65 0 3 51 45 0 0 2 0 1 0 0 65 0 0 0 32 0 93 63 66 0 0 69 0 1 0 1 0 28 0 0 0 0 0 1 0 0 0 1 0 0 0 0 42 0 83 0 1 10 0 0 0 16 0 0 78 0 0 0 0 0 0 1 23 11 61 0 77 13 0 0 0 0 6 0 0 0 0 0 0 42 0 1 8 0 0 78 
89 50 16 0 8 0 33 0 22 0 68 0 60 0 0 0 8 22 69 49 2 23 0 49 0 1 23 7 0 0 0 0 1 53 0 3 0 0 45 91 60 49 60 6 36 86 0 2 18 30 1 67 0 0 0 0 77 48 95 0 0 0 8 0 0 0 24 6 0 0 0 0 59 60 21 80 2 1 0 0 0 80 0 0 0 0 40 1 70 0 0 0 0 61 0 47 0 23 0 84 
19 1 1 20 59 8 29 9 1 89 40 5 27 1 43 4 23 18 9 5 33 64 59 42 1 94 88 16 46 1 6 7 3 88 20 20 0 8 89 11 2 43 50 76 60 53 1 97 4 1 1 47 26 40 94 0 10 1 1 8 46 2 50 32 58 81 29 4 85 57 44 1 46 31 64 12 22 50 20 43 37 4 65 35 80 24 0 14 51 9 40 0 41 65 61 3 11 71 7 14 
22 0 37 0 80 0 12 0 46 0 4 0 11 0 0 0 10 1 49 20 16 84 0 2 0 0 83 34 0 0 0 0 1 10 0 2 0 0 46 0 50 4 29 57 2 12 0 19 1 72 31 0 0 0 0 0 57 13 95 0 0 0 62 0 0 0 33 67 0 0 0 0 69 56 5 3 29 0 0 0 0 1 0 0 0 1 1 0 97 0 0 0 0 1 0 37 0 2 0 0 
20 0 6 0 14 4 24 0 4 0 13 23 0 0 0 0 3 25 68 1 30 24 0 1 0 37 10 42 0 0 0 0 1 1 0 47 0 0 11 0 63 26 47 18 72 9 0 0 1 43 4 0 0 84 0 0 52 2 88 0 0 0 91 0 0 0 40 39 0 0 0 0 84 1 36 24 8 0 0 0 0 40 96 0 0 94 19 1 0 0 17 0 0 7 0 59 0 1 0 0 
0 52 0 32 0 0 0 10 0 31 0 18 1 24 0 0 1 0 25 0 12 86 51 0 0 85 0 0 50 43 71 5 0 0 20 0 89 0 0 38 0 31 0 0 0 0 28 0 0 0 0 1 85 57 10 12 0 1 20 24 27 73 0 3 51 19 0 0 0 81 6 30 0 0 1 0 3 0 13 77 0 0 0 23 0 0 12 0 0 0 0 1 0 0 31 43 4 0 4 1 
61 0 0 0 60 24 4 1 27 0 27 88 0 55 0 0 12 46 35 0 90 48 33 26 0 1 67 39 0 8 0 0 0 24 0 0 0 0 43 0 73 66 0 47 0 48 1 0 0 0 59 17 82 80 0 0 0 79 73 32 60 0 0 0 0 0 12 21 0 61 4 2 42 86 98 0 85 0 0 51 0 0 1 1 0 0 3 0 11 0 0 0 3 0 44 4 0 56 32 0 
0 0 0 0 0 0 0 41 0 87 0 0 0 0 0 0 0 0 0 0 0 0 9 0 0 0 0 0 37 62 89 1 0 0 7 0 80 0 0 0 0 0 0 0 0 0 67 0 0 0 0 93 0 0 65 1 0 0 0 16 84 1 0 23 61 0 0 0 0 74 0 63 0 0 0 0 0 0 0 0 0 0 0 8 0 0 0 0 0 87 0 0 0 0 19 0 0 0 39 0 
8 0 0 0 0 23 1 0 42 0 1 86 0 19 0 0 73 1 10 0 22 1 5 1 0 74 52 14 0 27 0 0 0 30 0 0 0 0 5 0 12 0 0 69 0 2 30 0 0 0 16 0 41 28 0 0 0 22 76 8 8 0 0 0 0 0 1 28 0 7 72 66 62 5 2 0 30 0 0 34 0 0 90 0 0 0 1 0 0 0 1 0 0 0 61 67 0 1 20 0 
25 50 32 1 68 0 20 51 1 3 1 40 1 0 18 1 51 51 90 14 21 3 10 45 17 81 31 29 64 32 87 48 89 64 0 35 0 24 21 97 1 30 24 37 59 1 0 81 5 11 1 91 0 9 0 0 1 62 9 63 48 29 32 53 0 1 39 12 61 13 1 0 74 1 85 98 63 13 50 13 7 18 0 1 20 14 11 1 16 0 0 0 0 0 1 9 40 61 56 5 
41 58 0 26 0 17 0 3 41 97 6 1 9 5 0 0 76 1 45 0 81 1 36 0 0 1 3 0 80 50 99 25 0 5 79 0 54 0 13 14 0 70 0 75 0 1 1 0 0 0 0 85 1 57 40 55 76 25 88 52 4 4 0 3 14 38 1 0 6 1 52 80 0 87 9 1 64 0 37 21 0 87 61 95 0 0 11 0 0 13 45 1 75 36 0 14 29 0 21 2 
95 53 27 52 2 9 1 71 13 51 93 92 50 21 9 28 23 1 33 15 7 1 86 33 1 99 4 1 24 32 7 73 0 35 94 96 98 59 32 2 99 71 5 86 0 1 73 84 0 44 1 2 40 21 54 3 26 18 98 1 53 8 12 1 1 1 25 10 44 49 1 50 1 20 7 1 92 47 55 83 1 46 21 19 11 1 61 20 1 27 16 0 45 1 8 0 1 9 10 1 
7 3 4 1 0 0 0 6 0 4 0 0 48 0 46 3 67 0 0 56 66 3 59 0 2 2 1 0 1 0 89 97 0 1 4 2 0 48 1 39 1 34 0 0 0 0 0 15 0 0 0 1 0 0 0 62 15 67 14 13 4 63 0 11 14 8 0 0 15 24 0 0 0 0 0 14 30 12 54 0 24 23 0 1 71 0 5 0 0 79 0 0 0 82 4 65 0 0 27 93 
4 0 52 0 7 38 17 0 22 0 65 6 0 6 0 0 1 20 69 1 13 41 38 16 0 50 3 38 0 32 0 0 10 4 0 53 0 0 12 0 47 14 5 4 7 49 5 0 12 49 98 82 31 74 0 0 28 15 50 0 1 0 22 0 0 0 13 91 0 18 6 0 1 4 9 85 31 0 0 1 0 6 86 0 0 28 5 36 22 0 1 0 3 29 0 2 0 0 13 0 
1 1 1 6 0 5 0 77 1 15 10 19 36 88 0 79 39 60 69 1 43 8 29 79 0 10 59 11 30 2 1 2 0 5 58 3 22 0 13 63 17 65 0 34 0 1 80 79 0 0 9 10 4 1 33 38 32 32 39 57 13 40 0 79 74 32 62 75 6 92 4 9 21 44 27 1 74 55 15 5 1 16 45 18 0 0 3 0 0 1 62 57 87 11 31 96 17 7 0 2 
1 4 48 76 0 0 0 16 92 3 0 10 13 0 4 35 2 8 64 1 1 26 65 0 25 66 23 59 3 19 76 3 0 8 83 6 82 29 29 1 2 65 17 26 0 1 16 99 0 0 0 25 0 6 82 73 30 1 1 23 67 61 34 39 26 9 1 0 20 9 9 49 13 14 45 27 83 44 16 43 17 99 0 2 71 44 18 0 0 9 0 0 0 79 30 46 6 0 1 0 
