100 1000
0 8 10 9 3 6 4 9 8 5 182 182 181 186 177 182 186 181 181 181 185 189 149 147 146 147 153 150 77 76 83 76 78 82 81 79 82 79 78 81 79 81 83 80 201 197 196 86 86 91 92 90 87 92 89 90 90 90 83 92 85 92 92 86 93 90 91 90 90 90 87 95 90 90 92 93 92 89 87 95 7 11 9 11 15 13 13 16 12 15 15 7 10 12 12 14 13 200 200 198 
8 0 4 3 8 2 7 4 2 4 188 189 188 192 183 189 193 188 188 187 192 195 153 152 151 151 158 155 72 71 77 70 73 77 76 74 77 75 72 75 74 76 77 74 208 203 203 91 91 96 97 96 92 97 94 95 96 95 88 97 90 98 97 91 98 96 84 83 83 83 80 88 83 83 85 86 85 82 80 88 9 8 10 12 14 11 10 17 12 13 16 9 7 12 13 15 14 205 205 203 
10 4 0 1 11 6 8 8 3 8 189 189 188 192 184 189 193 188 188 188 192 196 153 151 150 150 157 154 73 72 78 71 74 77 77 75 78 76 73 76 75 77 78 75 209 204 204 95 95 100 101 99 96 101 98 99 99 99 92 101 94 102 101 95 102 100 81 80 80 79 77 84 79 79 81 82 82 78 77 85 13 11 14 16 18 15 13 20 16 17 19 13 10 15 17 18 18 205 204 203 
9 3 1 0 10 5 7 7 1 7 188 189 187 192 183 188 193 187 187 187 192 195 152 151 149 150 156 153 73 72 79 72 74 78 77 75 78 76 74 77 75 77 78 76 208 204 203 94 94 99 100 98 95 100 96 98 98 98 91 99 93 101 100 94 101 99 82 81 81 80 78 85 81 80 83 83 83 80 78 86 12 10 13 15 17 14 12 20 15 16 18 12 10 15 16 18 17 204 204 202 
3 8 11 10 0 6 7 8 9 5 183 184 183 187 178 184 188 182 183 182 187 190 151 149 149 149 155 152 76 74 81 74 76 80 79 77 80 77 76 79 78 80 81 78 202 198 198 84 84 89 90 88 85 90 87 88 88 88 81 90 83 91 90 84 91 89 92 91 91 91 88 96 91 91 93 94 93 90 88 96 5 10 6 9 12 11 12 13 10 13 13 5 8 9 10 11 10 202 202 200 
6 2 6 5 6 0 7 3 4 2 188 188 187 192 183 188 192 187 187 187 191 195 154 152 151 152 158 155 72 71 77 70 73 77 76 74 77 74 72 75 74 76 77 74 207 203 202 89 89 94 95 93 90 95 92 93 93 93 86 95 88 96 95 89 96 94 86 85 85 85 82 90 85 84 86 87 87 84 82 90 7 6 8 10 12 10 9 15 10 12 14 7 5 10 11 13 12 205 205 203 
4 7 8 7 7 7 0 10 7 7 181 182 181 185 176 182 186 180 181 180 185 188 147 145 144 145 151 148 79 78 84 77 80 84 83 80 84 81 79 82 81 83 84 81 201 197 196 90 90 95 96 94 91 96 93 94 94 94 87 96 89 97 96 90 97 94 89 88 87 87 84 92 87 87 89 90 89 86 84 92 11 13 12 15 18 16 16 20 16 18 19 11 12 15 16 18 17 198 198 196 
9 4 8 7 8 3 10 0 6 3 190 191 190 194 186 191 195 190 190 189 194 197 157 155 154 155 161 158 69 68 74 67 70 74 73 71 74 71 69 72 71 73 74 71 210 205 205 88 88 93 95 93 89 95 91 92 93 92 85 94 88 95 95 89 95 93 86 85 85 84 82 89 84 84 86 87 86 84 82 90 6 3 7 8 10 7 6 13 9 9 12 6 3 8 9 11 10 208 208 206 
8 2 3 1 9 4 7 6 0 5 188 188 187 192 183 188 192 187 187 187 192 195 152 151 150 150 157 154 73 72 78 71 74 78 77 75 78 76 73 76 75 77 78 75 208 203 203 93 92 98 99 97 93 99 95 97 97 96 89 98 92 99 99 93 100 97 83 82 82 82 79 87 82 82 84 85 84 81 79 87 10 9 11 13 16 13 11 18 14 15 17 11 8 13 15 16 16 204 204 203 
5 4 8 7 5 2 7 3 5 0 187 188 186 191 182 187 192 186 186 186 190 194 153 152 151 152 158 155 72 71 78 71 73 77 76 74 77 75 73 76 74 76 78 75 206 202 201 87 87 92 94 92 88 94 90 91 92 91 84 93 87 94 94 88 94 92 88 87 87 86 84 91 86 86 88 89 88 86 84 92 5 6 6 9 12 9 9 14 9 11 13 5 5 9 10 11 11 205 205 203 
182 188 189 188 183 188 181 190 188 187 0 1 10 5 6 8 6 2 7 9 4 9 70 74 77 75 72 77 258 256 263 256 259 263 261 258 262 259 259 261 260 262 263 260 30 26 21 184 185 190 188 185 182 187 190 185 184 181 185 190 187 184 184 182 185 181 251 249 246 247 247 251 249 250 251 250 252 244 243 252 187 193 188 190 194 193 195 192 191 195 192 187 191 191 191 191 190 54 56 56 
182 189 189 189 184 188 182 191 188 188 1 0 9 4 6 8 5 2 6 8 4 8 70 74 77 74 72 76 259 257 264 257 259 264 262 259 263 259 259 262 261 263 264 261 31 27 21 184 186 190 189 185 182 188 191 186 185 182 186 191 188 185 184 183 185 182 252 249 246 247 247 252 249 250 252 250 252 245 243 252 188 193 189 191 194 194 195 193 192 196 193 188 192 191 191 192 191 53 55 56 
181 188 188 187 183 187 181 190 187 186 10 9 0 8 8 2 8 8 3 1 13 9 62 66 69 67 64 69 258 256 263 256 259 263 261 259 262 259 259 261 260 262 263 260 39 35 30 188 189 194 192 189 186 192 194 189 188 185 189 195 191 189 188 186 189 186 248 245 243 243 243 248 245 246 248 246 248 241 240 248 187 192 188 190 193 193 194 192 191 195 193 187 191 191 191 191 190 44 46 47 
186 192 192 192 187 192 185 194 192 191 5 4 8 0 9 6 1 5 6 8 6 4 70 74 77 75 72 77 262 260 267 260 262 267 265 262 266 263 263 265 264 266 267 264 31 27 21 188 190 194 193 189 186 192 194 190 189 186 190 195 192 189 188 187 189 186 254 252 249 249 249 254 251 252 254 252 254 247 246 254 191 196 192 194 197 197 199 196 195 199 196 191 195 195 194 195 194 50 52 53 
177 183 184 183 178 183 176 186 183 182 6 6 8 9 0 8 10 4 6 7 10 12 65 69 72 70 67 72 253 252 259 252 254 258 256 254 257 254 254 256 255 257 259 256 36 31 26 181 182 187 185 182 179 185 187 182 181 178 182 188 184 181 181 179 182 179 246 243 241 241 241 246 243 244 246 244 246 239 237 246 182 188 183 185 189 188 190 187 186 191 188 183 187 186 186 186 186 52 54 55 
182 189 189 188 184 188 182 191 188 187 8 8 2 6 8 0 6 7 2 1 11 7 64 68 71 69 66 70 259 257 264 257 259 264 262 259 263 260 260 262 261 263 264 261 38 34 28 188 190 194 192 189 186 192 194 190 188 185 189 195 191 189 188 186 189 186 249 247 244 245 245 249 247 248 249 247 250 242 241 249 188 193 189 191 194 194 195 193 192 196 193 188 192 192 191 192 191 45 47 48 
186 193 193 193 188 192 186 195 192 192 6 5 8 1 10 6 0 6 6 7 7 3 70 74 77 75 72 76 263 261 268 261 263 268 266 263 267 264 263 266 265 267 268 265 32 28 22 190 191 195 194 190 187 193 196 191 190 187 191 196 193 190 189 188 190 187 255 252 249 250 250 255 252 253 255 253 255 248 246 255 192 197 193 195 198 198 199 197 196 200 197 192 196 196 195 196 195 49 51 52 
181 188 188 187 182 187 180 190 187 186 2 2 8 5 4 7 6 0 5 7 6 9 68 72 75 73 70 75 258 256 263 256 258 262 260 258 261 258 258 260 259 261 263 260 32 28 23 184 186 190 188 185 182 188 190 185 184 181 185 191 187 184 184 182 185 182 250 248 245 245 245 250 247 248 250 248 250 243 242 250 186 192 188 189 193 193 194 191 190 195 192 187 191 190 190 191 190 52 54 55 
181 188 188 187 183 187 181 190 187 186 7 6 3 6 6 2 6 5 0 2 10 8 64 69 72 69 66 71 258 256 263 256 258 263 261 258 262 259 258 261 260 262 263 260 37 32 27 186 188 192 191 187 184 190 192 188 187 184 188 193 190 187 186 185 187 184 249 246 243 244 244 249 246 247 249 247 249 242 240 249 187 192 188 190 193 193 194 192 191 195 192 187 191 191 190 191 190 47 49 50 
181 187 188 187 182 187 180 189 187 186 9 8 1 8 7 1 7 7 2 0 12 9 63 67 70 67 65 69 258 256 263 256 258 263 261 258 262 259 258 261 260 262 263 260 39 34 29 187 189 193 192 188 185 191 193 189 187 184 188 194 190 188 187 185 188 185 248 245 242 243 243 248 245 246 248 246 248 241 239 248 186 192 188 189 193 193 194 192 191 195 192 187 191 190 190 191 190 45 47 48 
185 192 192 192 187 191 185 194 192 190 4 4 13 6 10 11 7 6 10 12 0 9 74 79 81 79 76 81 262 259 267 260 262 266 264 261 265 262 262 264 264 265 267 264 27 22 17 186 187 191 190 186 184 189 192 187 186 183 187 192 189 186 185 184 186 183 255 253 250 251 251 256 253 254 255 254 256 248 247 256 190 196 192 193 197 197 198 195 195 199 196 191 195 194 194 195 194 55 57 59 
189 195 196 195 190 195 188 197 195 194 9 8 9 4 12 7 3 9 8 9 9 0 70 75 78 75 72 77 266 264 271 264 266 270 269 266 269 266 266 269 268 269 271 268 33 29 23 193 194 199 197 194 190 196 199 194 193 190 194 199 196 193 193 191 194 190 256 254 251 252 252 256 254 255 257 255 257 249 248 256 194 200 195 197 201 200 202 199 198 203 200 195 199 198 198 199 198 47 49 50 
149 153 153 152 151 154 147 157 152 153 70 70 62 70 65 64 70 68 64 63 74 70 0 4 7 5 5 7 225 224 231 224 226 230 230 227 230 228 226 229 227 229 231 228 101 96 91 183 185 190 189 186 182 189 189 186 185 183 183 191 186 186 186 182 187 183 198 196 192 193 194 198 196 197 199 196 199 191 189 197 155 160 157 159 163 162 162 163 160 164 163 156 158 160 160 161 160 55 54 52 
147 152 151 151 149 152 145 155 151 152 74 74 66 74 69 68 74 72 69 67 79 75 4 0 3 1 6 4 223 223 229 222 225 228 228 226 229 226 224 227 226 228 229 226 105 100 95 184 185 191 190 186 182 190 190 187 186 183 184 192 186 187 186 183 188 184 195 193 189 190 191 194 193 194 196 193 196 188 186 194 154 158 156 158 162 160 161 161 159 163 161 154 157 158 159 160 159 58 57 55 
146 151 150 149 149 151 144 154 150 151 77 77 69 77 72 71 77 75 72 70 81 78 7 3 0 3 8 4 222 222 228 221 223 227 227 225 228 225 223 226 224 226 228 225 108 103 98 184 186 191 191 187 183 190 190 187 186 184 184 192 187 188 187 183 188 185 193 190 187 188 189 192 191 192 193 191 194 185 184 192 153 157 155 157 161 159 160 161 158 162 161 153 156 158 158 159 158 60 59 57 
147 151 150 150 149 152 145 155 150 152 75 74 67 75 70 69 75 73 69 67 79 75 5 1 3 0 6 4 223 222 229 222 224 228 228 225 228 226 224 227 225 227 229 226 105 101 96 184 185 191 190 186 182 189 190 187 186 183 184 192 186 187 186 182 187 184 195 192 189 190 190 194 192 193 195 192 195 187 186 194 153 158 155 157 161 160 160 161 159 162 161 154 157 158 158 159 158 58 57 55 
153 158 157 156 155 158 151 161 157 158 72 72 64 72 67 66 72 70 66 65 76 72 5 6 8 6 0 5 229 229 235 228 230 234 234 231 235 232 230 233 231 233 235 232 103 98 93 189 190 195 195 191 187 194 195 192 190 188 189 196 191 192 191 187 192 189 201 198 195 196 196 200 198 199 201 198 201 193 192 200 160 164 161 163 167 166 166 167 165 168 167 160 163 164 165 166 165 52 51 49 
150 155 154 153 152 155 148 158 154 155 77 76 69 77 72 70 76 75 71 69 81 77 7 4 4 4 5 0 226 226 232 225 227 231 231 228 232 229 227 230 228 230 232 229 107 103 98 188 189 195 194 190 187 194 194 191 190 187 188 196 190 191 190 187 192 188 197 194 190 191 192 196 194 195 197 194 197 189 188 195 157 161 159 161 165 163 164 164 162 166 164 157 160 161 162 163 162 57 56 54 
77 72 73 73 76 72 79 69 73 72 258 259 258 262 253 259 263 258 258 258 262 266 225 223 222 223 229 226 0 5 6 2 2 5 7 8 7 9 1 5 2 4 6 3 276 271 272 117 116 118 120 120 119 120 115 120 121 122 113 118 114 123 123 118 123 123 86 87 90 89 85 91 86 85 86 90 86 90 89 92 72 66 70 68 65 65 64 66 67 63 66 71 68 68 68 67 68 277 277 275 
76 71 72 72 74 71 78 68 72 71 256 257 256 260 252 257 261 256 256 256 259 264 224 223 222 222 229 226 5 0 7 3 3 8 5 4 6 5 5 5 6 7 7 5 273 269 269 112 111 113 115 116 115 116 111 115 116 118 108 113 110 118 118 114 118 118 90 91 94 92 89 95 90 89 90 94 90 94 93 96 70 65 69 67 63 64 63 64 65 61 64 70 66 66 66 65 66 276 276 274 
83 77 78 79 81 77 84 74 78 78 263 264 263 267 259 264 268 263 263 263 267 271 231 229 228 229 235 232 6 7 0 7 5 3 4 7 3 7 5 2 4 2 1 3 280 276 276 119 118 120 122 122 121 122 117 122 123 124 115 120 116 125 125 120 125 125 90 92 95 93 89 95 90 89 90 94 90 95 94 97 77 72 75 74 70 70 69 71 72 68 71 76 73 73 73 72 73 282 282 281 
76 70 71 72 74 70 77 67 71 71 256 257 256 260 252 257 261 256 256 256 260 264 224 222 221 222 228 225 2 3 7 0 2 7 7 7 7 8 3 5 4 6 7 4 274 269 270 115 113 116 118 118 117 118 113 118 119 120 111 116 112 121 121 116 121 121 86 88 91 89 86 92 87 85 87 91 87 91 90 93 70 65 68 67 63 63 62 64 65 61 64 69 66 66 66 65 66 275 275 274 
78 73 74 74 76 73 80 70 74 73 259 259 259 262 254 259 263 258 258 258 262 266 226 225 223 224 230 227 2 3 5 2 0 5 5 5 5 6 2 3 3 3 5 2 276 272 272 116 115 117 119 119 118 119 114 119 120 121 112 117 113 122 122 117 122 122 88 90 92 91 87 93 88 87 88 92 88 92 92 95 72 67 71 69 65 66 65 67 68 63 66 72 68 68 68 67 68 278 278 276 
82 77 77 78 80 77 84 74 78 77 263 264 263 267 258 264 268 262 263 263 266 270 230 228 227 228 234 231 5 8 3 7 5 0 6 9 6 9 4 4 3 2 2 3 280 276 277 121 119 121 124 124 123 124 119 123 125 126 117 121 118 126 126 122 127 126 87 89 92 90 87 92 88 86 87 91 87 92 91 94 76 71 75 73 70 70 69 71 72 68 71 76 72 72 72 72 73 282 282 280 
81 76 77 77 79 76 83 73 77 76 261 262 261 265 256 262 266 260 261 261 264 269 230 228 227 228 234 231 7 5 4 7 5 6 0 3 1 3 7 3 6 5 4 4 278 274 274 115 114 116 118 119 118 118 113 118 119 121 111 116 112 121 121 117 121 121 92 94 97 96 92 98 93 92 93 97 93 97 96 99 75 70 74 72 68 69 68 69 70 66 69 75 71 71 71 70 71 281 281 279 
79 74 75 75 77 74 80 71 75 74 258 259 259 262 254 259 263 258 258 258 261 266 227 226 225 225 231 228 8 4 7 7 5 9 3 0 4 1 7 5 8 7 7 6 275 271 271 112 111 113 115 116 114 115 110 115 116 117 108 113 109 118 118 114 118 118 93 95 97 96 92 98 93 92 93 97 93 97 97 100 72 68 71 69 65 66 65 66 68 64 66 72 69 68 68 67 68 278 278 277 
82 77 78 78 80 77 84 74 78 77 262 263 262 266 257 263 267 261 262 262 265 269 230 229 228 228 235 232 7 6 3 7 5 6 1 4 0 4 7 3 6 5 4 5 279 275 275 116 115 117 119 119 118 119 114 119 120 121 112 116 113 122 122 118 122 122 93 94 97 96 92 98 93 92 93 97 93 97 97 99 76 71 75 73 69 70 69 70 71 67 70 76 72 72 72 71 72 282 282 280 
79 75 76 76 77 74 81 71 76 75 259 259 259 263 254 260 264 258 259 259 262 266 228 226 225 226 232 229 9 5 7 8 6 9 3 1 4 0 8 6 8 8 8 7 275 271 272 112 111 113 115 115 114 115 110 115 116 117 108 113 109 118 118 114 118 118 94 96 98 97 93 99 94 93 94 98 94 98 98 101 73 68 72 70 66 67 66 67 68 64 67 73 70 69 69 68 69 279 279 278 
78 72 73 74 76 72 79 69 73 73 259 259 259 263 254 260 263 258 258 258 262 266 226 224 223 224 230 227 1 5 5 3 2 4 7 7 7 8 0 4 2 4 5 2 276 272 272 117 116 118 120 121 119 121 116 120 121 122 113 118 114 123 123 119 123 123 86 88 90 89 85 91 86 85 86 90 86 91 90 93 72 67 71 69 65 66 65 67 68 63 66 72 68 68 68 67 68 277 277 276 
81 75 76 77 79 75 82 72 76 76 261 262 261 265 256 262 266 260 261 261 264 269 229 227 226 227 233 230 5 5 2 5 3 4 3 5 3 6 4 0 3 2 2 2 278 274 274 117 116 118 120 120 119 120 115 120 121 122 113 118 114 123 123 119 123 123 90 91 94 93 89 95 90 89 90 94 90 94 94 96 75 70 73 71 68 68 67 69 70 66 69 74 71 71 71 70 71 280 280 279 
79 74 75 75 78 74 81 71 75 74 260 261 260 264 255 261 265 259 260 260 264 268 227 226 224 225 231 228 2 6 4 4 3 3 6 8 6 8 2 3 0 2 4 2 277 273 274 118 117 119 121 122 120 122 117 121 122 124 114 119 115 124 124 120 124 124 86 88 91 90 86 92 87 86 87 91 87 91 90 93 74 68 72 70 67 67 66 68 69 65 68 73 70 70 70 69 70 279 279 277 
81 76 77 77 80 76 83 73 77 76 262 263 262 266 257 263 267 261 262 262 265 269 229 228 226 227 233 230 4 7 2 6 3 2 5 7 5 8 4 2 2 0 1 2 279 275 275 119 118 120 122 122 121 122 117 122 123 124 115 120 116 125 125 120 125 125 88 90 93 91 88 93 89 87 88 92 88 93 92 95 75 70 74 72 69 69 68 70 71 67 70 75 72 71 71 71 72 281 281 279 
83 77 78 78 81 77 84 74 78 78 263 264 263 267 259 264 268 263 263 263 267 271 231 229 228 229 235 232 6 7 1 7 5 2 4 7 4 8 5 2 4 1 0 3 280 276 276 119 118 120 122 123 122 123 118 122 123 125 115 120 116 125 125 121 125 125 89 91 94 93 89 95 90 88 89 94 90 94 93 96 77 72 75 73 70 70 69 71 72 68 71 76 73 73 73 72 73 282 282 281 
80 74 75 76 78 74 81 71 75 75 260 261 260 264 256 261 265 260 260 260 264 268 228 226 225 226 232 229 3 5 3 4 2 3 4 6 5 7 2 2 2 2 3 0 278 273 274 117 116 118 120 121 120 121 116 120 121 123 113 118 115 123 123 119 123 123 88 90 93 91 87 93 88 87 88 92 88 93 92 95 74 69 72 71 67 67 66 68 69 65 68 73 70 70 70 69 70 279 279 278 
201 208 209 208 202 207 201 210 208 206 30 31 39 31 36 38 32 32 37 39 27 33 101 105 108 105 103 107 276 273 280 274 276 280 278 275 279 275 276 278 277 279 280 278 0 5 10 190 192 196 194 191 188 193 196 191 190 187 193 196 194 190 189 188 190 187 276 273 271 271 271 276 273 274 276 274 276 269 268 276 205 212 207 208 211 212 213 210 209 214 210 206 210 209 209 209 208 78 80 81 
197 203 204 204 198 203 197 205 203 202 26 27 35 27 31 34 28 28 32 34 22 29 96 100 103 101 98 103 271 269 276 269 272 276 274 271 275 271 272 274 273 275 276 273 5 0 7 187 189 193 191 187 185 190 193 188 187 184 189 193 191 187 186 185 187 184 271 269 266 267 266 272 268 269 271 270 271 264 263 272 201 207 202 204 207 207 209 205 205 209 206 201 206 205 204 205 204 75 77 78 
196 203 204 203 198 202 196 205 203 201 21 21 30 21 26 28 22 23 27 29 17 23 91 95 98 96 93 98 272 269 276 270 272 277 274 271 275 272 272 274 274 275 276 274 10 7 0 190 192 195 194 190 188 193 196 191 190 187 192 196 193 190 189 188 190 187 269 267 264 265 264 270 267 267 269 268 270 263 261 270 201 207 202 204 207 207 209 206 205 209 206 201 206 205 204 205 204 68 71 72 
86 91 95 94 84 89 90 88 93 87 184 184 188 188 181 188 190 184 186 187 186 193 183 184 184 184 189 188 117 112 119 115 116 121 115 112 116 112 117 117 118 119 119 117 190 187 190 0 2 7 7 4 2 7 6 4 4 5 4 8 4 7 6 2 7 6 172 172 172 171 168 176 171 170 172 174 172 171 169 177 82 87 82 80 80 83 86 77 81 83 78 82 86 81 79 78 78 221 222 221 
86 91 95 94 84 89 90 88 92 87 185 186 189 190 182 190 191 186 188 189 187 194 185 185 186 185 190 189 116 111 118 113 115 119 114 111 115 111 116 116 117 118 118 116 192 189 192 2 0 6 7 5 4 6 5 4 5 7 3 7 2 7 7 4 8 7 171 171 171 171 168 175 170 170 172 173 172 170 169 176 82 86 81 80 80 83 86 76 80 82 78 82 86 81 79 78 78 223 224 223 
91 96 100 99 89 94 95 93 98 92 190 190 194 194 187 194 195 190 192 193 191 199 190 191 191 191 195 195 118 113 120 116 117 121 116 113 117 113 118 118 119 120 120 118 196 193 195 7 6 0 2 5 8 3 3 4 6 9 9 1 6 6 7 8 6 8 176 176 176 175 172 180 175 174 176 178 176 175 174 181 87 91 86 85 85 88 90 81 85 87 83 87 91 86 84 83 83 228 229 228 
92 97 101 100 90 95 96 95 99 94 188 189 192 193 185 192 194 188 191 192 190 197 189 190 191 190 195 194 120 115 122 118 119 124 118 115 119 115 120 120 121 122 122 120 194 191 194 7 7 2 0 4 8 1 5 3 4 7 10 3 7 4 5 8 4 7 177 177 178 177 174 182 176 176 178 180 178 177 175 183 89 93 88 87 86 89 92 83 87 89 84 89 93 87 86 84 85 227 228 227 
90 96 99 98 88 93 94 93 97 92 185 185 189 189 182 189 190 185 187 188 186 194 186 186 187 186 191 190 120 116 122 118 119 124 119 116 119 115 121 120 122 122 123 121 191 187 190 4 5 5 4 0 4 3 6 1 1 3 8 6 6 3 2 4 3 3 176 176 176 176 173 180 175 175 176 178 177 175 174 181 87 91 86 85 85 87 90 81 85 87 82 87 91 85 84 83 83 223 224 223 
87 92 96 95 85 90 91 89 93 88 182 182 186 186 179 186 187 182 184 185 184 190 182 182 183 182 187 187 119 115 121 117 118 123 118 114 118 114 119 119 120 121 122 120 188 185 188 2 4 8 8 4 0 7 8 4 4 3 6 9 6 6 5 1 6 4 173 173 173 173 170 177 172 171 173 175 174 172 171 178 83 88 83 81 81 84 87 78 82 84 79 83 87 82 80 79 79 219 220 220 
92 97 101 100 90 95 96 95 99 94 187 188 192 192 185 192 193 188 190 191 189 196 189 190 190 189 194 194 120 116 122 118 119 124 118 115 119 115 121 120 122 122 123 121 193 190 193 7 6 3 1 3 7 0 5 3 4 6 9 3 7 3 4 7 3 6 177 177 178 177 174 182 176 176 178 180 178 177 175 183 89 93 88 86 86 89 92 83 86 89 84 88 92 87 85 84 84 226 227 226 
89 94 98 96 87 92 93 91 95 90 190 191 194 194 187 194 196 190 192 193 192 199 189 190 190 190 195 194 115 111 117 113 114 119 113 110 114 110 116 115 117 117 118 116 196 193 196 6 5 3 5 6 8 5 0 5 7 9 7 3 4 8 8 8 8 9 173 173 173 173 170 177 172 172 173 175 174 173 171 178 85 89 84 83 82 85 88 79 83 85 80 85 89 83 82 80 81 227 228 228 
90 95 99 98 88 93 94 92 97 91 185 186 189 190 182 190 191 185 188 189 187 194 186 187 187 187 192 191 120 115 122 118 119 123 118 115 119 115 120 120 121 122 122 120 191 188 191 4 4 4 3 1 4 3 5 0 1 4 8 5 6 3 3 5 3 4 176 176 176 175 172 180 174 174 176 178 176 175 173 181 86 91 86 84 84 87 90 81 85 87 82 86 90 85 83 82 82 223 224 224 
90 96 99 98 88 93 94 93 97 92 184 185 188 189 181 188 190 184 187 187 186 193 185 186 186 186 190 190 121 116 123 119 120 125 119 116 120 116 121 121 122 123 123 121 190 187 190 4 5 6 4 1 4 4 7 1 0 3 8 7 7 2 2 4 3 3 176 176 176 176 173 180 175 175 177 178 177 175 174 181 87 91 86 85 85 87 90 81 85 87 82 87 91 85 84 83 83 222 223 222 
90 95 99 98 88 93 94 92 96 91 181 182 185 186 178 185 187 181 184 184 183 190 183 183 184 183 188 187 122 118 124 120 121 126 121 117 121 117 122 122 124 124 125 123 187 184 187 5 7 9 7 3 3 6 9 4 3 0 9 9 8 4 3 4 4 1 176 176 176 176 173 180 175 175 177 178 177 175 174 181 86 91 86 85 85 87 90 81 85 87 82 86 91 85 84 83 83 220 220 220 
83 88 92 91 81 86 87 85 89 84 185 186 189 190 182 189 191 185 188 188 187 194 183 184 184 184 189 188 113 108 115 111 112 117 111 108 112 108 113 113 114 115 115 113 193 189 192 4 3 9 10 8 6 9 7 8 8 9 0 9 3 11 10 6 11 10 168 168 168 168 165 172 167 166 168 170 169 167 166 173 79 83 78 77 77 80 82 73 77 79 75 79 83 78 76 75 75 222 223 222 
92 97 101 99 90 95 96 94 98 93 190 191 195 195 188 195 196 191 193 194 192 199 191 192 192 192 196 196 118 113 120 116 117 121 116 113 116 113 118 118 119 120 120 118 196 193 196 8 7 1 3 6 9 3 3 5 7 9 9 0 7 7 7 9 7 9 176 176 176 176 173 180 175 174 176 178 177 176 174 181 88 92 87 86 85 88 91 82 86 88 83 88 92 86 85 83 84 229 230 229 
85 90 94 93 83 88 89 88 92 87 187 188 191 192 184 191 193 187 190 190 189 196 186 186 187 186 191 190 114 110 116 112 113 118 112 109 113 109 114 114 115 116 116 115 194 191 193 4 2 6 7 6 6 7 4 6 7 8 3 7 0 9 9 6 9 9 170 170 171 170 167 174 169 169 171 173 171 170 168 176 82 86 81 79 79 82 85 76 79 82 77 81 85 80 78 77 77 224 225 224 
92 98 102 101 91 96 97 95 99 94 184 185 189 189 181 189 190 184 187 188 186 193 186 187 188 187 192 191 123 118 125 121 122 126 121 118 122 118 123 123 124 125 125 123 190 187 190 7 7 6 4 3 6 3 8 3 2 4 11 7 9 0 1 7 0 3 179 178 179 178 175 183 177 177 179 181 179 178 176 184 89 93 88 87 87 90 93 84 87 90 85 89 93 88 86 85 85 223 224 223 
92 97 101 100 90 95 96 95 99 94 184 184 188 188 181 188 189 184 186 187 185 193 186 186 187 186 191 190 123 118 125 121 122 126 121 118 122 118 123 123 124 125 125 123 189 186 189 6 7 7 5 2 5 4 8 3 2 3 10 7 9 1 0 6 1 2 178 178 178 178 175 182 177 177 178 180 179 177 176 183 89 93 88 87 87 89 92 83 87 89 84 88 93 87 86 85 85 222 223 222 
86 91 95 94 84 89 90 89 93 88 182 183 186 187 179 186 188 182 185 185 184 191 182 183 183 182 187 187 118 114 120 116 117 122 117 114 118 114 119 119 120 120 121 119 188 185 188 2 4 8 8 4 1 7 8 5 4 4 6 9 6 7 6 0 7 5 173 172 173 172 169 176 171 171 173 175 173 172 170 178 83 87 82 81 81 83 86 77 81 83 79 83 87 81 80 79 79 220 220 220 
93 98 102 101 91 96 97 95 100 94 185 185 189 189 182 189 190 185 187 188 186 194 187 188 188 187 192 192 123 118 125 121 122 127 121 118 122 118 123 123 124 125 125 123 190 187 190 7 8 6 4 3 6 3 8 3 3 4 11 7 9 0 1 7 0 4 179 179 179 178 175 183 178 177 179 181 179 178 176 184 89 94 89 87 87 90 93 84 88 90 85 89 93 88 86 85 86 223 224 224 
90 96 100 99 89 94 94 93 97 92 181 182 186 186 179 186 187 182 184 185 183 190 183 184 185 184 189 188 123 118 125 121 122 126 121 118 122 118 123 123 124 125 125 123 187 184 187 6 7 8 7 3 4 6 9 4 3 1 10 9 9 3 2 5 4 0 177 177 177 176 174 181 176 175 177 179 178 176 175 182 87 92 86 85 85 88 91 82 85 88 83 87 91 86 84 83 83 220 221 220 
91 84 81 82 92 86 89 86 83 88 251 252 248 254 246 249 255 250 249 248 255 256 198 195 193 195 201 197 86 90 90 86 88 87 92 93 93 94 86 90 86 88 89 88 276 271 269 172 171 176 177 176 173 177 173 176 176 176 168 176 170 179 178 173 179 177 0 3 7 6 5 5 3 2 0 5 1 9 9 7 92 87 92 93 92 90 87 96 92 90 94 92 87 92 94 94 95 253 252 250 
90 83 80 81 91 85 88 85 82 87 249 249 245 252 243 247 252 248 246 245 253 254 196 193 190 192 198 194 87 91 92 88 90 89 94 95 94 96 88 91 88 90 91 90 273 269 267 172 171 176 177 176 173 177 173 176 176 176 168 176 170 178 178 172 179 177 3 0 4 3 3 4 1 3 3 3 3 5 6 6 91 86 92 92 92 89 86 95 92 89 94 91 87 92 93 94 94 250 249 247 
90 83 80 81 91 85 87 85 82 87 246 246 243 249 241 244 249 245 243 242 250 251 192 189 187 189 195 190 90 94 95 91 92 92 97 97 97 98 90 94 91 93 94 93 271 266 264 172 171 176 178 176 173 178 173 176 176 176 168 176 171 179 178 173 179 177 7 4 0 2 5 5 5 7 7 4 7 2 3 6 91 86 92 92 92 89 86 95 92 89 94 91 86 92 93 94 94 247 246 244 
90 83 79 80 91 85 87 84 82 86 247 247 243 249 241 245 250 245 244 243 251 252 193 190 188 190 196 191 89 92 93 89 91 90 96 96 96 97 89 93 90 91 93 91 271 267 265 171 171 175 177 176 173 177 173 175 176 176 168 176 170 178 178 172 178 176 6 3 2 0 4 5 3 5 6 3 6 3 4 6 91 85 91 92 91 89 86 95 91 89 93 91 86 91 92 93 93 248 247 245 
87 80 77 78 88 82 84 82 79 84 247 247 243 249 241 245 250 245 244 243 251 252 194 191 189 190 196 192 85 89 89 86 87 87 92 92 92 93 85 89 86 88 89 87 271 266 264 168 168 172 174 173 170 174 170 172 173 173 165 173 167 175 175 169 175 174 5 3 5 4 0 7 2 3 5 6 5 6 6 9 88 83 88 89 89 86 83 92 89 86 91 88 83 88 90 91 91 248 248 246 
95 88 84 85 96 90 92 89 87 91 251 252 248 254 246 249 255 250 249 248 256 256 198 194 192 194 200 196 91 95 95 92 93 92 98 98 98 99 91 95 92 93 95 93 276 272 270 176 175 180 182 180 177 182 177 180 180 180 172 180 174 183 182 176 183 181 5 4 5 5 7 0 5 6 5 2 5 7 9 1 96 90 96 97 96 93 90 99 96 93 98 96 91 96 97 98 98 252 251 249 
90 83 79 81 91 85 87 84 82 86 249 249 245 251 243 247 252 247 246 245 253 254 196 193 191 192 198 194 86 90 90 87 88 88 93 93 93 94 86 90 87 89 90 88 273 268 267 171 170 175 176 175 172 176 172 174 175 175 167 175 169 177 177 171 178 176 3 1 5 3 2 5 0 2 3 4 3 6 7 7 90 85 91 91 91 88 85 94 91 88 93 90 86 91 92 93 93 250 250 248 
90 83 79 80 91 84 87 84 82 86 250 250 246 252 244 248 253 248 247 246 254 255 197 194 192 193 199 195 85 89 89 85 87 86 92 92 92 93 85 89 86 87 88 87 274 269 267 170 170 174 176 175 171 176 172 174 175 175 166 174 169 177 177 171 177 175 2 3 7 5 3 6 2 0 2 5 2 8 8 8 90 85 91 91 91 88 85 94 91 88 93 90 85 90 92 93 93 252 251 249 
92 85 81 83 93 86 89 86 84 88 251 252 248 254 246 249 255 250 249 248 255 257 199 196 193 195 201 197 86 90 90 87 88 87 93 93 93 94 86 90 87 88 89 88 276 271 269 172 172 176 178 176 173 178 173 176 177 177 168 176 171 179 178 173 179 177 0 3 7 6 5 5 3 2 0 5 0 9 9 7 92 87 93 93 93 90 87 96 93 90 95 92 87 92 94 95 95 253 252 250 
93 86 82 83 94 87 90 87 85 89 250 250 246 252 244 247 253 248 247 246 254 255 196 193 191 192 198 194 90 94 94 91 92 91 97 97 97 98 90 94 91 92 94 92 274 270 268 174 173 178 180 178 175 180 175 178 178 178 170 178 173 181 180 175 181 179 5 3 4 3 6 2 4 5 5 0 5 5 7 3 93 88 94 95 94 91 88 98 94 91 96 94 89 94 95 96 96 250 250 248 
92 85 82 83 93 87 89 86 84 88 252 252 248 254 246 250 255 250 249 248 256 257 199 196 194 195 201 197 86 90 90 87 88 87 93 93 93 94 86 90 87 88 90 88 276 271 270 172 172 176 178 177 174 178 174 176 177 177 169 177 171 179 179 173 179 178 1 3 7 6 5 5 3 2 0 5 0 9 10 6 93 87 93 93 93 90 87 96 93 90 95 93 88 93 94 95 95 253 253 251 
89 82 78 80 90 84 86 84 81 86 244 245 241 247 239 242 248 243 242 241 248 249 191 188 185 187 193 189 90 94 95 91 92 92 97 97 97 98 91 94 91 93 94 93 269 264 263 171 170 175 177 175 172 177 173 175 175 175 167 176 170 178 177 172 178 176 9 5 2 3 6 7 6 8 9 5 9 0 2 7 90 85 90 91 91 88 85 94 91 88 93 90 85 90 92 93 93 245 244 242 
87 80 77 78 88 82 84 82 79 84 243 243 240 246 237 241 246 242 240 239 247 248 189 186 184 186 192 188 89 93 94 90 92 91 96 97 97 98 90 94 90 92 93 92 268 263 261 169 169 174 175 174 171 175 171 173 174 174 166 174 168 176 176 170 176 175 9 6 3 4 6 9 7 8 9 7 10 2 0 9 88 83 89 90 89 87 84 93 89 87 91 88 84 89 90 91 91 244 243 241 
95 88 85 86 96 90 92 90 87 92 252 252 248 254 246 249 255 250 249 248 256 256 197 194 192 194 200 195 92 96 97 93 95 94 99 100 99 101 93 96 93 95 96 95 276 272 270 177 176 181 183 181 178 183 178 181 181 181 173 181 176 184 183 178 184 182 7 6 6 6 9 1 7 8 7 3 6 7 9 0 96 91 97 98 97 94 91 101 97 94 99 97 92 97 98 99 99 252 251 249 
7 9 13 12 5 7 11 6 10 5 187 188 187 191 182 188 192 186 187 186 190 194 155 154 153 153 160 157 72 70 77 70 72 76 75 72 76 73 72 75 74 75 77 74 205 201 201 82 82 87 89 87 83 89 85 86 87 86 79 88 82 89 89 83 89 87 92 91 91 91 88 96 90 90 92 93 93 90 88 96 0 6 2 4 8 6 8 9 5 9 8 0 5 5 6 7 6 206 206 204 
11 8 11 10 10 6 13 3 9 6 193 193 192 196 188 193 197 192 192 192 196 200 160 158 157 158 164 161 66 65 72 65 67 71 70 68 71 68 67 70 68 70 72 69 212 207 207 87 86 91 93 91 88 93 89 91 91 91 83 92 86 93 93 87 94 92 87 86 86 85 83 90 85 85 87 88 87 85 83 91 6 0 6 6 7 4 3 10 6 6 9 6 1 6 7 8 8 211 211 209 
9 10 14 13 6 8 12 7 11 6 188 189 188 192 183 189 193 188 188 188 192 195 157 156 155 155 161 159 70 69 75 68 71 75 74 71 75 72 71 73 72 74 75 72 207 202 202 82 81 86 88 86 83 88 84 86 86 86 78 87 81 88 88 82 89 86 92 92 92 91 88 96 91 91 93 94 93 90 89 97 2 6 0 2 6 5 7 7 3 7 7 1 5 3 4 5 4 207 208 206 
11 12 16 15 9 10 15 8 13 9 190 191 190 194 185 191 195 189 190 189 193 197 159 158 157 157 163 161 68 67 74 67 69 73 72 69 73 70 69 71 70 72 73 71 208 204 204 80 80 85 87 85 81 86 83 84 85 85 77 86 79 87 87 81 87 85 93 92 92 92 89 97 91 91 93 95 93 91 90 98 4 6 2 0 4 4 6 5 1 6 4 4 6 1 1 3 2 210 210 208 
15 14 18 17 12 12 18 10 16 12 194 194 193 197 189 194 198 193 193 193 197 201 163 162 161 161 167 165 65 63 70 63 65 70 68 65 69 66 65 68 67 69 70 67 211 207 207 80 80 85 86 85 81 86 82 84 85 85 77 85 79 87 87 81 87 85 92 92 92 91 89 96 91 91 93 94 93 91 89 97 8 7 6 4 0 3 6 3 3 3 2 7 7 3 3 3 3 213 213 212 
13 11 15 14 11 10 16 7 13 9 193 194 193 197 188 194 198 193 193 193 197 200 162 160 159 160 166 163 65 64 70 63 66 70 69 66 70 67 66 68 67 69 70 67 212 207 207 83 83 88 89 87 84 89 85 87 87 87 80 88 82 90 89 83 90 88 90 89 89 89 86 93 88 88 90 91 90 88 87 94 6 4 5 4 3 0 3 6 3 2 5 6 5 3 4 5 5 212 212 211 
13 10 13 12 12 9 16 6 11 9 195 195 194 199 190 195 199 194 194 194 198 202 162 161 160 160 166 164 64 63 69 62 65 69 68 65 69 66 65 67 66 68 69 66 213 209 209 86 86 90 92 90 87 92 88 90 90 90 82 91 85 93 92 86 93 91 87 86 86 86 83 90 85 85 87 88 87 85 84 91 8 3 7 6 6 3 0 9 6 4 8 8 4 6 7 8 8 213 213 212 
16 17 20 20 13 15 20 13 18 14 192 193 192 196 187 193 197 191 192 192 195 199 163 161 161 161 167 164 66 64 71 64 67 71 69 66 70 67 67 69 68 70 71 68 210 205 206 77 76 81 83 81 78 83 79 81 81 81 73 82 76 84 83 77 84 82 96 95 95 95 92 99 94 94 96 98 96 94 93 101 9 10 7 5 3 6 9 0 4 6 1 9 10 5 4 2 3 213 213 211 
12 12 16 15 10 10 16 9 14 9 191 192 191 195 186 192 196 190 191 191 195 198 160 159 158 159 165 162 67 65 72 65 68 72 70 68 71 68 68 70 69 71 72 69 209 205 205 81 80 85 87 85 82 86 83 85 85 85 77 86 79 87 87 81 88 85 92 92 92 91 89 96 91 91 93 94 93 91 89 97 5 6 3 1 3 3 6 4 0 4 3 5 6 1 1 2 2 211 211 209 
15 13 17 16 13 12 18 9 15 11 195 196 195 199 191 196 200 195 195 195 199 203 164 163 162 162 168 166 63 61 68 61 63 68 66 64 67 64 63 66 65 67 68 65 214 209 209 83 82 87 89 87 84 89 85 87 87 87 79 88 82 90 89 83 90 88 90 89 89 89 86 93 88 88 90 91 90 88 87 94 9 6 7 6 3 2 4 6 4 0 5 8 7 5 5 5 6 215 215 213 
15 16 19 18 13 14 19 12 17 13 192 193 193 196 188 193 197 192 192 192 196 200 163 161 161 161 167 164 66 64 71 64 66 71 69 66 70 67 66 69 68 70 71 68 210 206 206 78 78 83 84 82 79 84 80 82 82 82 75 83 77 85 84 79 85 83 94 94 94 93 91 98 93 93 95 96 95 93 91 99 8 9 7 4 2 5 8 1 3 5 0 8 9 4 3 1 2 213 213 211 
7 9 13 12 5 7 11 6 11 5 187 188 187 191 183 188 192 187 187 187 191 195 156 154 153 154 160 157 71 70 76 69 72 76 75 72 76 73 72 74 73 75 76 73 206 201 201 82 82 87 89 87 83 88 85 86 87 86 79 88 81 89 88 83 89 87 92 91 91 91 88 96 90 90 92 94 93 90 88 97 0 6 1 4 7 6 8 9 5 8 8 0 5 4 5 6 6 206 206 205 
10 7 10 10 8 5 12 3 8 5 191 192 191 195 187 192 196 191 191 191 195 199 158 157 156 157 163 160 68 66 73 66 68 72 71 69 72 70 68 71 70 72 73 70 210 206 206 86 86 91 93 91 87 92 89 90 91 91 83 92 85 93 93 87 93 91 87 87 86 86 83 91 86 85 87 89 88 85 84 92 5 1 5 6 7 5 4 10 6 7 9 5 0 5 7 8 8 210 210 208 
12 12 15 15 9 10 15 8 13 9 191 191 191 195 186 192 196 190 191 190 194 198 160 158 158 158 164 161 68 66 73 66 68 72 71 68 72 69 68 71 70 71 73 70 209 205 205 81 81 86 87 85 82 87 83 85 85 85 78 86 80 88 87 81 88 86 92 92 92 91 88 96 91 90 92 94 93 90 89 97 5 6 3 1 3 3 6 5 1 5 4 4 5 0 2 3 3 210 210 209 
12 13 17 16 10 11 16 9 15 10 191 191 191 194 186 191 195 190 190 190 194 198 160 159 158 158 165 162 68 66 73 66 68 72 71 68 72 69 68 71 70 71 73 70 209 204 204 79 79 84 86 84 80 85 82 83 84 84 76 85 78 86 86 80 86 84 94 93 93 92 90 97 92 92 94 95 94 92 90 98 6 7 4 1 3 4 7 4 1 5 3 5 7 2 0 1 1 211 211 209 
14 15 18 18 11 13 18 11 16 11 191 192 191 195 186 192 196 191 191 191 195 199 161 160 159 159 166 163 67 65 72 65 67 72 70 67 71 68 67 70 69 71 72 69 209 205 205 78 78 83 84 83 79 84 80 82 83 83 75 83 77 85 85 79 85 83 94 94 94 93 91 98 93 93 95 96 95 93 91 99 7 8 5 3 3 5 8 2 2 5 1 6 8 3 1 0 1 211 211 210 
13 14 18 17 10 12 17 10 16 11 190 191 190 194 186 191 195 190 190 190 194 198 160 159 158 158 165 162 68 66 73 66 68 73 71 68 72 69 68 71 70 72 73 70 208 204 204 78 78 83 85 83 79 84 81 82 83 83 75 84 77 85 85 79 86 83 95 94 94 93 91 98 93 93 95 96 95 93 91 99 6 8 4 2 3 5 8 3 2 6 2 6 8 3 1 1 0 210 210 209 
200 205 205 204 202 205 198 208 204 205 54 53 44 50 52 45 49 52 47 45 55 47 55 58 60 58 52 57 277 276 282 275 278 282 281 278 282 279 277 280 279 281 282 279 78 75 68 221 223 228 227 223 219 226 227 223 222 220 222 229 224 223 222 220 223 220 253 250 247 248 248 252 250 252 253 250 253 245 244 252 206 211 207 210 213 212 213 213 211 215 213 206 210 210 211 211 210 0 2 4 
200 205 204 204 202 205 198 208 204 205 56 55 46 52 54 47 51 54 49 47 57 49 54 57 59 57 51 56 277 276 282 275 278 282 281 278 282 279 277 280 279 281 282 279 80 77 71 222 224 229 228 224 220 227 228 224 223 220 223 230 225 224 223 220 224 221 252 249 246 247 248 251 250 251 252 250 253 244 243 251 206 211 208 210 213 212 213 213 211 215 213 206 210 210 211 211 210 2 0 2 
198 203 203 202 200 203 196 206 203 203 56 56 47 53 55 48 52 55 50 48 59 50 52 55 57 55 49 54 275 274 281 274 276 280 279 277 280 278 276 279 277 279 281 278 81 78 72 221 223 228 227 223 220 226 228 224 222 220 222 229 224 223 222 220 224 220 250 247 244 245 246 249 248 249 250 248 251 242 241 249 204 209 206 208 212 211 212 211 209 213 211 205 208 209 209 210 209 4 2 0 
0 0 0 0 0 0 0 0 0 0 0 0 0 0 0 0 0 0 0 0 0 0 0 0 0 0 0 0 0 0 0 0 0 0 0 0 0 0 0 0 0 0 24 0 0 0 0 0 0 0 0 0 0 0 0 0 0 0 0 0 0 68 0 0 0 0 0 0 0 0 0 0 0 0 0 0 0 0 0 0 0 0 0 0 0 0 0 0 0 0 0 0 0 0 0 0 0 0 0 0 
0 0 0 0 0 0 0 0 0 0 0 0 0 0 0 0 0 0 0 0 0 0 0 0 0 0 0 0 0 0 0 0 0 0 0 0 0 0 0 0 0 0 0 0 0 0 0 0 32 0 0 0 0 0 0 0 0 0 38 0 0 0 0 0 0 0 0 0 0 0 0 0 0 0 0 0 0 0 0 0 0 0 0 0 0 0 0 0 0 0 0 0 0 0 0 0 0 0 0 0 
0 0 0 0 0 0 0 0 0 0 0 0 0 0 0 0 30 0 0 0 0 0 0 0 0 0 0 0 0 0 0 5 0 0 0 0 7 0 0 0 0 0 0 0 0 0 0 0 0 0 0 0 0 0 0 0 0 0 0 0 0 0 0 0 0 0 0 0 0 0 0 0 0 0 0 0 0 0 0 0 0 0 0 0 0 0 0 0 0 0 0 0 0 0 0 0 0 0 0 0 
0 0 0 0 0 0 0 0 0 0 0 0 0 0 0 0 98 0 0 0 0 0 0 0 0 0 0 0 0 0 0 0 0 0 0 0 0 0 0 0 0 0 0 0 0 0 0 0 0 0 0 0 0 0 0 0 0 0 0 0 0 0 0 0 0 0 0 0 0 0 0 0 0 0 0 0 0 0 0 0 0 0 0 0 0 0 0 59 0 0 0 74 0 0 0 0 0 0 0 0 
0 0 0 0 0 0 0 0 0 0 0 0 0 0 0 0 0 0 56 0 0 0 0 0 0 0 0 0 0 0 0 0 0 0 0 0 0 0 0 0 0 0 0 0 0 0 0 0 0 0 0 0 0 0 0 0 0 0 0 0 0 0 0 0 0 0 0 0 0 0 0 0 0 90 0 0 0 0 0 0 0 0 80 0 0 0 0 0 0 0 0 0 0 0 0 0 0 0 0 0 
0 0 0 0 0 0 0 0 0 0 0 0 0 0 0 0 0 0 0 0 0 0 0 0 0 0 0 0 0 0 0 0 0 0 0 0 0 0 0 0 0 0 0 0 0 0 0 0 0 0 0 0 0 0 0 0 0 0 0 0 0 0 0 0 0 0 0 0 0 0 0 0 0 0 0 0 0 0 0 0 0 0 0 0 0 0 0 0 0 0 0 0 0 0 0 0 0 0 0 0 
0 0 0 0 0 0 0 0 0 0 0 0 0 0 0 0 0 0 99 0 0 0 0 0 0 0 0 0 0 0 0 0 0 0 0 0 0 0 0 0 0 0 0 0 0 0 0 0 0 40 0 0 0 0 0 0 0 0 0 0 0 0 0 0 0 0 0 0 0 0 96 0 0 77 0 0 0 21 0 0 0 0 0 0 0 0 0 0 0 0 0 0 0 0 0 0 0 0 0 0 
0 0 0 0 0 0 0 0 0 0 0 0 0 0 0 0 0 0 0 0 0 0 0 0 0 0 0 0 0 0 0 0 0 0 0 0 0 0 0 0 0 60 0 0 0 0 0 0 0 0 0 0 0 0 0 0 0 0 0 0 0 0 0 0 0 0 0 0 0 0 0 0 0 0 0 76 0 0 0 0 0 0 0 0 0 0 0 0 0 0 0 0 0 0 0 0 0 0 0 0 
0 0 0 0 0 0 0 0 0 0 0 0 0 0 0 0 0 0 0 0 0 0 0 0 0 0 0 0 0 0 0 0 0 0 0 0 0 0 0 0 0 0 0 0 0 0 0 0 0 0 0 0 0 0 0 0 0 0 0 57 0 0 0 0 0 0 0 0 0 0 0 0 0 0 0 0 0 0 0 0 0 0 0 0 0 0 0 0 0 0 0 0 0 0 0 0 0 0 0 0 
0 0 0 0 0 0 0 0 0 0 0 0 0 0 0 0 0 0 0 0 0 0 0 0 0 0 0 0 0 0 0 0 0 0 0 0 0 0 0 0 0 0 0 0 0 0 0 98 0 0 0 51 0 0 0 0 0 0 0 0 0 0 0 0 0 0 0 63 0 0 0 0 0 0 0 0 0 0 0 0 0 0 0 0 0 0 0 0 0 0 0 0 0 0 0 0 0 0 0 0 
0 0 0 0 0 0 0 0 0 0 0 0 0 0 0 0 0 0 0 0 0 0 0 0 0 0 0 0 0 0 0 0 0 0 0 0 0 0 0 0 0 0 0 0 0 0 0 0 0 0 0 0 0 0 0 0 0 0 0 0 0 0 94 0 0 0 0 0 0 0 0 0 0 0 0 0 0 0 0 0 0 0 0 0 0 0 0 0 0 0 0 0 0 0 0 0 0 0 0 0 
0 0 0 0 0 0 0 0 0 0 0 0 0 0 0 0 0 0 0 0 0 0 0 0 0 0 0 0 0 0 0 0 0 0 0 0 0 0 0 0 0 0 0 0 2 0 0 0 0 0 0 0 0 0 0 0 0 0 0 0 0 0 0 0 0 0 0 0 0 0 0 0 0 0 0 0 0 0 0 0 0 0 0 0 0 0 0 0 0 0 0 0 0 0 0 0 0 0 0 0 
0 0 0 0 0 0 0 0 0 0 0 0 0 0 0 0 0 0 0 0 0 0 0 0 0 0 0 0 0 93 0 0 0 0 0 0 0 0 0 0 0 0 0 0 0 0 0 0 0 0 0 0 0 0 0 0 0 0 0 0 0 90 0 0 0 0 0 0 0 0 0 0 0 0 0 0 0 0 0 0 71 0 0 0 0 0 0 0 0 0 59 0 0 0 0 0 0 0 0 0 
0 0 0 0 0 0 0 0 0 0 0 0 0 0 0 0 0 0 0 0 0 0 0 0 0 0 0 0 0 0 0 0 0 0 0 0 0 0 0 0 0 0 0 0 0 0 0 0 0 0 0 0 0 0 2 0 0 0 0 0 0 0 0 0 0 0 0 0 0 0 0 0 0 0 0 0 0 0 0 0 0 0 0 0 0 0 0 0 0 0 0 0 0 0 94 0 4 0 0 0 
0 0 0 0 0 0 0 0 0 0 0 0 0 0 0 0 0 0 0 0 0 0 0 0 0 0 0 0 0 0 0 0 0 0 0 0 0 0 0 0 0 0 0 0 0 0 0 0 0 0 0 0 0 0 0 0 0 0 0 0 0 0 0 0 0 0 0 0 0 0 0 0 0 0 0 0 0 0 0 0 0 0 0 0 0 0 0 0 0 0 0 0 0 0 0 0 0 4 0 0 
0 0 0 0 0 0 0 0 0 0 0 0 0 0 0 0 0 0 0 0 0 0 0 0 0 0 0 0 0 0 0 0 0 0 0 0 0 0 0 0 25 0 0 64 0 0 49 0 0 0 0 0 0 0 0 23 0 0 0 0 0 0 0 0 0 0 0 0 0 0 0 0 0 0 0 0 0 0 0 0 0 0 0 0 0 0 0 0 0 0 0 0 0 0 0 0 0 0 0 0 
0 0 97 96 0 0 0 0 0 0 0 0 0 0 0 0 0 0 0 0 0 0 0 0 0 0 0 0 0 0 0 39 0 0 0 0 0 0 0 0 0 0 0 0 0 0 0 0 0 0 0 0 0 0 0 0 0 0 0 0 0 0 0 0 0 0 0 0 0 0 0 0 0 0 0 0 0 0 0 0 0 0 0 0 0 0 0 0 0 0 0 0 0 0 0 0 0 0 0 0 
0 0 0 0 0 0 0 0 0 0 0 0 0 0 0 0 0 0 0 0 0 0 0 0 0 0 0 0 0 0 0 0 0 0 0 0 0 0 0 3 0 0 0 0 0 0 0 0 0 0 0 0 0 0 0 0 0 0 0 0 90 0 0 0 0 0 0 0 0 5 0 34 0 0 0 0 0 0 0 0 0 0 0 0 0 0 0 0 0 0 0 0 0 0 0 0 0 0 0 78 
0 0 0 0 66 0 73 0 0 0 0 0 0 0 0 0 0 0 0 0 0 0 0 0 0 0 0 0 0 0 0 0 0 0 0 0 0 0 0 0 0 0 0 0 0 0 0 0 0 22 0 0 0 0 0 0 0 0 0 0 0 0 0 0 0 0 0 0 0 0 0 0 0 52 0 0 0 73 0 0 0 0 60 0 0 0 0 0 0 0 0 0 0 0 0 0 0 0 0 0 
0 0 0 0 0 0 0 0 0 0 0 0 0 0 0 0 0 0 0 0 0 0 0 0 0 11 0 0 0 0 0 0 0 0 0 0 0 0 0 0 0 0 0 0 0 0 0 0 0 0 0 0 0 0 0 0 0 0 49 0 0 0 0 0 0 0 0 0 0 0 0 0 0 0 0 0 0 0 0 0 0 0 0 0 0 0 0 0 0 0 0 0 0 0 0 0 0 0 0 0 
0 0 0 0 0 0 0 0 0 0 0 0 0 0 0 0 0 0 0 0 0 0 43 0 0 0 0 0 0 0 0 0 0 0 0 0 0 0 0 0 0 0 0 0 0 42 0 0 0 0 0 0 0 0 0 0 0 0 0 0 0 0 0 0 0 0 0 0 0 0 0 0 84 0 0 0 23 0 0 0 0 0 0 0 0 0 0 0 0 0 0 0 0 0 0 0 0 0 0 0 
0 0 0 0 0 0 0 0 0 0 0 0 0 0 0 0 0 0 0 0 0 0 0 0 0 0 0 0 0 0 83 0 0 9 0 0 0 0 0 0 0 0 0 59 0 0 0 0 0 0 0 0 0 0 0 44 0 34 0 0 0 0 0 0 0 0 0 0 0 0 0 0 0 0 0 0 0 0 0 0 0 0 0 0 0 0 0 0 0 0 0 0 0 0 0 0 0 0 0 0 
0 0 0 0 0 0 0 0 0 0 0 0 0 0 0 0 0 0 0 0 74 0 0 0 0 0 0 0 0 0 0 0 0 0 0 0 0 0 0 0 0 0 0 0 0 71 0 0 0 0 0 0 0 0 0 0 0 0 0 0 0 0 0 0 0 0 0 0 0 0 0 0 0 0 0 0 24 0 0 0 0 0 0 0 0 0 0 0 0 0 0 0 0 0 0 0 0 0 0 0 
0 0 0 0 0 0 0 0 0 0 0 0 0 0 0 0 0 0 0 0 0 0 0 0 0 0 0 0 0 0 0 0 0 0 0 0 0 0 0 0 0 0 0 0 0 0 0 0 0 0 0 0 0 0 0 0 0 0 0 0 0 0 0 0 0 0 0 0 0 0 0 0 0 0 0 0 0 0 0 0 0 0 0 0 41 0 0 0 0 0 0 0 0 0 0 0 0 0 0 0 
0 0 0 0 0 0 0 0 0 0 0 0 0 0 0 0 0 0 0 0 0 0 0 0 0 0 0 0 0 0 0 0 0 0 19 0 0 0 0 0 0 0 0 0 0 0 0 0 0 77 0 0 0 0 0 0 0 0 0 0 0 0 0 0 0 0 0 0 80 0 0 0 0 0 0 0 0 17 0 0 0 0 0 0 0 0 0 0 0 0 0 0 0 0 0 0 13 0 0 0 
0 0 0 0 0 0 0 0 0 0 0 0 0 0 0 0 0 0 0 42 0 0 0 0 0 0 0 0 0 0 0 0 0 0 0 0 0 0 0 0 0 0 0 0 0 0 0 0 0 0 0 0 0 0 0 0 0 0 0 0 0 0 0 0 0 0 0 0 0 0 0 0 0 0 0 0 0 0 0 0 0 0 0 0 0 0 0 0 0 0 0 0 0 0 0 0 0 0 0 0 
0 0 0 0 0 0 0 0 0 0 0 0 0 0 0 0 0 0 0 0 0 0 0 0 0 0 0 0 0 0 0 0 0 0 0 0 0 0 0 0 0 0 0 0 0 0 0 0 0 0 0 0 0 0 0 0 0 0 0 0 0 0 0 0 0 0 0 0 0 0 0 0 0 0 0 0 0 0 0 0 0 0 0 0 0 0 0 0 0 0 0 0 0 0 0 18 0 0 20 0 
0 0 0 0 0 0 0 0 0 0 0 0 0 0 0 0 0 0 0 0 0 0 0 0 0 0 0 0 0 0 0 0 0 0 0 0 0 0 0 0 0 0 0 0 0 0 0 0 0 0 0 0 0 0 0 0 78 0 0 0 0 0 0 0 0 0 0 0 0 0 93 0 0 0 0 0 0 0 0 0 0 0 0 0 0 0 0 0 0 0 0 0 0 0 0 0 0 0 0 0 
0 0 0 0 0 0 0 0 0 0 0 0 0 0 0 0 0 0 0 0 0 0 0 0 0 0 0 0 0 0 0 0 0 0 0 0 0 0 0 0 0 0 0 0 0 0 0 0 0 0 0 0 0 0 0 0 0 0 0 0 0 0 0 20 0 0 0 0 0 0 0 0 0 0 0 0 0 0 0 0 0 0 0 0 0 0 0 0 0 0 0 0 0 0 0 0 0 0 0 0 
0 0 0 0 0 0 0 0 0 0 0 0 36 0 0 0 0 0 0 0 0 0 0 0 0 0 0 0 0 0 0 0 0 0 0 0 0 0 0 0 0 0 0 0 0 0 0 0 0 0 0 0 0 0 0 0 0 0 0 0 0 0 0 0 0 0 0 0 0 0 0 0 0 0 65 0 0 0 0 0 36 0 0 0 0 0 0 0 0 0 0 0 0 0 0 0 0 0 0 0 
0 0 0 0 0 0 0 0 0 0 0 0 0 0 0 0 0 0 0 0 0 94 0 0 0 0 0 0 0 0 0 0 0 52 0 0 0 0 0 0 0 0 0 0 0 0 0 0 0 0 0 0 0 0 0 0 0 0 0 0 0 0 0 0 0 0 0 0 0 0 0 0 0 0 0 0 0 0 0 0 0 0 32 0 0 0 0 0 0 0 0 0 0 0 0 0 0 0 0 0 
0 0 38 0 0 0 0 0 0 0 0 0 0 0 0 0 67 0 0 0 0 0 0 0 0 0 0 0 0 0 0 0 0 0 0 0 71 0 0 0 0 0 0 0 0 0 0 0 0 0 0 0 0 0 0 0 0 0 0 0 0 0 0 0 0 0 0 0 0 0 0 0 0 0 0 0 0 0 0 0 0 0 0 0 0 0 0 0 0 0 0 0 0 0 0 0 0 0 0 0 
0 0 0 0 0 0 0 0 0 0 0 0 0 0 0 0 0 0 0 0 0 0 0 0 0 0 0 0 0 0 0 0 0 0 0 0 0 0 0 0 0 0 0 0 0 0 0 0 0 0 0 0 0 0 0 0 0 0 0 0 0 0 0 0 0 0 0 0 0 0 52 0 0 0 0 0 0 0 0 0 0 0 0 0 0 0 0 0 0 0 0 0 0 0 0 0 0 0 0 0 
0 0 0 0 0 0 0 0 0 0 0 0 0 0 0 0 0 0 0 0 0 91 0 0 0 0 0 0 0 0 36 0 0 0 0 0 0 0 0 0 0 0 0 88 0 0 0 0 0 0 0 0 0 0 0 0 0 46 0 0 0 0 0 0 0 0 0 0 0 0 0 0 0 0 0 0 0 0 0 0 0 0 0 0 0 0 0 0 0 0 0 0 0 0 0 0 0 0 0 0 
0 0 0 0 0 0 0 0 0 0 0 0 0 0 0 0 0 0 0 0 0 0 0 0 84 0 0 0 0 0 0 0 0 0 0 0 0 0 0 0 0 0 0 0 0 0 0 0 0 0 0 0 0 0 0 0 0 0 0 0 0 0 0 0 0 0 0 0 37 0 0 0 0 0 0 0 0 0 0 0 0 0 0 0 0 0 0 0 0 0 0 0 0 0 0 0 35 0 0 0 
0 0 0 0 0 0 0 0 0 0 0 0 0 0 0 0 0 0 0 0 0 0 0 0 0 0 0 0 0 0 0 0 0 0 0 0 0 0 0 0 0 0 0 0 0 0 0 0 0 0 0 0 0 0 0 0 0 0 0 0 0 0 0 0 0 0 0 0 0 0 0 0 0 0 0 0 0 0 0 0 0 0 0 0 0 0 0 0 0 0 0 0 0 0 0 0 0 0 0 0 
0 0 26 0 0 0 0 0 0 0 0 0 0 0 0 0 0 0 0 0 0 0 0 0 0 0 0 0 0 0 0 12 0 0 0 0 0 0 0 0 0 0 0 0 0 0 0 0 0 0 0 0 0 0 0 0 0 0 0 0 0 0 0 0 0 0 0 0 0 0 0 0 0 0 0 0 0 0 0 0 0 0 0 0 0 0 0 0 0 0 0 0 0 0 0 0 0 0 0 0 
0 0 0 0 0 0 0 0 0 0 0 0 0 0 0 0 0 0 0 0 0 0 0 0 0 0 0 0 0 0 0 0 0 0 0 0 0 0 0 0 0 0 0 0 0 0 0 0 0 0 0 0 0 0 0 0 0 0 0 0 0 0 0 0 0 0 0 0 0 0 0 0 0 0 0 0 0 0 0 0 0 0 0 0 0 0 0 0 0 0 0 0 0 0 0 64 0 0 29 0 
0 0 0 0 0 0 0 0 0 0 0 0 0 0 0 0 0 0 0 0 0 0 0 0 0 0 0 0 0 0 0 0 0 0 0 0 0 0 0 0 0 0 0 0 0 0 0 0 0 0 0 0 0 0 0 0 0 0 0 0 0 0 0 0 0 56 0 0 0 0 0 0 0 0 0 0 0 0 0 0 0 0 0 0 0 0 0 0 0 0 0 0 0 0 0 0 0 0 0 0 
0 0 0 0 0 0 0 0 0 0 0 0 0 0 0 0 0 49 0 0 0 0 0 0 0 0 0 0 0 0 0 0 0 0 0 0 0 0 0 0 0 0 0 0 0 0 0 0 0 0 0 0 0 0 0 0 0 0 0 0 61 0 75 0 0 0 0 0 0 68 0 84 79 0 0 0 0 0 0 0 0 0 0 0 0 0 0 0 0 0 0 0 0 0 0 0 0 0 0 44 
0 0 0 0 0 0 0 0 0 0 0 0 0 0 0 4 0 0 0 0 0 0 0 0 0 0 0 0 0 0 0 0 0 0 0 0 0 0 0 0 0 0 0 94 0 0 92 0 0 0 0 0 0 0 0 1 0 24 0 0 0 0 0 0 0 0 0 0 0 0 0 0 0 0 0 0 0 0 51 0 0 0 0 0 0 0 0 0 0 0 48 0 0 0 0 0 0 0 0 0 
0 0 0 0 0 0 0 92 0 0 0 0 0 0 0 0 0 0 0 0 0 0 0 0 0 0 0 0 0 0 0 0 0 0 0 0 0 0 0 0 0 0 0 0 0 0 0 0 0 0 0 0 0 0 0 0 0 0 0 0 0 0 0 0 0 0 0 0 0 0 0 0 0 0 0 56 0 0 0 0 0 0 0 0 0 0 0 0 0 0 0 0 0 0 0 0 0 0 0 0 
32 0 0 0 0 0 0 0 0 0 0 0 0 0 0 0 0 0 0 0 0 0 0 0 0 0 0 0 0 0 0 0 0 0 0 0 0 0 0 0 0 0 0 0 0 0 0 0 0 0 0 0 1 0 0 0 0 0 0 0 0 0 0 0 0 0 0 0 0 0 0 0 0 0 0 0 0 0 58 0 0 0 0 0 0 0 0 0 0 0 0 0 0 0 0 0 0 0 0 0 
0 0 0 0 0 0 0 0 0 0 0 0 0 0 0 26 0 0 0 0 0 10 0 0 0 0 0 0 0 0 0 0 0 92 0 0 0 0 0 0 53 0 0 0 0 0 0 0 0 0 0 0 0 0 0 45 0 93 0 0 0 0 0 0 0 0 0 0 0 0 0 0 0 0 0 0 0 0 0 0 0 0 0 0 0 0 0 0 0 0 0 0 0 0 0 0 0 0 0 0 
0 0 0 0 0 0 0 0 0 0 0 37 0 0 0 0 0 0 0 0 0 0 0 0 0 0 0 0 0 0 0 0 0 0 0 0 0 0 0 0 0 0 0 0 0 0 0 0 0 0 0 99 0 0 0 0 0 0 0 0 0 0 0 0 0 0 0 28 0 0 0 0 0 0 0 0 0 0 0 0 0 0 0 0 0 0 0 0 0 0 0 0 0 0 0 0 0 0 0 0 
0 0 0 0 0 0 0 0 0 0 0 0 0 0 0 0 0 0 0 0 10 0 28 0 0 0 0 0 0 0 0 0 0 0 0 0 0 0 0 0 0 0 0 0 0 0 0 0 0 0 0 0 0 0 0 0 0 0 0 0 0 0 0 0 0 0 0 0 0 0 0 0 0 0 0 0 22 0 0 0 0 0 0 0 0 0 0 0 0 0 0 0 0 0 0 0 0 0 0 0 
0 0 0 0 0 0 0 0 0 0 0 0 0 0 0 43 0 0 0 0 0 0 0 0 0 0 0 0 0 0 0 0 0 0 0 0 0 0 0 0 20 0 0 0 0 0 0 0 0 0 0 0 0 0 0 3 0 0 0 0 0 0 0 0 0 0 0 0 0 0 0 0 0 0 0 0 0 0 0 0 0 0 0 0 0 0 0 0 0 0 1 0 0 0 0 0 0 0 0 0 
0 0 0 0 0 0 0 0 0 72 0 0 0 0 0 0 0 0 0 0 0 0 0 0 0 0 0 0 0 0 0 0 0 0 0 0 0 0 0 0 0 0 0 0 0 0 0 0 0 0 0 76 0 0 0 0 0 0 0 0 0 0 0 0 0 0 0 0 0 0 0 0 0 0 0 0 0 0 0 0 0 0 0 0 0 0 0 0 0 0 0 0 0 0 0 0 0 0 0 0 
0 82 0 0 0 0 0 0 0 0 0 0 0 0 0 0 0 0 0 0 0 0 0 0 0 0 0 0 0 0 0 0 0 0 0 0 0 0 0 0 0 0 0 0 0 0 0 0 0 0 0 0 0 0 0 0 0 0 0 0 0 0 0 0 0 0 0 0 0 0 0 0 0 0 0 0 0 0 0 0 0 0 0 0 0 0 0 0 0 0 0 0 0 0 0 0 0 0 0 0 
0 0 0 0 0 0 19 0 0 0 0 0 0 0 0 0 0 0 34 0 0 0 0 0 88 0 0 0 0 0 0 0 0 0 0 0 0 0 0 0 0 0 0 0 0 0 0 0 0 0 0 0 0 0 0 0 0 0 0 0 0 0 0 0 0 0 0 0 0 0 0 0 0 45 0 0 0 91 0 0 0 0 0 0 0 0 0 0 0 0 0 0 0 0 0 0 0 0 0 0 
0 0 0 0 0 0 0 0 0 0 0 0 0 0 0 0 0 0 0 0 0 0 0 0 0 0 0 0 0 0 0 0 0 0 0 0 0 0 0 0 0 0 0 0 0 0 0 0 0 0 0 0 0 0 0 0 0 0 0 0 0 0 0 0 0 0 0 0 0 0 0 0 0 0 0 0 0 0 0 0 0 0 0 0 0 0 0 0 0 0 0 0 0 0 0 0 0 0 0 0 
0 0 0 0 0 0 0 0 0 73 0 0 0 0 0 0 0 0 0 0 0 0 0 0 0 0 0 0 0 0 0 0 0 0 0 0 0 0 0 0 0 0 0 0 13 0 0 22 0 0 0 0 0 0 0 0 0 0 0 0 0 0 0 0 0 0 0 38 0 0 0 0 0 0 0 0 0 0 0 0 0 0 0 0 0 0 0 0 0 0 0 0 0 0 0 0 0 0 0 0 
0 0 0 0 0 0 0 0 0 0 0 0 0 0 0 0 0 0 0 0 0 0 0 0 0 0 0 0 0 0 0 0 0 0 0 0 0 0 0 0 0 0 26 0 0 0 0 0 0 0 0 0 0 0 0 0 0 0 0 0 0 0 0 0 0 0 0 0 0 0 0 0 0 0 0 0 0 0 0 0 0 0 0 0 0 0 0 0 0 0 0 0 0 0 0 0 0 0 0 0 
0 0 0 0 0 0 0 0 0 0 0 0 0 0 0 0 0 0 0 0 0 0 0 0 0 0 0 0 0 0 0 0 0 0 0 0 0 0 0 0 0 0 0 0 0 0 0 0 0 0 0 0 0 0 0 0 0 0 0 0 0 0 0 0 0 0 0 0 0 0 0 0 0 0 0 0 0 0 0 0 0 0 0 0 0 0 0 0 0 0 0 0 0 0 0 0 0 0 0 0 
0 0 0 0 0 0 0 0 0 0 0 0 0 30 0 0 0 0 0 0 0 0 0 0 0 0 0 0 0 0 0 0 0 0 0 0 0 0 0 0 0 0 0 0 0 0 0 0 0 0 0 0 0 0 0 0 0 0 0 0 0 0 0 0 0 0 0 0 0 0 0 0 0 0 0 0 0 0 0 0 0 0 0 0 0 0 0 0 0 0 0 0 0 0 7 0 37 0 0 0 
0 0 0 0 0 0 0 0 0 0 0 0 0 0 0 11 0 0 0 0 0 13 0 0 0 0 0 0 0 0 0 0 0 0 0 0 0 0 0 0 10 0 0 91 0 0 30 0 0 0 0 0 0 0 0 0 0 15 0 0 0 0 0 0 0 0 0 0 0 0 0 0 0 0 0 0 0 0 69 0 0 0 0 0 0 0 0 0 0 0 0 0 0 0 0 0 0 0 0 0 
0 0 0 0 0 0 0 0 0 0 0 0 0 0 0 0 0 0 0 0 0 0 0 0 0 0 0 27 0 0 0 0 0 0 0 0 0 0 0 0 0 0 0 0 0 0 0 0 0 0 0 0 0 0 0 0 0 0 0 0 0 0 0 0 0 0 60 0 0 0 90 0 0 0 0 0 0 0 0 0 0 0 0 0 0 0 0 0 0 0 0 0 0 0 0 0 0 0 0 0 
0 0 0 0 0 0 0 0 0 0 0 0 0 0 0 0 0 0 0 0 0 52 0 0 0 0 0 0 0 0 0 0 0 60 0 0 0 0 0 0 36 0 0 28 0 0 0 0 0 0 0 0 0 0 0 95 0 0 0 0 0 0 0 0 0 0 0 0 0 0 0 0 0 0 0 0 0 0 65 0 0 0 0 0 0 0 0 0 0 0 0 0 0 0 0 0 0 0 0 0 
0 14 0 0 0 0 0 0 0 0 0 0 0 0 0 0 0 0 0 42 0 0 0 0 0 0 0 0 0 0 0 0 0 0 0 0 0 0 0 0 0 0 0 0 0 0 0 0 0 0 0 0 0 0 0 0 0 0 0 0 0 0 0 0 1 0 0 0 0 0 0 0 0 0 0 0 0 0 0 0 0 0 0 0 0 0 0 0 62 0 0 0 0 0 0 0 0 0 0 0 
0 0 0 0 0 0 0 0 39 0 0 0 0 0 0 0 0 0 0 0 0 0 0 0 0 0 0 0 0 0 0 0 0 0 0 0 0 0 0 0 0 0 0 0 0 0 0 0 0 0 0 0 0 0 0 0 0 0 0 0 0 0 0 0 0 0 0 0 0 0 0 0 0 0 0 0 0 0 0 0 0 0 0 0 0 0 0 0 0 0 0 0 0 0 0 0 0 0 0 0 
0 0 0 0 0 0 0 0 0 0 0 0 0 0 0 0 0 25 0 0 0 0 0 0 0 0 0 0 0 0 0 0 0 0 0 0 0 0 0 13 0 0 0 0 0 0 0 0 0 0 0 0 0 0 0 0 0 0 0 0 0 0 69 0 0 0 0 0 0 93 0 50 0 0 0 0 0 0 0 0 0 0 0 0 0 0 0 0 0 0 0 0 13 0 0 0 0 0 0 71 
43 0 0 0 0 0 0 0 0 0 0 0 6 0 0 0 0 0 0 0 0 0 0 0 0 0 0 0 0 0 0 0 0 0 0 0 0 0 0 0 0 0 0 0 0 0 0 0 0 0 0 0 0 0 0 0 0 0 0 0 0 0 0 0 0 0 0 0 0 0 0 0 0 0 0 0 0 0 0 0 0 0 0 0 0 0 0 0 0 0 0 0 0 0 0 0 0 0 0 0 
0 0 0 0 0 0 0 0 0 0 49 0 0 0 0 0 0 0 0 0 0 0 0 0 0 0 0 0 0 0 0 0 0 0 0 0 0 0 0 55 0 0 0 0 0 0 0 0 0 0 0 0 0 0 0 0 0 0 0 0 29 0 0 0 0 0 0 0 0 0 0 51 0 0 0 0 0 0 0 0 0 0 0 0 0 0 0 0 0 0 0 0 0 0 0 0 0 0 0 34 
0 0 0 0 0 0 0 0 0 0 0 0 0 0 0 0 0 0 0 0 0 0 0 0 0 0 0 0 97 0 0 0 0 0 0 0 0 0 0 0 0 0 0 0 0 0 0 0 0 0 0 0 0 0 0 0 0 0 0 0 0 0 0 0 0 0 0 0 0 0 0 0 0 0 0 0 0 0 0 0 0 0 0 0 0 0 0 0 0 0 0 0 0 0 0 0 0 0 0 0 
0 0 0 0 0 0 0 0 0 0 0 0 0 0 0 0 0 0 0 0 0 0 0 0 0 0 0 0 0 0 0 0 0 0 0 0 0 0 0 0 0 0 0 0 0 0 0 0 0 0 0 0 0 0 0 0 0 0 5 0 0 0 0 0 0 0 0 0 0 0 0 0 0 0 0 0 0 0 0 0 0 0 0 0 0 0 0 0 96 0 0 0 0 0 0 0 0 0 0 0 
0 0 0 0 0 0 0 0 0 0 0 0 0 0 0 0 0 0 0 0 0 0 0 0 0 0 0 0 0 0 0 0 0 0 0 0 0 0 86 0 0 0 0 0 0 0 0 0 0 0 0 0 0 0 0 0 0 0 0 0 0 0 0 0 0 0 0 0 0 0 0 0 0 0 0 0 0 0 0 0 0 0 0 0 0 0 0 0 0 0 0 0 0 0 0 0 0 0 0 0 
0 0 0 0 0 0 0 0 0 0 0 0 0 0 0 0 0 0 0 0 0 0 0 0 0 0 0 0 0 0 0 0 0 0 0 0 0 0 0 0 0 0 0 0 0 0 0 0 0 0 0 0 0 0 0 0 28 0 0 0 0 0 0 0 0 0 0 0 0 0 16 0 0 0 0 0 0 0 0 0 0 0 0 0 0 0 0 0 0 0 0 0 0 0 0 0 0 0 0 0 
0 0 0 0 0 0 0 0 0 50 0 0 0 0 0 0 0 0 0 0 0 0 0 0 0 0 0 0 0 0 0 0 0 0 0 0 0 0 0 0 0 0 0 0 65 0 0 0 0 0 0 50 0 0 0 0 0 0 0 0 0 0 0 0 0 0 0 0 0 0 0 0 0 0 0 0 0 0 0 0 0 0 0 0 0 0 0 0 0 0 0 0 0 0 0 0 0 0 0 0 
0 0 0 0 0 0 0 0 0 0 0 0 0 0 0 0 0 0 0 0 0 0 0 0 7 0 0 0 0 0 0 0 0 0 7 0 0 0 0 0 0 0 0 0 0 0 0 0 0 0 0 0 0 0 0 0 0 0 0 0 0 0 0 0 0 0 0 0 0 0 0 0 0 0 0 0 0 0 0 0 0 0 0 0 0 0 0 0 0 0 0 0 0 0 0 0 0 0 0 0 
0 0 0 0 0 0 0 0 0 0 0 0 0 0 0 0 0 80 0 0 0 0 0 0 0 0 0 0 0 0 0 0 0 0 0 0 0 0 0 1 0 0 0 0 0 0 0 0 0 0 0 0 0 0 0 0 0 0 0 0 79 0 0 0 0 0 0 0 0 0 0 0 0 0 0 0 0 0 0 37 0 0 0 0 0 0 0 0 0 0 0 0 23 0 0 0 0 0 0 1 
0 0 0 0 0 0 30 0 0 0 0 0 0 0 0 0 0 0 0 0 0 0 0 0 0 0 0 51 0 0 0 0 8 0 0 0 0 0 0 0 0 0 0 0 0 0 0 0 0 0 0 0 0 0 0 0 53 0 0 0 0 0 0 0 0 0 41 0 0 0 0 0 0 0 0 0 0 0 0 0 0 0 0 0 0 0 0 0 0 0 0 0 0 0 0 0 0 0 0 0 
0 0 0 0 0 0 0 0 0 0 0 0 0 0 0 0 0 31 0 0 0 0 0 0 0 0 0 0 0 0 0 0 0 0 0 0 0 0 0 58 0 0 0 0 0 0 0 0 0 0 0 0 0 0 0 0 0 0 0 0 90 0 30 0 0 0 0 0 0 0 0 0 49 0 0 0 0 0 0 0 0 0 0 0 0 0 0 0 0 0 0 0 0 0 0 0 0 0 0 81 
0 0 0 0 0 0 0 0 0 0 0 0 0 0 0 0 0 0 0 0 97 0 0 0 0 0 0 0 0 0 0 0 0 0 0 0 0 0 0 68 0 0 0 0 0 0 0 0 0 0 0 0 0 0 0 0 0 0 0 0 0 0 0 0 0 0 0 0 0 0 0 77 0 0 0 0 0 0 0 0 0 0 0 0 0 0 0 0 0 0 0 0 0 0 0 0 0 0 0 0 
0 0 0 0 2 0 75 0 0 0 0 0 0 0 0 0 0 0 35 0 0 0 0 0 0 0 0 0 0 0 0 0 0 0 0 0 0 0 0 0 0 0 0 0 0 0 0 0 0 9 0 0 0 0 0 0 0 0 0 0 0 0 0 0 0 0 0 0 0 0 0 0 0 0 0 0 0 57 0 0 0 0 0 0 0 0 0 0 0 0 0 0 0 0 0 0 0 0 0 0 
0 0 0 0 0 0 0 0 0 0 0 0 0 0 0 0 0 0 0 0 0 0 0 0 0 0 0 0 0 18 0 0 0 0 0 0 0 0 0 0 0 0 0 0 0 0 0 0 0 0 0 0 0 0 0 0 0 0 0 0 0 0 0 0 0 0 0 0 0 0 0 0 0 0 0 0 0 0 0 0 13 0 0 0 0 0 29 0 0 0 0 0 0 0 0 0 0 0 0 0 
0 0 0 0 0 0 0 43 0 0 0 0 0 0 0 0 0 0 0 0 0 0 0 0 0 0 0 0 0 0 0 0 0 0 0 0 0 0 0 0 0 72 0 0 0 0 0 0 0 0 0 0 0 0 0 0 0 0 0 0 0 0 0 0 0 0 0 0 0 0 0 0 0 0 0 0 0 0 0 0 0 0 0 0 0 0 0 0 0 0 0 0 0 0 0 0 0 0 0 0 
0 0 0 0 0 0 0 0 0 0 0 0 0 0 0 0 0 0 0 0 40 0 40 0 0 0 0 0 0 0 0 0 0 0 0 0 0 0 0 0 0 0 0 0 0 47 0 0 0 0 0 0 0 0 0 0 0 0 0 0 0 0 0 0 0 0 0 0 0 0 0 0 0 0 0 0 0 0 0 0 0 0 0 0 0 0 0 0 0 0 0 0 0 0 0 0 0 0 0 0 
0 0 0 0 0 0 90 0 0 0 0 0 0 0 0 0 0 0 66 0 0 0 0 0 75 0 0 0 0 0 0 0 0 0 0 0 0 0 0 0 0 0 0 0 0 0 0 0 0 4 0 0 0 0 0 0 0 0 0 0 0 0 0 0 0 0 0 0 0 0 0 0 0 48 0 0 0 0 0 0 0 0 0 0 0 0 0 0 0 0 0 0 0 0 0 0 1 0 0 0 
0 0 0 0 0 0 0 0 0 0 0 0 0 0 0 0 0 0 0 0 0 0 0 0 0 0 0 0 0 0 0 0 0 0 0 0 0 0 0 0 57 0 38 0 0 0 0 0 0 0 0 0 0 0 0 87 0 89 0 0 0 0 0 0 0 0 0 0 0 0 0 0 0 0 0 0 0 0 0 0 0 0 0 0 0 0 0 0 0 0 25 0 0 0 0 0 0 0 0 0 
0 0 0 0 0 0 0 0 0 0 0 0 0 0 0 0 0 0 0 0 0 0 0 0 0 0 0 0 0 0 0 0 0 0 0 0 0 0 0 0 0 0 0 0 0 0 0 0 0 0 0 0 0 0 0 0 0 0 0 0 0 0 0 0 0 0 0 0 0 20 0 0 0 0 0 0 0 0 0 0 0 0 0 0 0 0 0 0 0 0 0 0 0 0 0 0 0 0 0 0 
0 0 0 0 0 0 0 0 0 0 0 0 96 0 0 0 0 0 0 0 0 0 0 0 0 0 0 0 0 30 0 0 0 0 0 0 0 0 0 0 0 0 0 0 0 0 0 0 0 0 0 0 0 0 0 0 0 0 0 0 0 0 0 0 0 0 0 0 0 0 0 0 0 0 69 0 0 0 0 0 0 0 0 0 0 0 0 0 0 0 0 0 0 0 0 0 0 0 0 0 
0 0 0 0 0 0 0 0 0 0 0 0 0 0 0 0 0 0 0 0 0 0 0 0 0 0 0 0 0 0 0 0 0 0 0 0 0 0 0 0 0 0 0 0 0 0 0 0 0 0 0 0 0 0 0 0 0 0 0 0 0 0 0 0 0 0 0 0 0 0 0 0 0 0 0 0 0 0 0 0 0 0 0 64 0 0 0 0 0 17 0 0 28 0 0 0 0 0 0 0 
0 0 0 0 78 0 0 0 0 0 0 0 0 0 0 0 0 0 8 0 0 0 0 0 0 0 0 0 0 0 89 0 0 0 0 0 0 0 0 0 0 0 0 0 0 0 0 0 0 0 0 0 0 0 0 0 0 0 0 0 0 0 0 0 0 0 0 0 0 0 0 0 0 0 0 0 0 0 0 0 0 0 0 0 0 0 0 0 0 0 0 0 0 0 0 0 0 0 0 0 
0 0 0 0 0 0 0 0 0 0 0 0 0 0 0 0 0 0 0 0 0 0 0 0 0 0 0 0 0 0 0 0 0 0 0 0 0 0 0 0 0 0 0 0 0 0 0 0 0 0 0 0 0 0 0 0 0 0 0 0 0 0 0 0 0 0 0 0 0 0 0 0 0 0 0 0 0 0 0 0 0 90 0 0 0 0 0 0 0 16 0 0 14 0 0 0 0 0 0 0 
0 0 0 0 0 0 0 0 0 0 0 0 0 0 0 0 0 0 0 0 0 0 0 85 0 0 0 0 0 0 0 0 0 0 0 0 0 0 0 0 0 0 0 0 0 0 0 0 0 0 0 0 0 0 0 0 0 0 0 0 0 0 0 0 0 0 0 0 0 0 0 0 0 0 0 0 0 0 0 0 0 0 0 0 0 0 0 0 0 0 0 0 0 0 0 0 0 0 0 0 
0 0 0 0 0 0 0 0 0 0 0 0 0 0 0 0 0 0 0 0 0 0 0 0 0 0 0 0 0 0 0 0 0 0 0 0 0 0 0 0 0 0 0 0 0 0 0 0 0 0 0 0 0 0 0 0 0 0 0 0 0 0 0 0 0 0 0 0 0 0 0 0 0 0 0 0 0 0 0 0 0 0 0 0 0 0 79 0 0 0 0 0 0 0 0 0 0 0 0 0 
0 0 0 0 0 0 0 0 0 0 0 0 0 0 0 0 0 0 0 0 0 0 0 0 0 0 0 0 0 0 0 0 0 0 0 0 0 0 0 0 0 0 0 0 0 0 0 0 0 0 0 0 0 0 0 0 0 0 0 0 0 0 0 0 0 0 0 0 0 0 0 0 0 0 35 0 0 0 0 0 0 0 0 0 0 4 0 0 0 0 0 0 0 0 0 0 0 0 0 0 
0 0 0 97 0 0 0 0 0 0 0 0 0 0 0 0 0 0 0 0 0 0 0 0 0 0 0 0 0 0 0 0 0 0 0 0 0 0 0 0 0 0 0 0 0 0 0 0 0 0 0 0 0 0 0 0 0 0 0 0 0 0 0 0 0 0 0 0 0 0 0 0 0 0 0 0 0 0 0 0 0 0 0 0 0 0 0 0 0 0 0 53 0 0 0 0 0 0 0 0 
0 0 0 0 0 0 0 0 0 0 0 0 0 0 0 0 0 0 0 0 0 0 0 0 0 0 0 0 0 0 0 0 0 0 0 0 0 0 0 0 0 0 0 0 0 0 0 0 0 0 0 0 0 0 0 0 0 0 76 0 0 0 0 0 91 0 0 0 0 0 0 0 0 0 0 0 0 0 0 0 0 0 0 0 0 0 0 0 0 0 0 0 0 0 0 0 0 0 0 0 
0 0 0 0 0 0 0 0 0 0 0 0 0 0 0 0 0 0 0 0 0 0 0 0 0 0 0 0 0 0 0 0 0 0 0 0 0 0 0 0 0 0 0 0 0 0 0 0 0 0 0 0 0 0 0 0 0 0 0 0 0 0 0 0 0 0 0 0 0 0 0 0 0 0 0 0 0 0 0 0 0 4 0 19 0 0 0 0 0 0 0 0 53 0 0 0 0 0 0 0 
0 0 0 0 0 0 0 0 0 0 0 0 99 0 0 0 0 0 0 0 0 0 0 0 0 0 0 0 0 0 0 0 0 0 0 0 0 0 0 0 58 0 0 0 0 0 17 0 0 0 0 0 0 0 0 0 0 0 0 0 0 0 0 0 0 0 0 0 0 0 0 0 0 0 0 0 0 0 29 0 0 0 0 0 0 0 0 0 0 0 0 0 0 0 0 0 0 0 0 0 
0 0 0 91 0 0 0 0 0 0 0 0 0 0 0 0 0 0 0 0 0 0 0 0 0 0 0 0 0 0 0 0 0 0 0 0 0 0 0 0 0 0 0 0 0 0 0 0 0 0 0 0 0 0 0 0 0 0 0 0 0 0 0 0 0 0 0 0 0 0 0 0 0 0 0 0 0 0 0 0 0 0 0 0 0 0 0 67 0 0 0 0 0 0 0 0 0 0 0 0 
0 0 0 0 0 0 0 0 0 0 0 0 0 0 0 0 0 0 0 0 0 0 0 0 0 0 0 0 0 0 0 0 0 0 0 0 0 0 0 0 0 0 0 0 0 0 0 0 0 0 0 0 0 0 0 0 0 0 0 0 22 0 0 0 0 0 0 0 0 92 0 0 0 0 0 0 0 0 0 0 0 80 0 23 0 0 0 0 0 35 0 0 0 0 0 0 0 0 0 85 
0 0 0 0 0 0 0 0 0 0 0 0 0 0 0 0 0 0 0 0 0 0 0 0 0 0 0 0 0 0 0 0 0 0 0 0 0 0 0 0 0 0 0 0 0 0 0 0 0 0 0 0 0 0 0 0 0 0 0 0 0 0 0 0 0 0 0 0 0 0 0 0 0 0 0 0 0 0 0 0 0 0 0 0 0 0 0 0 0 0 0 0 0 0 0 0 0 0 0 0 
0 0 0 0 0 0 0 0 0 0 0 0 0 66 0 0 0 0 0 0 0 0 0 0 0 0 0 0 0 0 0 0 0 0 0 0 0 0 0 0 0 0 0 0 0 0 0 0 0 0 0 0 0 0 76 0 0 0 0 0 0 0 0 0 0 0 0 0 0 0 0 0 0 0 0 0 0 0 0 0 0 0 0 0 0 0 0 0 0 0 0 0 0 0 0 0 0 0 0 0 
0 0 0 0 0 0 0 0 0 0 0 0 0 0 0 0 0 0 0 0 0 0 0 0 0 0 30 0 0 0 0 0 0 0 0 0 0 23 0 0 0 0 0 0 0 0 0 0 0 0 0 0 0 0 0 0 0 0 0 0 0 0 0 0 0 0 0 0 0 0 0 0 0 0 0 0 0 0 0 0 0 0 0 0 0 0 0 0 0 0 0 0 0 0 0 0 0 0 0 0 
0 0 0 0 0 0 0 0 0 0 0 0 0 20 0 0 0 0 0 0 0 0 0 0 4 0 0 0 0 0 0 0 0 0 43 0 0 0 0 0 0 0 0 0 0 0 0 0 0 0 0 0 0 0 62 0 0 0 0 0 0 0 0 0 0 0 0 0 0 0 0 0 0 0 0 0 0 47 0 0 0 0 0 0 0 0 0 0 0 0 0 0 0 0 0 0 0 0 0 0 
0 0 0 0 0 0 0 0 0 0 0 0 0 0 5 0 0 0 0 0 0 0 0 0 0 0 0 0 0 0 0 0 0 0 0 0 0 0 0 0 0 0 0 0 0 0 0 0 0 0 0 0 0 0 0 0 0 0 0 0 0 0 0 0 0 0 0 0 0 0 0 0 0 0 0 0 0 0 0 0 0 0 0 0 0 0 0 0 0 0 0 0 0 0 0 0 0 0 0 0 
0 0 0 0 0 0 0 0 0 0 0 0 0 0 0 0 0 0 0 0 0 0 0 0 0 0 85 0 0 0 0 0 0 0 0 0 0 53 0 0 0 0 0 0 0 0 0 0 0 0 0 0 0 0 0 0 0 0 0 0 0 0 0 0 0 0 0 0 0 0 0 0 0 0 0 0 0 0 0 0 0 0 0 0 0 0 0 0 0 0 0 0 0 0 0 0 0 0 0 0 
0 0 0 0 0 0 0 0 0 0 0 0 0 0 0 0 0 95 0 0 0 0 0 0 0 0 0 0 0 0 0 0 0 0 0 0 0 0 0 56 0 0 0 0 0 0 0 0 0 0 0 0 0 0 0 0 0 0 0 0 92 0 46 0 0 0 0 0 0 99 0 85 0 0 0 0 0 0 0 0 0 0 0 0 0 0 0 0 0 0 0 0 82 0 0 0 0 0 0 0 
