100 1000
0 5 4 2 4 3 5 6 4 7 3 8 164 165 162 168 167 165 166 165 165 170 162 169 170 170 163 167 147 144 147 231 235 236 234 236 231 237 238 230 233 232 231 241 231 233 25 27 19 22 138 138 139 140 136 136 137 135 131 142 133 137 134 136 139 154 151 152 151 153 158 150 153 153 153 157 154 156 156 152 151 153 103 106 103 105 100 107 106 103 101 98 107 104 102 100 99 99 145 145 
5 0 3 8 9 8 8 10 3 8 7 10 161 162 159 165 165 162 163 163 163 168 159 167 167 168 161 164 145 141 144 226 231 232 229 232 226 233 233 226 229 227 226 236 226 229 29 31 24 26 133 134 135 135 132 131 132 130 127 137 128 133 129 131 135 148 146 147 146 148 153 144 148 148 148 152 149 151 151 146 146 148 99 102 99 101 95 103 102 98 96 94 103 100 97 95 94 94 140 140 
4 3 0 6 7 7 5 7 0 5 5 7 160 161 158 164 164 161 162 162 162 167 158 165 166 167 160 163 144 140 143 229 234 235 232 235 229 236 236 229 232 230 229 239 229 232 26 28 21 23 136 137 138 138 135 135 136 133 130 140 131 136 133 134 138 151 149 150 149 151 156 147 151 150 151 155 151 154 153 149 149 151 100 102 99 101 96 104 103 99 97 94 103 100 98 96 95 95 141 141 
2 8 6 0 2 2 5 5 6 8 3 8 166 167 164 169 169 167 167 167 167 172 164 171 172 172 165 168 149 146 148 232 237 238 236 238 232 239 240 232 235 233 233 242 232 235 23 26 18 21 139 140 140 141 138 137 138 136 133 143 134 139 135 137 141 156 153 154 153 155 160 152 155 155 155 159 155 158 158 154 153 155 106 108 106 108 102 110 109 105 103 101 110 107 104 102 101 101 147 147 
4 9 7 2 0 4 4 3 7 7 2 6 164 165 162 168 168 165 166 166 166 171 163 169 170 171 164 167 148 144 147 235 239 240 238 240 234 241 242 234 237 235 235 244 235 237 21 24 16 18 141 142 143 143 140 140 140 139 135 145 136 141 138 139 143 157 155 156 155 157 162 153 157 156 157 161 157 160 159 155 155 157 106 108 106 108 103 110 109 105 103 101 110 107 104 102 101 101 147 147 
3 8 7 2 4 0 7 7 7 10 4 10 167 168 165 171 170 168 169 168 168 174 165 172 173 173 166 170 150 147 150 231 236 237 235 237 231 238 238 231 234 232 232 241 231 234 25 27 19 22 138 138 139 140 137 136 137 135 131 142 133 138 134 136 140 155 152 154 153 154 160 151 154 154 154 158 155 158 157 153 152 154 106 109 106 108 103 110 109 106 103 101 110 107 105 103 102 102 147 148 
5 8 5 5 4 7 0 3 5 4 2 3 161 162 159 164 164 162 162 162 162 167 159 166 167 167 160 164 144 141 144 234 239 239 237 239 234 241 241 234 237 235 234 244 234 237 21 23 16 18 141 142 143 143 140 139 140 138 135 145 136 141 137 139 143 156 153 155 154 156 161 152 155 155 156 160 156 159 158 154 153 156 103 105 103 104 99 106 106 102 100 98 106 104 101 99 98 98 144 144 
6 10 7 5 3 7 3 0 8 6 3 4 162 163 160 166 166 163 164 164 163 169 161 167 168 169 162 165 146 142 145 236 241 242 240 242 236 243 244 236 239 237 237 246 236 239 19 21 14 16 143 144 145 145 142 142 142 140 137 147 138 143 140 141 145 159 156 158 156 158 163 155 158 158 158 162 159 162 161 157 156 158 105 108 105 107 102 109 108 104 103 100 109 106 104 101 101 101 147 147 
4 3 0 6 7 7 5 8 0 5 5 7 161 162 158 164 164 162 162 162 162 167 159 166 167 167 160 163 144 140 143 229 234 234 232 234 229 236 236 229 232 230 229 239 229 232 26 28 21 23 136 137 138 138 135 134 135 133 130 140 131 136 132 134 138 151 148 150 149 151 156 147 150 150 151 155 151 154 153 149 148 151 100 102 100 101 96 104 103 99 97 95 103 101 98 96 95 95 141 141 
7 8 5 8 7 10 4 6 5 0 6 4 157 158 155 161 161 158 159 159 159 164 155 162 163 164 157 160 141 137 140 233 238 238 236 238 233 240 240 233 236 234 233 243 233 236 22 24 18 19 140 141 142 142 139 139 140 137 134 144 135 140 137 138 142 154 152 153 152 154 159 150 154 153 154 158 155 157 157 152 152 154 99 102 99 101 96 103 102 98 96 94 103 100 97 95 95 94 141 141 
3 7 5 3 2 4 2 3 5 6 0 5 163 164 161 167 166 164 165 164 164 170 161 168 169 169 162 166 146 143 146 233 238 239 236 239 233 240 240 233 236 234 233 243 233 236 22 24 17 19 140 141 142 142 139 138 139 137 134 144 135 140 136 138 142 156 153 155 154 155 161 152 155 155 156 159 156 159 158 154 153 155 104 107 104 106 101 108 107 103 101 99 108 105 102 100 99 99 145 146 
8 10 7 8 6 10 3 4 7 4 5 0 159 160 157 162 162 160 160 160 160 165 157 164 165 165 158 162 142 139 142 236 241 242 240 242 236 243 243 236 239 237 236 246 236 239 19 20 14 16 143 144 145 145 142 142 143 141 137 148 139 144 140 142 145 158 155 157 156 157 163 154 157 157 158 161 158 161 160 156 155 158 102 105 102 104 99 106 105 101 100 97 106 103 101 98 98 98 144 144 
164 161 160 166 164 167 161 162 161 157 163 159 0 3 4 5 4 4 3 3 4 7 4 6 7 6 1 6 18 21 21 286 290 291 287 287 283 291 291 284 286 282 283 292 283 289 160 158 163 161 222 228 227 222 218 220 225 218 219 226 217 226 221 225 222 199 200 200 197 200 204 195 203 200 203 203 204 201 204 197 200 203 99 91 99 97 101 91 95 93 99 98 96 98 96 94 94 99 102 100 
165 162 161 167 165 168 162 163 162 158 164 160 3 0 3 8 3 7 6 6 7 6 3 7 5 6 3 2 18 21 20 284 287 288 285 285 281 289 288 282 284 280 280 289 281 287 162 159 164 163 221 226 226 220 217 219 224 217 218 225 216 225 220 224 220 197 198 199 195 198 202 193 201 198 202 201 202 200 203 195 199 201 97 90 98 95 100 89 94 92 98 97 95 97 95 93 93 98 99 97 
162 159 158 164 162 165 159 160 158 155 161 157 4 3 0 9 6 7 7 6 8 9 1 9 8 9 3 5 15 18 18 282 286 287 283 283 279 287 287 280 282 279 279 288 279 285 159 156 161 160 218 224 223 218 215 216 222 214 215 223 214 222 218 221 218 195 196 197 193 196 200 191 199 196 200 199 200 198 201 193 196 199 95 87 96 93 97 87 91 89 96 94 92 94 92 90 91 95 98 96 
168 165 164 169 168 171 164 166 164 161 167 162 5 8 9 0 6 3 3 3 2 7 10 2 8 5 7 9 22 26 26 291 295 296 292 292 288 297 296 289 291 288 288 297 289 294 163 160 166 164 227 233 232 227 224 225 230 223 224 232 223 231 227 230 227 204 205 206 203 205 209 200 208 205 209 209 209 207 210 202 206 208 104 96 105 102 106 96 100 98 104 103 101 103 101 99 99 104 107 105 
167 165 164 169 168 170 164 166 164 161 166 162 4 3 6 6 0 6 5 5 6 3 5 5 3 4 4 3 20 24 23 286 290 291 287 287 283 291 291 284 286 283 283 292 283 289 164 161 166 165 223 229 228 223 220 221 227 219 220 228 219 227 223 226 223 199 200 201 198 200 204 196 204 200 204 204 204 202 205 197 201 203 100 92 101 98 102 92 96 94 101 99 97 99 97 96 96 101 101 100 
165 162 161 167 165 168 162 163 162 158 164 160 4 7 7 3 6 0 1 1 0 8 8 4 9 6 5 9 20 23 24 289 293 294 290 290 286 295 294 287 289 286 286 295 287 292 161 158 163 162 225 230 230 225 221 223 228 221 222 229 220 229 224 228 224 202 203 204 200 203 207 198 206 203 207 206 207 205 208 200 203 206 101 94 102 99 104 94 98 95 102 100 99 101 99 97 97 102 105 103 
166 163 162 167 166 169 162 164 162 159 165 160 3 6 7 3 5 1 0 0 2 7 7 4 8 5 4 7 20 23 24 288 292 293 289 290 285 294 293 287 289 285 285 294 286 292 162 159 164 163 225 230 230 224 221 223 228 220 221 229 220 228 224 227 224 201 202 203 200 203 206 198 206 202 206 206 206 204 207 199 203 205 101 94 102 99 103 93 97 95 102 100 99 101 98 97 97 102 104 102 
165 163 162 167 166 168 162 164 162 159 164 160 3 6 6 3 5 1 0 0 2 7 7 4 8 6 4 7 20 23 23 288 292 293 289 290 285 294 293 287 289 285 285 294 286 292 161 158 164 162 225 230 229 224 221 222 228 220 221 229 220 228 224 227 224 201 202 203 200 202 206 198 205 202 206 206 206 204 207 199 203 205 101 93 102 99 103 93 97 95 102 100 98 100 98 96 97 101 104 102 
165 163 162 167 166 168 162 163 162 159 164 160 4 7 8 2 6 0 2 2 0 8 8 4 9 6 5 9 20 23 24 290 293 294 291 291 287 295 294 288 290 286 286 295 287 293 161 158 164 162 225 231 230 225 222 223 228 221 222 230 221 229 224 228 225 202 203 204 201 204 207 199 207 203 207 207 207 205 208 200 204 206 102 94 103 100 104 94 98 96 102 101 99 101 99 97 97 102 106 104 
170 168 167 172 171 174 167 169 167 164 170 165 7 6 9 7 3 8 7 7 8 0 9 5 2 2 7 5 24 27 26 288 292 293 289 289 285 294 293 286 288 285 285 294 286 291 167 164 169 168 226 232 231 226 222 224 229 222 223 230 221 230 225 229 225 202 203 203 200 203 206 198 206 203 206 206 207 204 207 200 203 206 103 95 103 101 105 95 99 97 104 102 100 102 100 99 99 104 103 101 
162 159 158 164 163 165 159 161 159 155 161 157 4 3 1 10 5 8 7 7 8 9 0 9 8 9 3 5 15 18 18 282 285 286 283 283 279 287 286 280 282 278 278 287 279 285 159 156 161 160 218 224 223 218 214 216 221 214 215 223 213 222 217 221 218 195 195 196 193 196 199 191 199 195 199 199 200 197 200 192 196 199 95 87 95 93 97 87 91 89 95 94 92 94 92 90 91 95 97 96 
169 167 165 171 169 172 166 167 166 162 168 164 6 7 9 2 5 4 4 4 4 5 9 0 6 3 7 8 23 26 27 291 294 295 292 292 288 296 295 289 291 287 287 296 288 294 165 162 168 166 228 233 233 227 224 225 231 223 224 232 223 231 227 230 227 204 205 205 202 205 209 200 208 205 208 208 209 207 210 202 205 208 104 97 105 102 106 96 100 98 105 103 101 104 101 100 100 105 106 104 
170 167 166 172 170 173 167 168 167 163 169 165 7 5 8 8 3 9 8 8 9 2 8 6 0 4 7 4 23 26 25 286 290 291 287 287 283 292 291 284 286 283 283 292 284 289 167 164 169 168 224 230 229 224 221 222 228 220 221 229 220 228 224 227 224 200 201 201 198 201 204 196 204 201 205 204 205 202 206 198 201 204 101 94 102 99 104 93 97 96 102 101 98 101 99 97 97 102 101 99 
170 168 167 172 171 173 167 169 167 164 169 165 6 6 9 5 4 6 5 6 6 2 9 3 4 0 7 6 24 27 27 290 293 294 291 291 287 295 294 288 290 286 286 295 287 293 167 164 169 168 227 233 232 227 223 225 230 223 224 231 222 231 226 230 227 203 204 205 201 204 208 199 207 204 208 208 208 206 209 201 205 207 104 96 105 102 106 96 100 98 105 103 101 103 101 99 100 104 105 103 
163 161 160 165 164 166 160 162 160 157 162 158 1 3 3 7 4 5 4 4 5 7 3 7 7 7 0 5 17 20 20 285 288 289 285 286 282 290 289 283 285 281 281 290 282 288 160 157 162 161 221 226 226 221 217 219 224 217 218 225 216 225 220 224 220 198 198 199 196 199 202 194 202 198 202 202 202 200 203 195 199 201 97 90 98 95 100 90 94 92 98 97 95 97 95 93 93 98 100 99 
167 164 163 168 167 170 164 165 163 160 166 162 6 2 5 9 3 9 7 7 9 5 5 8 4 6 5 0 19 23 21 283 287 288 284 284 280 289 288 281 283 280 280 289 281 286 164 161 166 165 221 227 226 221 217 219 224 217 218 225 216 225 220 224 220 197 198 198 195 198 201 193 201 198 201 201 202 199 202 195 198 201 98 90 98 96 100 90 94 92 99 97 95 97 95 94 94 99 99 97 
147 145 144 149 148 150 144 146 144 141 146 142 18 18 15 22 20 20 20 20 20 24 15 23 23 24 17 19 0 3 6 272 276 277 273 273 269 277 277 270 272 269 269 278 269 275 145 142 147 145 206 211 211 205 202 204 209 201 202 210 201 209 205 208 205 184 184 185 182 185 189 180 188 185 188 188 189 187 189 182 185 188 82 75 83 80 84 74 78 76 83 81 80 82 79 77 77 82 90 88 
144 141 140 146 144 147 141 142 140 137 143 139 21 21 18 26 24 23 23 23 23 27 18 26 26 27 20 23 3 0 7 270 274 275 271 272 267 276 275 268 270 267 267 276 268 273 141 139 144 142 203 208 208 203 199 201 206 199 200 208 198 207 202 206 203 182 182 183 180 183 187 178 186 183 186 186 187 185 187 180 183 186 80 72 80 78 82 72 76 74 80 78 77 79 77 75 75 80 89 87 
147 144 143 148 147 150 144 145 143 140 146 142 21 20 18 26 23 24 24 23 24 26 18 27 25 27 20 21 6 7 0 266 270 271 267 268 263 272 271 265 267 263 263 272 264 269 145 143 147 146 201 206 206 201 197 199 204 197 198 205 196 205 200 204 201 179 179 180 177 180 183 175 183 179 183 183 183 181 184 176 180 182 77 70 78 76 80 70 74 72 78 77 75 77 75 73 73 78 84 82 
231 226 229 232 235 231 234 236 229 233 233 236 286 284 282 291 286 289 288 288 290 288 282 291 286 290 285 283 272 270 266 0 4 5 4 8 5 7 7 2 4 7 6 11 4 3 255 257 250 252 94 95 93 92 94 95 96 96 100 90 98 95 98 97 92 89 90 89 91 89 84 94 87 89 86 85 86 86 84 92 89 87 194 200 193 195 193 200 196 200 194 197 195 194 197 200 201 196 185 187 
235 231 234 237 239 236 239 241 234 238 238 241 290 287 286 295 290 293 292 292 293 292 285 294 290 293 288 287 276 274 270 4 0 1 3 6 7 2 3 6 4 8 8 7 6 3 259 261 254 257 98 99 98 96 99 100 100 101 105 95 103 99 102 101 96 94 94 93 96 93 88 98 91 93 90 89 90 91 89 96 94 91 198 205 197 199 197 204 200 204 199 201 199 198 201 205 205 200 189 191 
236 232 235 238 240 237 239 242 234 238 239 242 291 288 287 296 291 294 293 293 294 293 286 295 291 294 289 288 277 275 271 5 1 0 4 6 8 1 3 6 5 9 8 7 7 3 260 262 255 258 99 100 99 97 100 101 101 102 106 96 104 100 103 102 97 94 95 94 97 94 89 99 92 94 91 90 91 91 90 97 95 92 199 206 198 200 198 205 201 205 199 202 200 199 202 205 206 201 190 192 
234 229 232 236 238 235 237 240 232 236 236 240 287 285 283 292 287 290 289 289 291 289 283 292 287 291 285 284 273 271 267 4 3 4 0 3 4 5 4 4 1 5 4 7 4 5 258 260 253 255 97 98 97 95 98 99 99 100 104 94 102 99 101 100 95 91 92 91 93 91 86 95 89 91 88 87 88 88 86 93 91 89 195 202 195 197 195 202 198 202 196 199 196 195 199 202 202 197 186 188 
236 232 235 238 240 237 239 242 234 238 239 242 287 285 283 292 287 290 290 290 291 289 283 292 287 291 286 284 273 272 268 8 6 6 3 0 6 6 4 7 4 5 5 5 5 8 260 262 255 258 100 101 100 97 100 101 102 102 106 96 104 101 104 103 98 92 93 92 94 92 87 97 90 92 89 88 89 89 88 95 93 90 196 203 195 197 195 203 199 203 197 200 197 196 200 203 203 198 186 188 
231 226 229 232 234 231 234 236 229 233 233 236 283 281 279 288 283 286 285 285 287 285 279 288 283 287 282 280 269 267 263 5 7 8 4 6 0 9 8 3 3 2 1 10 1 7 255 256 250 252 94 95 94 92 95 96 96 96 101 91 99 96 98 97 92 87 88 87 89 87 82 92 85 87 84 83 84 84 83 90 88 85 192 198 191 193 191 198 194 198 192 195 192 192 195 198 198 193 182 184 
237 233 236 239 241 238 241 243 236 240 240 243 291 289 287 297 291 295 294 294 295 294 287 296 292 295 290 289 277 276 272 7 2 1 5 6 9 0 2 7 5 9 9 6 8 4 261 263 256 259 100 101 100 98 101 102 102 103 107 97 105 101 104 103 98 95 96 95 97 95 90 100 93 95 92 91 92 92 91 98 96 93 200 206 199 201 199 206 202 206 200 203 201 200 203 206 207 202 191 192 
238 233 236 240 242 238 241 244 236 240 240 243 291 288 287 296 291 294 293 293 294 293 286 295 291 294 289 288 277 275 271 7 3 3 4 4 8 2 0 8 5 8 8 4 8 6 262 264 257 259 101 102 101 99 102 103 103 103 108 97 106 102 105 104 99 95 96 95 97 95 90 100 93 95 92 91 92 92 90 98 95 93 199 206 199 201 199 206 202 206 200 203 200 199 203 206 206 201 190 192 
230 226 229 232 234 231 234 236 229 233 233 236 284 282 280 289 284 287 287 287 288 286 280 289 284 288 283 281 270 268 265 2 6 6 4 7 3 7 8 0 3 5 4 10 2 5 254 256 249 252 94 95 93 91 94 95 96 96 100 90 98 95 98 97 92 88 89 87 90 87 83 92 85 88 85 83 85 85 83 90 88 86 192 199 192 194 192 199 195 199 193 196 193 192 196 199 199 194 183 185 
233 229 232 235 237 234 237 239 232 236 236 239 286 284 282 291 286 289 289 289 290 288 282 291 286 290 285 283 272 270 267 4 4 5 1 4 3 5 5 3 0 4 4 7 3 5 257 259 252 255 97 98 97 94 97 98 99 99 103 93 101 98 101 100 95 90 91 90 93 90 85 95 88 90 88 86 87 87 86 93 91 88 195 201 194 196 194 201 197 201 195 198 196 195 198 201 202 197 185 187 
232 227 230 233 235 232 235 237 230 234 234 237 282 280 279 288 283 286 285 285 286 285 278 287 283 286 281 280 269 267 263 7 8 9 5 5 2 9 8 5 4 0 1 9 3 9 256 257 251 253 96 97 96 93 96 97 98 98 102 92 100 97 100 99 93 87 88 87 90 87 82 92 85 87 85 83 84 84 83 90 88 85 192 198 191 193 191 198 194 198 192 195 192 192 195 198 199 193 182 184 
231 226 229 233 235 232 234 237 229 233 233 236 283 280 279 288 283 286 285 285 286 285 278 287 283 286 281 280 269 267 263 6 8 8 4 5 1 9 8 4 4 1 0 10 2 8 255 257 250 252 95 96 95 92 95 96 97 97 101 91 99 96 99 98 92 87 88 87 89 87 82 92 85 87 84 83 84 84 83 90 88 85 191 198 191 193 191 198 194 198 192 195 192 191 195 198 198 193 182 184 
241 236 239 242 244 241 244 246 239 243 243 246 292 289 288 297 292 295 294 294 295 294 287 296 292 295 290 289 278 276 272 11 7 7 7 5 10 6 4 10 7 9 10 0 10 10 265 266 260 262 104 105 104 102 105 105 106 106 111 101 109 105 108 107 102 97 98 96 99 96 92 101 95 97 94 92 94 94 92 99 97 95 201 207 200 202 200 207 203 207 202 205 202 201 205 208 208 203 190 192 
231 226 229 232 235 231 234 236 229 233 233 236 283 281 279 289 283 287 286 286 287 286 279 288 284 287 282 281 269 268 264 4 6 7 4 5 1 8 8 2 3 3 2 10 0 7 255 257 250 252 94 95 94 92 95 96 96 96 101 91 99 96 98 98 92 88 88 87 90 87 82 92 85 87 85 83 84 85 83 90 88 85 192 199 191 193 191 198 194 198 193 195 193 192 195 199 199 194 183 184 
233 229 232 235 237 234 237 239 232 236 236 239 289 287 285 294 289 292 292 292 293 291 285 294 289 293 288 286 275 273 269 3 3 3 5 8 7 4 6 5 5 9 8 10 7 0 258 259 252 255 96 97 96 94 97 98 98 99 103 93 101 97 100 99 94 92 93 92 94 92 87 97 90 92 89 88 89 89 88 95 92 90 197 204 196 198 196 203 200 203 198 200 198 197 201 204 204 199 188 190 
25 29 26 23 21 25 21 19 26 22 22 19 160 162 159 163 164 161 162 161 161 167 159 165 167 167 160 164 145 141 145 255 259 260 258 260 255 261 262 254 257 256 255 265 255 258 0 4 6 3 162 163 163 164 161 160 161 159 155 166 157 162 158 160 164 176 174 175 174 176 181 172 176 175 176 180 176 179 179 174 174 176 115 116 115 116 112 118 117 113 112 109 118 116 113 110 109 110 157 157 
27 31 28 26 24 27 23 21 28 24 24 20 158 159 156 160 161 158 159 158 158 164 156 162 164 164 157 161 142 139 143 257 261 262 260 262 256 263 264 256 259 257 257 266 257 259 4 0 9 6 164 165 165 166 163 162 163 161 157 168 159 164 160 162 165 177 175 176 175 177 182 173 177 176 177 181 178 180 180 175 175 177 114 115 114 115 111 116 116 112 111 108 117 115 112 109 108 109 156 156 
19 24 21 18 16 19 16 14 21 18 17 14 163 164 161 166 166 163 164 164 164 169 161 168 169 169 162 166 147 144 147 250 254 255 253 255 250 256 257 249 252 251 250 260 250 252 6 9 0 3 157 157 158 159 156 155 156 154 150 161 152 157 153 155 158 172 169 171 170 171 177 168 171 171 172 175 172 175 174 170 169 172 114 115 114 115 111 117 116 112 111 108 117 115 112 109 108 109 155 155 
22 26 23 21 18 22 18 16 23 19 19 16 161 163 160 164 165 162 163 162 162 168 160 166 168 168 161 165 145 142 146 252 257 258 255 258 252 259 259 252 255 253 252 262 252 255 3 6 3 0 159 160 161 161 158 157 158 156 153 163 154 159 155 157 161 174 171 173 171 173 179 170 173 173 174 177 174 177 176 172 171 173 114 115 114 115 111 117 116 112 111 108 117 115 112 109 108 109 156 156 
138 133 136 139 141 138 141 143 136 140 140 143 222 221 218 227 223 225 225 225 225 226 218 228 224 227 221 221 206 203 201 94 98 99 97 100 94 100 101 94 97 96 95 104 94 96 162 164 157 159 0 7 6 3 4 2 5 4 7 5 5 5 4 6 3 46 42 43 45 44 47 46 41 44 41 45 41 46 42 46 41 41 124 131 123 126 121 131 127 130 123 125 126 124 126 129 129 124 134 136 
138 134 137 140 142 138 142 144 137 141 141 144 228 226 224 233 229 230 230 230 231 232 224 233 230 233 226 227 211 208 206 95 99 100 98 101 95 101 102 95 98 97 96 105 95 97 163 165 157 160 7 0 2 9 11 9 2 11 9 6 11 2 6 3 9 53 49 50 52 51 53 53 47 51 47 52 47 53 49 53 48 48 129 136 128 131 127 137 133 135 128 130 132 129 132 134 134 129 141 142 
139 135 138 140 143 139 143 145 138 142 142 145 227 226 223 232 228 230 230 229 230 231 223 233 229 232 226 226 211 208 206 93 98 99 97 100 94 100 101 93 97 96 95 104 94 96 163 165 158 161 6 2 0 8 10 7 2 10 9 4 10 2 6 3 8 51 47 48 51 49 51 51 46 49 46 50 46 51 47 51 46 46 129 136 128 131 126 136 132 134 128 130 131 129 131 133 133 128 140 141 
140 135 138 141 143 140 143 145 138 142 142 145 222 220 218 227 223 225 224 224 225 226 218 227 224 227 221 221 205 203 201 92 96 97 95 97 92 98 99 91 94 93 92 102 92 94 164 166 159 161 3 9 8 0 4 4 8 5 9 5 7 8 7 9 0 43 39 40 43 41 44 43 38 41 38 42 38 44 39 44 39 38 123 131 123 125 121 131 127 129 123 125 126 124 126 128 128 123 133 135 
136 132 135 138 140 137 140 142 135 139 139 142 218 217 215 224 220 221 221 221 222 222 214 224 221 223 217 217 202 199 197 94 99 100 98 100 95 101 102 94 97 96 95 105 95 97 161 163 156 158 4 11 10 4 0 3 9 2 8 8 4 9 7 10 3 42 38 39 42 41 43 42 37 40 37 42 37 43 39 42 37 38 120 127 119 122 118 128 124 126 119 121 122 120 123 125 125 120 130 132 
136 131 135 137 140 136 139 142 134 139 138 142 220 219 216 225 221 223 223 222 223 224 216 225 222 225 219 219 204 201 199 95 100 101 99 101 96 102 103 95 98 97 96 105 96 98 160 162 155 157 2 9 7 4 3 0 6 2 6 7 3 7 4 7 4 45 41 42 44 43 46 45 40 43 40 45 40 46 42 45 40 40 122 129 121 124 119 129 125 128 121 123 124 122 124 127 126 121 132 134 
137 132 136 138 140 137 140 142 135 140 139 143 225 224 222 230 227 228 228 228 228 229 221 231 228 230 224 224 209 206 204 96 100 101 99 102 96 102 103 96 99 98 97 106 96 98 161 163 156 158 5 2 2 8 9 6 0 9 7 6 8 1 4 1 8 51 47 48 51 49 52 51 46 49 46 50 46 52 47 51 46 46 127 134 126 129 124 135 130 133 126 128 129 127 129 131 131 126 138 140 
135 130 133 136 139 135 138 140 133 137 137 141 218 217 214 223 219 221 220 220 221 222 214 223 220 223 217 217 201 199 197 96 101 102 100 102 96 103 103 96 99 98 97 106 96 99 159 161 154 156 4 11 10 5 2 2 9 0 6 9 2 9 6 9 5 43 39 40 43 42 44 43 38 42 38 43 38 44 40 43 39 39 119 127 119 121 117 127 123 125 119 121 122 120 122 124 124 119 130 132 
131 127 130 133 135 131 135 137 130 134 134 137 219 218 215 224 220 222 221 221 222 223 215 224 221 224 218 218 202 200 198 100 105 106 104 106 101 107 108 100 103 102 101 111 101 103 155 157 150 153 7 9 9 9 8 6 7 6 0 11 4 7 3 6 9 49 45 46 48 48 50 49 44 47 44 49 44 50 46 49 44 45 120 128 120 122 118 128 124 126 120 122 123 121 123 125 125 120 133 135 
142 137 140 143 145 142 145 147 140 144 144 148 226 225 223 232 228 229 229 229 230 230 223 232 229 231 225 225 210 208 205 90 95 96 94 96 91 97 97 90 93 92 91 101 91 93 166 168 161 163 5 6 4 5 8 7 6 9 11 0 10 5 8 7 5 47 44 44 47 46 47 48 42 46 42 46 42 48 43 48 43 43 128 135 127 130 126 136 132 134 127 129 130 128 131 133 133 128 138 140 
133 128 131 134 136 133 136 138 131 135 135 139 217 216 214 223 219 220 220 220 221 221 213 223 220 222 216 216 201 198 196 98 103 104 102 104 99 105 106 98 101 100 99 109 99 101 157 159 152 154 5 11 10 7 4 3 8 2 4 10 0 9 4 8 7 45 41 42 44 43 46 45 40 43 40 45 40 46 42 45 40 41 119 126 118 121 116 127 122 125 118 120 121 119 122 124 124 119 130 132 
137 133 136 139 141 138 141 143 136 140 140 144 226 225 222 231 227 229 228 228 229 230 222 231 228 231 225 225 209 207 205 95 99 100 99 101 96 101 102 95 98 97 96 105 96 97 162 164 157 159 5 2 2 8 9 7 1 9 7 5 9 0 5 2 8 51 47 48 51 49 52 51 46 49 46 50 46 52 47 51 46 46 127 135 127 129 125 135 131 133 127 129 130 128 130 132 132 127 139 141 
134 129 133 135 138 134 137 140 132 137 136 140 221 220 218 227 223 224 224 224 224 225 217 227 224 226 220 220 205 202 200 98 102 103 101 104 98 104 105 98 101 100 99 108 98 100 158 160 153 155 4 6 6 7 7 4 4 6 3 8 4 5 0 4 7 49 45 46 48 47 50 49 44 47 44 49 44 50 46 49 44 44 123 130 122 125 120 131 126 129 122 124 125 123 125 128 127 122 135 136 
136 131 134 137 139 136 139 141 134 138 138 142 225 224 221 230 226 228 227 227 228 229 221 230 227 230 224 224 208 206 204 97 101 102 100 103 97 103 104 97 100 99 98 107 98 99 160 162 155 157 6 3 3 9 10 7 1 9 6 7 8 2 4 0 9 52 48 49 51 50 52 51 46 50 46 51 46 52 48 52 47 47 126 134 125 128 124 134 130 132 126 127 129 127 129 131 131 126 138 140 
139 135 138 141 143 140 143 145 138 142 142 145 222 220 218 227 223 224 224 224 225 225 218 227 224 227 220 220 205 203 201 92 96 97 95 98 92 98 99 92 95 93 92 102 92 94 164 165 158 161 3 9 8 0 3 4 8 5 9 5 7 8 7 9 0 43 40 40 43 42 44 43 38 42 38 43 38 44 40 44 39 39 123 131 122 125 121 131 127 129 123 125 126 124 126 128 128 123 133 135 
154 148 151 156 157 155 156 159 151 154 156 158 199 197 195 204 199 202 201 201 202 202 195 204 200 203 198 197 184 182 179 89 94 94 91 92 87 95 95 88 90 87 87 97 88 92 176 177 172 174 46 53 51 43 42 45 51 43 49 47 45 51 49 52 43 0 4 3 2 2 5 4 6 2 6 5 6 3 6 2 5 5 105 111 104 106 104 111 107 111 105 108 106 105 108 111 111 106 101 103 
151 146 149 153 155 152 153 156 148 152 153 155 200 198 196 205 200 203 202 202 203 203 195 205 201 204 198 198 184 182 179 90 94 95 92 93 88 96 96 89 91 88 88 98 88 93 174 175 169 171 42 49 47 39 38 41 47 39 45 44 41 47 45 48 40 4 0 2 3 3 8 5 3 2 4 6 4 6 5 4 1 3 105 111 104 106 103 111 107 111 105 108 106 105 108 111 111 106 103 105 
152 147 150 154 156 154 155 158 150 153 155 157 200 199 197 206 201 204 203 203 204 203 196 205 201 205 199 198 185 183 180 89 93 94 91 92 87 95 95 87 90 87 87 96 87 92 175 176 171 173 43 50 48 40 39 42 48 40 46 44 42 48 46 49 40 3 2 0 3 1 6 5 3 1 3 5 4 4 4 4 2 2 106 113 105 107 105 112 108 112 106 109 107 106 109 112 112 107 104 105 
151 146 149 153 155 153 154 156 149 152 154 156 197 195 193 203 198 200 200 200 201 200 193 202 198 201 196 195 182 180 177 91 96 97 93 94 89 97 97 90 93 90 89 99 90 94 174 175 170 171 45 52 51 43 42 44 51 43 48 47 44 51 48 51 43 2 3 3 0 3 7 2 6 2 7 7 7 5 7 1 4 6 103 110 102 104 102 109 105 109 103 106 104 103 106 109 109 104 100 102 
153 148 151 155 157 154 156 158 151 154 155 157 200 198 196 205 200 203 203 202 204 203 196 205 201 204 199 198 185 183 180 89 93 94 91 92 87 95 95 87 90 87 87 96 87 92 176 177 171 173 44 51 49 41 41 43 49 42 48 46 43 49 47 50 42 2 3 1 3 0 5 5 4 0 4 4 4 3 5 3 3 3 105 112 105 107 104 112 108 112 106 109 107 106 109 112 112 107 103 105 
158 153 156 160 162 160 161 163 156 159 161 163 204 202 200 209 204 207 206 206 207 206 199 209 204 208 202 201 189 187 183 84 88 89 86 87 82 90 90 83 85 82 82 92 82 87 181 182 177 179 47 53 51 44 43 46 52 44 50 47 46 52 50 52 44 5 8 6 7 5 0 10 7 6 6 1 6 2 4 8 8 6 110 116 109 111 109 116 112 116 110 113 111 110 113 116 117 111 106 108 
150 144 147 152 153 151 152 155 147 150 152 154 195 193 191 200 196 198 198 198 199 198 191 200 196 199 194 193 180 178 175 94 98 99 95 97 92 100 100 92 95 92 92 101 92 97 172 173 168 170 46 53 51 43 42 45 51 43 49 48 45 51 49 51 43 4 5 5 2 5 10 0 8 5 9 9 9 7 9 2 6 8 100 107 100 102 99 107 103 107 101 104 102 101 104 107 107 102 98 100 
153 148 151 155 157 154 155 158 150 154 155 157 203 201 199 208 204 206 206 205 207 206 199 208 204 207 202 201 188 186 183 87 91 92 89 90 85 93 93 85 88 85 85 95 85 90 176 177 171 173 41 47 46 38 37 40 46 38 44 42 40 46 44 46 38 6 3 3 6 4 7 8 0 4 0 5 1 6 3 7 3 1 108 115 107 109 107 115 111 114 108 111 109 108 111 114 114 109 106 108 
153 148 150 155 156 154 155 158 150 153 155 157 200 198 196 205 200 203 202 202 203 203 195 205 201 204 198 198 185 183 179 89 93 94 91 92 87 95 95 88 90 87 87 97 87 92 175 176 171 173 44 51 49 41 40 43 49 42 47 46 43 49 47 50 42 2 2 1 2 0 6 5 4 0 4 5 5 4 5 3 3 4 105 112 104 106 104 112 108 112 106 108 106 105 109 112 112 107 103 104 
153 148 151 155 157 154 156 158 151 154 156 158 203 202 200 209 204 207 206 206 207 206 199 208 205 208 202 201 188 186 183 86 90 91 88 89 84 92 92 85 88 85 84 94 85 89 176 177 172 174 41 47 46 38 37 40 46 38 44 42 40 46 44 46 38 6 4 3 7 4 6 9 0 4 0 5 0 6 2 7 3 1 108 115 108 110 107 115 111 115 109 112 110 109 112 115 115 110 107 109 
157 152 155 159 161 158 160 162 155 158 159 161 203 201 199 209 204 206 206 206 207 206 199 208 204 208 202 201 188 186 183 85 89 90 87 88 83 91 91 83 86 83 83 92 83 88 180 181 175 177 45 52 50 42 42 45 50 43 49 46 45 50 49 51 43 5 6 5 7 4 1 9 5 5 5 0 5 2 3 7 6 5 109 116 108 111 108 116 112 116 110 113 110 109 113 116 116 111 106 108 
154 149 151 155 157 155 156 159 151 155 156 158 204 202 200 209 204 207 206 206 207 207 200 209 205 208 202 202 189 187 183 86 90 91 88 89 84 92 92 85 87 84 84 94 84 89 176 178 172 174 41 47 46 38 37 40 46 38 44 42 40 46 44 46 38 6 4 4 7 4 6 9 1 5 0 5 0 6 2 8 4 1 109 116 108 110 108 116 112 115 109 112 110 109 112 115 115 110 107 109 
156 151 154 158 160 158 159 162 154 157 159 161 201 200 198 207 202 205 204 204 205 204 197 207 202 206 200 199 187 185 181 86 91 91 88 89 84 92 92 85 87 84 84 94 85 89 179 180 175 177 46 53 51 44 43 46 52 44 50 48 46 52 50 52 44 3 6 4 5 3 2 7 6 4 6 2 6 0 4 5 6 5 108 114 107 109 107 114 110 114 108 111 109 108 111 114 114 109 104 106 
156 151 153 158 159 157 158 161 153 157 158 160 204 203 201 210 205 208 207 207 208 207 200 210 206 209 203 202 189 187 184 84 89 90 86 88 83 91 90 83 86 83 83 92 83 88 179 180 174 176 42 49 47 39 39 42 47 40 46 43 42 47 46 48 40 6 5 4 7 5 4 9 3 5 2 3 2 4 0 8 5 3 110 117 109 111 109 117 113 116 110 113 111 110 113 116 116 111 107 109 
152 146 149 154 155 153 154 157 149 152 154 156 197 195 193 202 197 200 199 199 200 200 192 202 198 201 195 195 182 180 176 92 96 97 93 95 90 98 98 90 93 90 90 99 90 95 174 175 170 172 46 53 51 44 42 45 51 43 49 48 45 51 49 52 44 2 4 4 1 3 8 2 7 3 7 7 8 5 8 0 5 7 102 109 102 104 101 109 105 109 103 106 103 102 106 109 109 104 99 101 
151 146 149 153 155 152 153 156 148 152 153 155 200 199 196 206 201 203 203 203 204 203 196 205 201 205 199 198 185 183 180 89 94 95 91 93 88 96 95 88 91 88 88 97 88 92 174 175 169 171 41 48 46 39 37 40 46 39 44 43 40 46 44 47 39 5 1 2 4 3 8 6 3 3 3 6 4 6 5 5 0 3 105 112 104 107 104 112 108 112 106 108 106 105 109 112 112 107 104 106 
153 148 151 155 157 154 156 158 151 154 155 158 203 201 199 208 203 206 205 205 206 206 199 208 204 207 201 201 188 186 182 87 91 92 89 90 85 93 93 86 88 85 85 95 85 90 176 177 172 173 41 48 46 38 38 40 46 39 45 43 41 46 44 47 39 5 3 2 6 3 6 8 1 4 1 5 1 5 3 7 3 0 108 115 107 109 107 115 111 114 108 111 109 108 111 114 114 109 106 108 
103 99 100 106 106 106 103 105 100 99 104 102 99 97 95 104 100 101 101 101 102 103 95 104 101 104 97 98 82 80 77 194 198 199 195 196 192 200 199 192 195 192 191 201 192 197 115 114 114 114 124 129 129 123 120 122 127 119 120 128 119 127 123 126 123 105 105 106 103 105 110 100 108 105 108 109 109 108 110 102 105 108 0 7 1 2 4 8 4 6 3 6 4 1 4 7 8 5 42 42 
106 102 102 108 108 109 105 108 102 102 107 105 91 90 87 96 92 94 94 93 94 95 87 97 94 96 90 90 75 72 70 200 205 206 202 203 198 206 206 199 201 198 198 207 199 204 116 115 115 115 131 136 136 131 127 129 134 127 128 135 126 135 130 134 131 111 111 113 110 112 116 107 115 112 115 116 116 114 117 109 112 115 7 0 8 6 10 1 4 3 9 9 6 7 6 6 7 9 41 41 
103 99 99 106 106 106 103 105 100 99 104 102 99 98 96 105 101 102 102 102 103 103 95 105 102 105 98 98 83 80 78 193 197 198 195 195 191 199 199 192 194 191 191 200 191 196 115 114 114 114 123 128 128 123 119 121 126 119 120 127 118 127 122 125 122 104 104 105 102 105 109 100 107 104 108 108 108 107 109 102 104 107 1 8 0 3 3 9 5 7 3 6 4 1 4 8 8 5 42 42 
105 101 101 108 108 108 104 107 101 101 106 104 97 95 93 102 98 99 99 99 100 101 93 102 99 102 95 96 80 78 76 195 199 200 197 197 193 201 201 194 196 193 193 202 193 198 116 115 115 115 126 131 131 125 122 124 129 121 122 130 121 129 125 128 125 106 106 107 104 107 111 102 109 106 110 111 110 109 111 104 107 109 2 6 3 0 6 6 2 6 5 7 2 2 4 7 8 7 40 40 
100 95 96 102 103 103 99 102 96 96 101 99 101 100 97 106 102 104 103 103 104 105 97 106 104 106 100 100 84 82 80 193 197 198 195 195 191 199 199 192 194 191 191 200 191 196 112 111 111 111 121 127 126 121 118 119 124 117 118 126 116 125 120 124 121 104 103 105 102 104 109 99 107 104 107 108 108 107 109 101 104 107 4 10 3 6 0 11 8 8 2 5 8 5 5 8 8 3 45 45 
107 103 104 110 110 110 106 109 104 103 108 106 91 89 87 96 92 94 93 93 94 95 87 96 93 96 90 90 74 72 70 200 204 205 202 203 198 206 206 199 201 198 198 207 198 203 118 116 117 117 131 137 136 131 128 129 135 127 128 136 127 135 131 134 131 111 111 112 109 112 116 107 115 112 115 116 116 114 117 109 112 115 8 1 9 6 11 0 4 5 9 10 6 7 7 8 9 10 40 40 
106 102 103 109 109 109 106 108 103 102 107 105 95 94 91 100 96 98 97 97 98 99 91 100 97 100 94 94 78 76 74 196 200 201 198 199 194 202 202 195 197 194 194 203 194 200 117 116 116 116 127 133 132 127 124 125 130 123 124 132 122 131 126 130 127 107 107 108 105 108 112 103 111 108 111 112 112 110 113 105 108 111 4 4 5 2 8 4 0 5 6 8 2 3 5 8 8 8 40 39 
103 98 99 105 105 106 102 104 99 98 103 101 93 92 89 98 94 95 95 95 96 97 89 98 96 98 92 92 76 74 72 200 204 205 202 203 198 206 206 199 201 198 198 207 198 203 113 112 112 112 130 135 134 129 126 128 133 125 126 134 125 133 129 132 129 111 111 112 109 112 116 107 114 112 115 116 115 114 116 109 112 114 6 3 7 6 8 5 5 0 7 6 7 7 3 3 4 7 44 44 
101 96 97 103 103 103 100 103 97 96 101 100 99 98 96 104 101 102 102 102 102 104 95 105 102 105 98 99 83 80 78 194 199 199 196 197 192 200 200 193 195 192 192 202 193 198 112 111 111 111 123 128 128 123 119 121 126 119 120 127 118 127 122 126 123 105 105 106 103 106 110 101 108 106 109 110 109 108 110 103 106 108 3 9 3 5 2 9 6 7 0 3 7 4 3 6 6 2 45 45 
98 94 94 101 101 101 98 100 95 94 99 97 98 97 94 103 99 100 100 100 101 102 94 103 101 103 97 97 81 78 77 197 201 202 199 200 195 203 203 196 198 195 195 205 195 200 109 108 108 108 125 130 130 125 121 123 128 121 122 129 120 129 124 127 125 108 108 109 106 109 113 104 111 108 112 113 112 111 113 106 108 111 6 9 6 7 5 10 8 6 3 0 9 7 3 4 4 2 47 47 
107 103 103 110 110 110 106 109 103 103 108 106 96 95 92 101 97 99 99 98 99 100 92 101 98 101 95 95 80 77 75 195 199 200 196 197 192 201 200 193 196 192 192 202 193 198 118 117 117 117 126 132 131 126 122 124 129 122 123 130 121 130 125 129 126 106 106 107 104 107 111 102 109 106 110 110 110 109 111 103 106 109 4 6 4 2 8 6 2 7 7 9 0 3 6 9 10 9 38 38 
104 100 100 107 107 107 104 106 101 100 105 103 98 97 94 103 99 101 101 100 101 102 94 104 101 103 97 97 82 79 77 194 198 199 195 196 192 200 199 192 195 192 191 201 192 197 116 115 115 115 124 129 129 124 120 122 127 120 121 128 119 128 123 127 124 105 105 106 103 106 110 101 108 105 109 109 109 108 110 102 105 108 1 7 1 2 5 7 3 7 4 7 3 0 4 8 8 6 41 41 
102 97 98 104 104 105 101 104 98 97 102 101 96 95 92 101 97 99 98 98 99 100 92 101 99 101 95 95 79 77 75 197 201 202 199 200 195 203 203 196 198 195 195 205 195 201 113 112 112 112 126 132 131 126 123 124 129 122 123 131 122 130 125 129 126 108 108 109 106 109 113 104 111 109 112 113 112 111 113 106 109 111 4 6 4 4 5 7 5 3 3 3 6 4 0 3 4 4 44 44 
100 95 96 102 102 103 99 101 96 95 100 98 94 93 90 99 96 97 97 96 97 99 90 100 97 99 93 94 77 75 73 200 205 205 202 203 198 206 206 199 201 198 198 208 199 204 110 109 109 109 129 134 133 128 125 127 131 124 125 133 124 132 128 131 128 111 111 112 109 112 116 107 114 112 115 116 115 114 116 109 112 114 7 6 8 7 8 8 8 3 6 4 9 8 3 0 1 5 47 47 
99 94 95 101 101 102 98 101 95 95 99 98 94 93 91 99 96 97 97 97 97 99 91 100 97 100 93 94 77 75 73 201 205 206 202 203 198 207 206 199 202 199 198 208 199 204 109 108 108 108 129 134 133 128 125 126 131 124 125 133 124 132 127 131 128 111 111 112 109 112 117 107 114 112 115 116 115 114 116 109 112 114 8 7 8 8 8 9 8 4 6 4 10 8 4 1 0 5 48 48 
99 94 95 101 101 102 98 101 95 94 99 98 99 98 95 104 101 102 102 101 102 104 95 105 102 104 98 99 82 80 78 196 200 201 197 198 193 202 201 194 197 193 193 203 194 199 110 109 109 109 124 129 128 123 120 121 126 119 120 128 119 127 122 126 123 106 106 107 104 107 111 102 109 107 110 111 110 109 111 104 107 109 5 9 5 7 3 10 8 7 2 2 9 6 4 5 5 0 47 47 
145 140 141 147 147 147 144 147 141 141 145 144 102 99 98 107 101 105 104 104 106 103 97 106 101 105 100 99 90 89 84 185 189 190 186 186 182 191 190 183 185 182 182 190 183 188 157 156 155 156 134 141 140 133 130 132 138 130 133 138 130 139 135 138 133 101 103 104 100 103 106 98 106 103 107 106 107 104 107 99 104 106 42 41 42 40 45 40 40 44 45 47 38 41 44 47 48 47 0 2 
145 140 141 147 147 148 144 147 141 141 146 144 100 97 96 105 100 103 102 102 104 101 96 104 99 103 99 97 88 87 82 187 191 192 188 188 184 192 192 185 187 184 184 192 184 190 157 156 155 156 136 142 141 135 132 134 140 132 135 140 132 141 136 140 135 103 105 105 102 105 108 100 108 104 109 108 109 106 109 101 106 108 42 41 42 40 45 40 39 44 45 47 38 41 44 47 48 47 2 0 
0 3 0 0 0 0 0 0 0 0 30 0 0 0 2 0 0 0 0 0 0 1 0 0 0 0 0 0 0 3 0 110 0 0 0 47 7 0 0 0 4 0 0 1 0 1 0 0 0 0 89 0 5 1 1 37 1 0 23 0 0 0 0 0 0 2 0 0 1 3 0 3 1 1 0 0 0 94 48 0 1 0 0 4 0 0 0 0 0 1 0 1 1 0 0 0 0 104 0 0 
34 0 0 0 0 1 0 0 0 0 4 0 0 0 2 0 0 0 7 0 0 1 0 0 0 0 0 0 0 1 0 1 0 0 0 1 60 0 0 0 1 0 0 51 0 1 0 0 0 0 52 1 1 1 40 14 4 0 1 0 0 0 0 0 0 1 0 0 1 59 0 1 1 1 0 0 0 1 3 0 1 0 6 16 0 0 0 0 0 10 0 127 1 1 0 0 0 1 0 0 
0 0 0 1 12 0 1 45 1 1 1 7 0 6 0 1 0 0 2 71 0 11 0 1 1 2 1 6 1 0 1 0 46 1 1 0 0 10 1 7 0 4 1 13 74 1 18 16 6 102 2 17 0 1 0 1 0 1 0 1 125 7 1 20 3 0 1 1 24 33 9 1 0 49 7 37 1 3 98 107 58 70 0 0 0 1 45 1 1 18 1 1 1 6 1 1 0 0 1 14 
0 0 5 0 1 0 1 1 0 2 7 27 0 1 0 109 1 0 1 0 0 1 0 0 1 1 1 0 1 0 0 1 1 0 1 0 1 0 1 38 0 5 29 1 21 4 59 0 0 0 0 1 0 1 45 1 1 22 0 1 1 0 0 1 3 0 20 111 1 30 0 1 0 1 0 1 1 1 0 1 1 0 0 0 1 1 0 0 1 1 4 1 1 40 38 1 1 0 1 0 
0 0 1 110 0 0 0 125 0 1 23 1 0 23 0 1 48 0 21 0 0 0 0 0 1 1 9 0 1 0 0 26 1 0 1 0 0 0 1 0 0 1 1 22 1 0 1 0 0 0 0 1 0 91 0 0 20 1 0 6 1 0 0 1 1 0 27 17 16 86 0 0 0 4 0 24 1 0 0 1 0 0 0 0 1 1 0 0 14 0 1 99 1 0 1 1 1 0 1 0 
0 2 0 0 0 0 7 0 0 0 7 1 1 1 0 0 0 1 1 1 1 1 1 0 0 0 0 4 0 0 21 0 0 1 0 27 0 1 0 1 22 0 10 0 0 2 0 70 1 1 1 32 0 0 13 1 0 0 62 0 0 1 1 0 0 106 0 0 3 0 0 4 22 0 1 0 0 1 1 0 1 1 96 0 0 0 1 1 0 5 0 51 0 21 0 0 0 1 0 36 
0 0 1 1 0 1 0 1 71 1 83 1 1 1 0 0 0 68 1 1 1 4 1 56 15 1 3 1 0 0 16 0 0 8 7 1 0 1 1 24 1 68 1 120 0 2 28 7 5 20 1 11 0 9 1 1 62 0 1 11 0 1 8 0 1 1 1 0 1 1 78 1 0 1 1 66 0 1 9 3 13 1 10 0 0 1 1 1 18 1 0 1 1 1 1 0 0 46 6 1 
0 0 1 1 1 0 5 0 1 12 1 1 0 1 0 17 1 0 118 2 0 0 0 1 1 1 1 1 27 0 0 0 22 0 72 0 0 0 1 31 0 1 25 95 1 1 33 0 0 1 0 1 0 32 0 0 0 1 0 94 37 0 0 49 16 0 1 1 0 17 20 0 0 10 0 1 41 0 0 14 1 0 0 0 39 1 118 1 1 25 7 5 2 1 1 1 2 0 1 0 
0 0 2 0 0 0 3 106 0 86 0 1 0 38 0 0 0 0 1 1 1 0 0 1 1 1 24 1 0 0 30 0 0 61 1 0 0 1 0 15 0 1 1 0 1 0 2 31 1 1 0 1 0 0 0 1 0 0 0 19 0 1 3 0 19 0 1 0 0 0 56 0 0 0 1 2 0 0 0 72 14 4 0 0 0 109 1 1 21 8 0 0 0 4 1 0 0 0 3 1 
0 0 56 2 1 0 31 12 1 0 0 5 0 4 0 1 0 0 37 1 0 0 0 42 23 1 4 67 1 0 121 0 2 0 95 0 0 26 60 8 0 1 1 0 16 0 1 1 3 8 0 1 0 11 0 0 0 1 0 1 14 1 1 43 1 0 1 1 0 0 1 0 0 0 1 87 1 0 0 1 0 0 0 0 0 1 1 2 1 0 2 1 0 1 1 7 0 0 1 0 
1 1 2 6 1 1 45 1 0 0 0 1 0 1 1 122 1 0 1 1 0 1 0 0 80 75 1 0 62 1 0 1 1 19 24 37 41 0 1 3 7 0 1 5 48 1 2 0 1 0 1 3 5 1 1 1 1 1 17 1 1 0 0 1 1 1 1 1 1 2 0 1 1 1 1 0 1 1 1 1 1 0 1 1 0 0 0 0 1 1 1 1 1 23 1 76 1 1 1 1 
0 0 21 1 41 1 1 7 1 1 49 0 1 1 0 0 0 4 1 4 1 1 0 1 1 1 7 44 0 0 1 0 1 1 7 1 0 1 2 1 0 5 1 1 1 15 1 29 10 1 2 4 0 1 1 1 0 5 1 15 6 20 11 1 1 1 1 1 1 1 1 1 0 1 1 1 1 1 1 69 1 1 108 0 0 1 20 77 2 1 1 1 1 2 27 0 0 1 5 1 
0 0 0 0 0 10 1 0 0 0 0 1 0 0 0 0 0 1 3 67 8 0 1 0 0 0 0 85 0 0 7 0 0 9 0 1 0 2 0 6 0 0 0 0 0 1 0 1 1 1 1 1 0 0 0 24 0 0 51 0 0 1 27 0 0 90 0 0 0 0 0 0 0 0 2 0 0 1 1 0 1 1 10 0 0 0 1 1 0 1 0 0 0 1 0 0 0 1 0 1 
0 0 1 4 2 24 1 54 1 50 19 100 0 0 0 1 0 0 1 93 4 58 0 1 1 1 1 8 1 0 1 0 1 2 1 1 0 5 12 1 0 46 1 1 2 58 13 1 1 1 48 1 0 59 13 1 1 7 12 65 1 1 1 5 1 27 1 1 1 1 24 2 0 16 1 1 41 1 1 1 43 1 1 0 0 1 1 1 29 1 3 39 1 1 52 0 0 113 1 7 
6 105 0 0 0 0 0 0 0 0 1 0 0 0 0 0 0 0 1 0 0 2 0 0 1 0 0 0 0 61 0 1 1 0 1 1 13 0 0 0 14 0 0 2 0 1 0 0 0 0 0 1 1 1 1 1 4 0 1 0 0 0 0 0 0 93 0 0 1 1 0 1 7 24 0 0 0 45 0 0 1 0 0 1 0 0 0 0 0 19 0 36 1 0 0 0 0 0 0 0 
0 0 1 1 1 0 0 1 0 1 1 0 0 1 0 0 3 0 1 0 0 1 0 0 1 1 46 0 1 0 0 13 1 0 1 0 0 0 1 0 0 72 1 112 1 28 1 0 0 0 0 51 0 1 0 0 1 1 0 1 100 0 0 1 1 0 1 1 24 1 0 4 0 1 0 2 65 0 0 1 0 0 0 0 1 1 0 0 20 1 38 1 1 0 1 1 1 0 28 0 
0 0 0 6 1 0 0 14 0 0 29 0 0 0 0 3 0 0 0 0 0 0 0 0 21 66 1 0 14 0 0 13 32 0 4 0 0 0 65 0 0 0 1 1 1 0 1 0 0 0 0 0 0 1 0 0 1 1 0 1 1 0 0 1 6 0 1 1 0 1 0 0 0 1 0 3 1 0 0 1 0 0 0 0 1 0 0 0 104 0 13 1 1 0 1 23 1 0 40 0 
0 0 0 0 0 21 1 0 0 0 0 17 1 0 0 0 0 0 1 2 20 0 24 0 0 0 0 1 0 0 1 0 0 67 0 124 0 8 0 1 0 0 0 0 0 92 0 1 1 1 18 18 0 0 86 1 0 0 17 0 0 30 17 0 0 105 0 0 0 0 0 0 0 0 1 0 0 1 3 0 3 1 1 0 0 0 34 0 0 12 0 0 0 1 0 0 0 1 0 1 
0 1 1 1 1 1 1 1 33 59 76 43 1 1 16 1 0 1 0 13 12 1 9 0 68 83 2 1 1 0 1 1 1 1 1 104 1 1 1 1 1 43 1 73 1 1 1 1 1 124 76 1 1 6 94 33 1 82 1 30 19 1 1 2 1 3 1 61 1 1 1 40 15 1 1 4 1 1 16 1 113 9 6 0 0 1 1 1 1 4 1 1 1 1 3 0 0 100 1 1 
0 0 15 0 0 1 56 1 1 16 4 1 1 1 0 0 0 1 1 0 1 1 6 1 57 8 1 15 0 0 1 0 0 90 1 1 0 1 0 1 0 1 1 1 0 1 1 1 11 1 1 12 0 11 1 1 0 0 22 0 0 120 17 0 1 6 88 0 1 0 59 5 0 13 79 87 0 8 1 79 1 1 13 0 0 105 1 10 6 3 0 1 0 1 2 0 0 81 1 107 
0 0 0 0 0 19 1 0 1 0 0 9 1 1 0 0 0 1 1 1 0 14 56 0 8 0 0 22 0 0 1 0 0 4 0 33 0 58 0 31 0 0 41 0 0 1 0 1 1 46 53 1 0 0 1 1 0 0 1 0 0 1 1 0 0 28 26 0 0 0 0 0 0 0 1 0 0 1 1 0 24 48 1 0 0 0 1 1 0 21 0 0 0 82 0 0 0 1 0 29 
87 2 92 11 0 1 1 0 0 0 1 13 0 95 1 50 0 0 27 1 2 0 0 0 1 33 42 0 0 1 0 1 1 1 8 25 1 0 1 1 1 0 1 97 0 109 69 16 7 0 1 1 20 1 1 1 1 1 1 0 7 0 0 0 14 8 1 1 1 1 0 1 1 9 1 0 33 12 2 5 8 0 1 80 0 0 0 0 113 8 0 1 3 1 0 0 1 1 1 1 
0 0 0 0 0 1 55 0 0 0 0 0 1 0 0 0 0 26 21 1 1 0 0 0 0 0 0 1 0 0 12 0 0 54 0 9 0 1 0 1 0 0 0 0 0 0 0 1 50 0 1 1 0 0 0 6 0 0 1 0 0 25 1 0 0 1 0 0 0 0 0 0 0 0 1 0 0 14 8 0 30 2 1 0 0 0 63 0 0 1 0 0 0 97 0 0 0 21 0 1 
0 0 1 0 0 0 1 1 1 60 0 1 0 1 0 0 0 0 0 1 0 0 0 0 0 1 23 1 0 0 6 0 0 0 0 0 0 1 0 0 0 1 1 0 1 0 0 71 1 1 0 0 0 0 0 0 0 0 0 2 0 1 1 0 1 0 1 0 0 0 3 0 0 0 1 11 0 0 0 1 0 7 0 0 0 16 78 1 1 0 0 0 0 0 3 0 0 0 1 0 
0 0 27 1 18 0 2 47 17 7 1 1 0 9 3 1 2 0 6 92 93 1 0 0 0 4 1 1 6 0 1 1 4 1 1 1 3 6 116 1 17 11 2 1 1 21 1 13 1 1 6 9 1 1 10 67 1 1 3 30 1 4 76 1 99 1 1 1 81 1 1 2 31 7 1 1 1 1 67 1 1 16 1 0 112 15 37 1 25 55 14 1 8 1 1 1 1 1 7 11 
0 0 1 92 1 0 12 3 1 3 1 1 0 1 0 1 1 0 1 1 0 57 0 1 1 0 1 1 1 0 1 0 37 0 9 0 0 1 36 1 0 5 1 36 1 1 31 1 1 97 0 1 0 1 0 27 50 7 0 1 84 1 1 17 10 0 10 1 6 1 1 1 0 1 1 1 1 1 0 1 1 0 0 0 78 1 6 74 52 10 1 1 34 12 123 1 1 0 9 0 
0 0 7 1 122 0 1 1 1 1 1 1 0 14 0 1 1 0 1 54 0 9 0 1 1 1 0 84 82 0 1 0 1 0 1 0 0 1 1 95 0 11 9 1 1 36 89 1 1 1 0 23 0 68 0 1 0 37 0 12 65 33 95 2 1 0 1 1 1 1 1 0 0 2 125 1 1 0 0 1 1 0 0 0 1 1 1 1 1 1 1 9 1 1 1 1 1 0 1 0 
0 0 11 0 0 1 34 1 1 1 0 17 1 1 0 0 0 39 1 72 2 0 122 98 115 1 1 0 0 0 1 0 0 27 3 1 0 1 0 1 0 1 1 0 0 1 60 1 3 2 1 1 0 0 0 1 0 0 47 0 0 1 7 0 1 1 1 0 0 0 1 0 0 0 1 1 0 1 11 1 1 1 1 0 0 11 17 5 1 1 0 1 0 1 1 0 0 1 1 105 
0 0 5 8 1 0 0 1 0 1 46 0 0 11 0 1 123 0 53 0 0 0 0 0 1 1 1 0 0 0 0 6 1 0 35 0 0 0 1 0 0 14 1 1 1 0 8 0 0 0 0 1 0 1 0 0 1 58 0 1 1 0 0 42 2 0 79 3 0 2 0 0 0 1 0 6 81 0 0 122 0 0 0 0 4 62 0 0 1 0 1 1 1 0 1 1 10 0 1 0 
4 18 0 0 0 0 0 0 0 0 96 0 0 0 111 0 0 0 0 0 0 32 0 0 0 0 0 0 0 0 0 1 0 0 0 4 1 0 0 0 1 0 0 10 0 19 0 0 0 0 0 0 52 1 1 2 1 0 49 0 0 0 0 0 0 1 0 0 78 120 0 6 10 1 0 0 0 1 0 0 1 0 0 1 0 0 0 0 0 1 0 1 7 0 0 0 0 0 0 0 
0 0 1 0 0 1 1 0 80 6 0 1 108 33 0 0 0 22 1 30 8 0 1 114 1 1 8 1 0 0 0 0 0 1 27 0 0 1 0 1 0 120 12 0 0 1 0 9 1 1 18 9 0 0 0 1 0 0 0 0 0 126 20 0 0 17 1 0 0 0 56 0 0 0 7 29 0 0 25 1 1 1 1 0 0 1 1 26 1 1 0 0 0 78 1 0 0 1 1 1 
1 1 0 1 1 0 0 0 0 0 1 0 0 0 9 1 1 0 1 0 0 2 0 0 1 0 0 0 3 1 0 0 1 0 7 9 1 0 1 0 1 0 3 4 0 45 16 0 0 0 0 1 1 1 2 1 1 1 0 0 1 0 0 0 0 1 1 1 1 5 0 1 1 51 0 0 1 97 0 0 1 0 0 1 1 0 0 0 0 1 0 1 7 54 0 1 1 0 87 0 
0 0 53 22 56 0 0 1 0 1 1 1 0 1 1 33 55 0 1 0 0 1 0 0 1 1 1 0 13 0 0 1 0 0 1 0 39 0 1 0 0 0 20 1 24 18 1 0 0 0 0 1 9 1 23 1 1 1 0 1 30 0 0 1 45 0 1 7 1 107 0 2 0 31 0 10 4 1 0 11 1 0 0 0 1 0 0 0 117 1 3 1 12 0 66 3 1 0 15 0 
0 0 39 0 0 91 1 0 1 0 1 3 1 1 0 0 0 1 1 1 10 8 82 0 83 0 0 22 0 0 1 0 0 0 1 6 0 1 0 14 4 1 1 0 0 1 0 3 1 1 54 7 0 0 100 1 0 0 112 0 0 10 39 0 0 3 34 0 1 0 5 1 0 0 1 0 0 1 125 1 22 2 1 0 0 1 1 1 1 1 0 1 0 68 0 0 0 1 16 1 
0 0 1 120 4 0 2 1 118 41 1 1 0 1 1 1 5 0 26 4 0 1 0 0 1 13 1 4 1 0 1 1 1 98 0 0 1 65 1 18 1 1 31 92 14 59 22 1 54 1 1 1 0 106 1 1 94 1 0 1 1 1 16 98 1 1 1 11 33 1 58 1 1 1 9 5 1 37 1 2 1 0 1 0 1 1 1 2 1 1 40 15 21 1 1 12 1 53 1 4 
1 1 0 0 0 17 114 0 0 0 56 87 7 1 1 0 0 1 12 1 34 62 1 0 3 0 0 1 0 1 0 74 0 1 0 0 1 1 0 94 2 0 1 44 0 4 0 1 8 0 7 63 2 1 1 74 4 0 2 0 0 0 1 0 0 1 29 0 8 1 0 1 29 1 1 0 0 17 1 0 107 1 1 1 0 0 0 0 0 1 0 1 1 114 0 0 0 1 0 26 
1 1 0 1 0 0 0 0 0 0 1 0 0 0 51 0 0 0 1 0 0 44 0 0 1 0 0 0 0 66 0 1 5 0 69 2 0 0 1 1 1 0 1 1 0 1 1 0 0 0 1 1 2 1 14 69 1 0 13 0 0 0 0 0 0 1 0 0 92 1 0 1 1 1 0 0 0 93 1 0 1 0 1 23 0 0 0 0 0 1 0 1 1 112 0 0 0 1 20 0 
0 0 1 0 0 1 112 0 1 14 0 1 1 1 0 0 0 1 17 1 26 0 1 36 110 1 8 1 0 0 17 0 0 1 1 1 0 0 0 1 0 2 1 0 0 107 1 1 72 1 1 1 0 0 0 1 0 0 1 0 0 1 1 0 117 1 5 0 0 0 1 0 0 0 1 1 0 1 26 15 1 1 1 0 0 82 1 1 2 97 0 1 0 1 34 0 0 1 1 1 
0 0 1 79 2 0 1 1 0 89 1 1 0 1 0 40 1 0 1 0 0 19 0 0 1 1 7 0 22 0 0 31 31 0 3 0 36 0 0 1 0 13 1 37 1 2 1 0 0 58 0 1 0 1 1 1 9 1 0 41 48 0 0 8 1 0 1 1 1 60 0 1 0 54 0 1 3 5 0 1 67 0 0 0 1 73 0 0 1 19 3 1 1 103 1 1 22 0 125 0 
0 0 73 1 0 1 1 2 9 1 26 1 3 1 0 0 0 1 1 1 1 1 1 0 1 1 1 27 0 0 1 0 0 1 10 2 37 23 1 0 1 1 7 20 0 1 99 1 1 11 47 1 0 52 1 89 1 0 6 0 0 1 1 0 64 1 1 0 5 1 1 7 2 6 1 38 0 1 1 87 1 28 1 0 0 1 2 16 7 1 0 9 44 123 4 0 0 1 1 2 
1 1 0 0 0 1 40 0 0 0 1 0 0 0 2 0 0 0 1 0 0 124 0 0 1 0 0 0 0 1 0 11 0 51 1 25 76 0 0 1 0 0 1 1 0 1 0 0 0 0 38 67 37 1 1 61 18 0 1 0 0 0 0 0 0 1 0 0 3 1 0 99 48 1 0 0 0 1 1 0 1 0 126 31 0 0 0 0 0 28 0 1 89 1 0 0 0 1 0 0 
0 0 1 1 11 0 25 1 72 1 0 81 0 1 0 34 0 0 4 7 0 0 0 2 3 1 17 3 44 0 1 0 0 10 1 0 0 2 5 1 0 0 1 0 1 1 80 11 1 6 0 1 0 1 0 67 0 3 0 10 126 1 4 6 1 0 1 25 0 0 48 0 0 0 45 2 1 0 0 2 78 32 0 0 0 1 1 1 3 2 1 1 0 1 1 0 0 0 2 1 
0 0 1 1 1 1 50 38 5 6 2 7 0 1 0 70 108 0 1 3 6 1 0 1 17 2 1 62 1 0 1 1 1 1 23 3 1 97 1 1 42 1 0 4 1 1 1 1 1 2 1 1 0 17 4 1 1 1 1 11 1 19 24 1 1 17 5 1 3 1 14 1 1 16 7 2 1 111 1 1 102 1 1 0 0 1 71 19 13 1 106 1 1 2 1 1 1 31 41 3 
4 1 1 1 2 0 1 107 0 0 14 75 0 1 1 1 5 0 1 18 0 1 0 0 14 16 1 0 1 18 0 1 1 0 1 1 39 0 1 1 2 0 97 0 1 23 1 0 0 0 40 1 2 1 1 2 6 1 2 107 9 0 0 3 1 4 40 51 5 1 0 1 1 105 0 0 54 57 61 20 1 0 1 5 3 0 0 0 1 1 12 1 1 1 1 68 1 63 47 0 
0 0 1 2 1 0 0 14 7 4 74 1 0 3 0 1 45 0 1 0 0 0 0 1 26 1 22 0 1 0 0 0 17 0 1 0 0 0 1 0 0 1 1 23 0 10 1 0 0 55 0 1 0 1 0 0 20 2 0 2 1 0 0 8 1 0 113 1 1 1 27 0 0 1 0 21 1 0 0 7 0 0 0 0 1 1 0 0 37 1 9 2 1 0 1 1 1 0 1 0 
1 72 1 3 0 1 5 1 0 0 1 1 13 106 13 108 0 1 46 1 97 1 0 0 1 1 1 125 0 6 1 4 4 85 124 1 3 2 1 4 1 1 1 1 1 0 53 6 2 1 52 1 1 97 1 7 1 2 1 2 1 0 126 0 44 1 38 1 1 1 0 1 1 1 1 0 1 1 1 3 1 6 1 1 0 0 1 0 69 1 0 1 1 47 1 0 0 1 3 1 
0 0 1 123 1 0 76 9 23 1 73 83 0 1 0 1 1 0 1 1 0 67 0 0 1 1 81 1 27 0 0 1 1 0 1 0 22 2 10 6 0 13 1 8 1 16 0 0 1 1 0 118 0 1 61 72 1 2 0 1 1 0 1 1 71 0 9 71 28 4 1 18 0 1 1 1 3 44 0 1 18 0 0 0 1 1 1 1 1 40 84 1 1 1 5 1 10 0 2 0 
0 0 1 0 0 3 71 0 24 79 0 29 1 13 0 0 0 35 26 1 1 1 8 46 62 26 1 42 0 0 1 0 0 1 1 75 0 1 0 2 0 5 63 0 0 1 0 0 54 1 23 1 0 0 0 4 0 0 1 0 0 1 1 0 0 1 1 0 0 0 115 0 0 0 1 54 0 1 1 1 1 2 4 0 0 1 1 1 1 1 0 47 0 25 1 0 0 55 1 1 
0 0 60 0 0 46 1 0 22 79 1 72 41 27 0 0 0 1 1 1 10 1 1 4 1 38 1 9 0 0 1 0 0 1 3 1 0 37 0 69 0 1 1 0 0 1 19 56 0 11 10 1 0 0 1 1 0 0 84 0 0 99 1 0 1 1 1 0 0 0 66 0 0 0 1 10 0 25 9 98 1 1 1 0 0 87 8 23 1 6 0 1 0 1 1 0 0 1 17 1 
0 0 1 0 0 1 1 1 1 8 0 6 1 2 0 0 0 1 20 67 1 0 0 1 14 1 1 32 0 0 1 0 0 1 1 0 0 83 1 1 0 4 2 0 45 90 61 87 1 0 1 3 0 0 0 1 0 0 0 1 0 65 1 0 1 38 1 0 0 0 11 0 0 0 1 1 0 0 8 33 91 2 1 0 0 2 19 1 1 3 0 1 0 1 13 0 0 1 1 1 
1 1 2 0 0 1 1 0 0 0 5 1 54 114 0 0 0 2 1 1 1 24 1 0 17 0 0 1 0 0 1 0 0 68 1 1 1 25 0 1 5 0 68 1 0 1 0 6 1 1 0 1 1 1 66 12 7 0 56 0 0 3 1 0 0 14 1 0 29 1 0 62 118 1 1 0 0 1 1 0 1 1 11 1 0 0 110 38 0 1 0 1 0 1 0 0 0 14 1 6 
0 1 1 1 1 1 1 35 106 78 25 1 1 14 1 2 0 1 1 1 5 1 1 0 1 1 42 1 1 0 50 3 13 27 1 18 1 63 37 1 37 41 1 1 1 25 21 1 41 74 2 0 59 8 1 6 1 11 1 1 54 1 1 1 6 1 47 1 34 1 23 1 1 1 1 1 19 1 1 22 1 1 1 0 0 1 1 6 1 1 1 1 1 1 2 0 0 1 125 1 
50 1 0 0 0 0 0 0 0 0 1 0 0 0 1 0 0 0 4 0 0 1 0 0 4 0 0 0 0 5 0 59 1 0 0 47 1 0 0 0 1 0 0 1 0 61 0 0 0 0 1 104 0 1 1 10 1 0 1 0 0 0 0 0 0 71 0 0 11 1 0 115 102 4 0 0 0 1 1 0 1 0 0 1 0 0 0 0 0 1 0 33 23 0 0 0 0 41 0 0 
1 2 1 86 1 0 1 29 0 1 28 127 0 35 1 1 1 0 1 1 0 1 0 0 1 32 1 0 1 1 0 1 49 0 1 1 48 0 3 116 1 77 1 9 78 1 1 0 0 0 1 71 2 0 1 4 1 40 0 1 1 0 0 2 101 1 1 5 39 25 0 7 1 1 0 1 1 1 67 72 1 0 0 32 1 0 0 0 41 4 1 1 55 80 111 1 4 0 15 0 
1 43 0 3 0 68 84 0 0 0 1 1 0 38 109 0 0 6 2 1 2 1 0 0 1 0 0 0 0 16 0 38 1 1 1 1 3 0 2 1 1 0 1 1 0 1 1 0 1 0 1 52 1 1 0 9 69 0 1 0 0 0 0 0 0 1 6 0 50 40 0 1 13 1 1 0 0 1 1 0 1 0 1 1 0 0 0 0 0 54 0 1 4 1 0 0 0 15 1 48 
18 33 1 1 0 1 1 0 3 0 1 1 6 1 19 0 0 1 1 1 53 27 1 0 1 3 3 22 0 123 90 1 2 1 58 93 1 4 2 1 1 2 1 1 0 1 1 1 75 65 57 29 14 1 1 0 83 0 23 0 0 21 24 0 1 54 1 0 1 1 0 1 1 4 49 0 0 8 36 110 96 17 1 1 0 0 19 7 1 98 0 9 1 21 6 0 0 1 1 1 
6 69 0 2 1 0 1 0 0 0 1 0 0 1 1 1 1 0 66 0 0 1 0 0 1 1 0 0 123 1 0 1 38 0 1 1 1 0 1 1 16 0 1 1 1 5 1 0 0 0 30 1 19 1 22 1 0 4 1 0 78 0 0 1 123 116 1 2 10 9 0 4 13 1 0 0 1 1 1 11 1 0 0 1 1 0 0 0 58 16 0 12 8 6 0 16 58 1 46 0 
0 0 7 1 31 0 0 1 0 1 57 1 0 2 0 10 1 0 3 0 0 1 0 0 1 13 1 0 1 0 0 1 1 0 1 0 0 0 1 0 0 1 1 11 20 1 5 0 0 0 0 30 0 2 0 0 30 0 0 1 32 0 0 1 28 0 98 34 7 1 0 1 0 11 0 1 1 0 0 12 0 0 0 0 27 1 0 0 1 1 1 108 1 0 1 1 1 0 119 0 
1 1 0 0 0 92 30 0 0 0 32 1 61 1 13 0 0 46 9 39 12 8 1 0 56 0 0 6 0 1 0 0 0 1 0 6 1 22 0 1 4 0 1 114 0 107 0 1 2 0 3 1 1 0 4 2 1 0 0 0 0 0 1 0 0 1 0 0 5 1 0 1 1 0 1 0 0 1 1 0 42 1 3 100 0 0 1 0 0 25 0 1 0 1 0 0 0 16 0 2 
0 0 1 23 1 0 122 44 52 3 84 1 0 7 0 1 1 0 32 0 0 0 0 1 1 68 1 0 25 0 0 0 1 0 1 0 0 0 1 0 0 35 1 1 2 1 58 0 0 1 0 1 0 1 0 0 0 2 0 0 1 0 0 99 1 0 1 1 0 17 1 0 0 1 0 23 1 0 0 1 0 0 0 0 45 3 0 54 1 1 1 1 1 0 79 1 1 0 1 0 
0 0 22 1 33 0 0 35 0 38 12 1 0 34 0 1 1 0 1 0 0 16 0 0 1 114 1 0 4 0 0 58 1 0 36 0 0 0 1 0 0 1 48 1 29 68 1 0 0 0 0 1 0 1 0 0 16 1 0 1 0 0 0 3 1 0 74 1 1 31 0 1 0 1 0 1 16 0 0 21 0 0 0 0 1 1 0 0 16 1 1 1 2 0 12 1 53 0 1 0 
0 0 1 0 0 1 1 0 1 10 0 5 21 3 0 0 0 1 1 1 7 0 5 1 1 1 10 88 0 0 6 0 0 1 84 0 0 2 0 1 0 33 1 0 0 0 0 1 1 1 1 1 0 0 0 1 0 0 0 0 0 0 1 0 0 85 1 0 0 0 1 0 0 0 26 1 0 0 2 2 96 5 52 0 0 1 1 79 1 35 0 0 0 11 1 0 0 1 51 102 
0 0 43 0 0 1 3 0 29 1 0 20 1 1 0 0 0 19 1 1 1 0 124 1 1 1 1 104 0 0 123 0 0 1 8 1 0 50 0 15 0 7 1 0 0 1 76 10 79 3 1 11 0 0 0 6 0 0 7 0 0 1 0 0 4 32 46 0 0 0 2 0 0 0 1 95 0 11 1 1 1 2 19 0 0 1 2 1 1 1 0 1 0 11 1 0 0 1 1 119 
0 0 1 1 66 0 0 1 0 1 93 1 0 69 0 1 34 0 71 0 0 0 0 0 1 1 54 0 1 0 0 0 1 0 1 0 0 0 8 0 0 1 6 9 4 0 1 0 0 0 0 1 0 1 0 0 36 27 0 1 1 0 0 0 1 0 1 1 0 21 0 0 0 4 0 1 16 0 0 1 0 0 0 0 12 104 0 0 1 0 27 80 1 0 1 1 1 0 1 0 
0 0 3 1 1 0 1 1 1 36 18 101 0 10 0 1 21 0 1 5 0 1 0 54 1 80 1 13 26 0 0 0 1 0 2 0 0 30 64 1 0 1 55 16 1 1 1 0 99 23 0 13 0 1 0 1 96 62 0 75 1 0 1 1 0 0 1 23 1 10 1 56 0 1 1 9 6 0 0 43 13 0 0 0 2 1 1 54 37 68 2 10 1 5 12 1 1 0 16 0 
88 1 0 0 0 1 1 0 0 0 1 1 23 1 1 0 0 116 4 1 9 82 84 0 1 0 0 1 0 1 105 54 0 1 1 1 71 72 0 18 1 0 1 5 0 1 0 10 3 1 1 78 1 92 6 1 5 0 1 0 0 1 1 0 0 0 54 0 1 109 0 108 1 1 1 0 0 2 1 0 67 1 105 58 0 0 1 0 0 4 0 17 6 117 0 0 0 4 97 66 
0 0 1 1 1 0 1 1 6 19 32 1 0 13 0 1 1 0 25 1 1 51 0 43 1 1 1 11 13 0 113 12 11 1 5 1 0 1 31 23 0 1 1 1 46 36 2 100 1 1 29 1 0 6 1 1 1 100 0 1 32 1 4 1 1 1 0 15 1 119 1 1 0 84 42 1 32 1 2 1 1 1 1 0 0 1 1 1 1 14 10 1 5 10 1 1 57 64 72 1 
0 0 36 4 1 0 0 1 0 2 1 2 0 1 0 8 1 0 39 0 0 1 0 0 1 1 1 0 10 0 0 1 17 0 39 0 0 0 1 0 0 1 3 2 1 1 1 0 0 0 0 1 0 1 0 0 3 5 0 69 88 0 0 4 1 0 1 0 10 2 0 1 0 1 0 122 1 0 0 16 0 0 0 0 1 1 0 0 1 9 1 1 1 0 1 1 32 0 48 0 
1 1 2 1 1 1 1 0 0 0 30 1 0 29 67 21 0 0 1 3 0 33 0 0 1 1 3 0 0 3 0 1 17 5 5 1 1 0 1 1 1 0 1 1 54 1 1 0 0 0 13 48 1 98 1 1 1 13 1 0 1 0 0 0 1 1 2 1 0 69 0 34 70 12 1 0 33 38 127 99 17 0 1 26 0 0 0 0 119 1 0 1 1 27 0 0 1 5 1 12 
1 1 97 125 1 0 1 121 0 0 94 9 0 30 2 1 37 0 1 0 0 1 0 0 1 1 2 0 1 46 0 9 65 0 1 9 49 0 1 1 54 0 1 12 90 1 1 0 0 0 94 42 1 1 1 25 125 55 7 1 11 0 0 12 1 1 1 5 21 0 0 1 1 1 0 0 1 1 4 1 20 0 39 45 15 0 0 0 1 25 1 6 1 1 2 38 1 1 1 0 
0 0 10 0 0 0 1 1 1 1 0 1 0 1 0 0 0 0 2 1 0 0 0 1 75 1 1 2 0 0 21 0 0 1 1 0 0 1 0 1 0 26 1 0 6 0 1 1 1 1 0 5 0 0 0 0 0 0 0 34 0 78 1 0 31 0 35 0 0 0 0 0 0 0 11 32 0 0 0 31 1 2 0 0 0 1 1 5 67 0 1 0 0 1 1 0 0 0 2 3 
4 1 1 1 0 1 2 0 0 0 2 1 0 1 1 14 0 0 1 1 0 1 0 0 110 33 0 0 0 22 0 118 7 1 115 1 17 0 3 1 31 0 36 1 0 124 1 0 0 0 21 3 1 2 1 1 16 1 1 0 4 0 0 0 47 11 1 39 11 1 0 0 26 40 0 0 1 6 2 7 1 0 18 58 0 0 0 0 1 1 0 10 1 19 0 0 1 1 77 59 
1 1 0 0 0 1 0 0 0 0 1 0 0 0 1 0 0 0 1 0 0 1 0 0 17 0 0 0 0 1 0 29 0 0 1 1 1 0 0 1 4 0 1 41 0 64 0 0 0 0 1 1 1 61 1 1 1 0 1 0 0 0 0 0 0 1 0 0 102 16 0 1 0 1 0 0 0 1 64 0 1 0 1 1 0 0 0 0 0 8 0 1 6 4 0 0 0 31 0 0 
1 1 65 1 1 0 1 2 0 0 1 20 0 1 16 64 1 0 3 94 0 34 0 0 1 1 1 0 1 1 0 65 70 0 1 11 1 0 88 1 1 0 1 1 57 1 1 0 0 0 1 10 53 1 50 1 1 23 0 36 1 0 0 1 34 98 1 1 1 1 0 1 63 0 0 1 1 1 22 1 1 0 0 1 1 0 0 0 52 46 1 46 7 3 75 1 1 1 3 0 
0 0 1 0 0 15 1 0 18 1 1 66 1 1 0 0 0 1 1 1 1 1 1 1 1 1 1 1 0 0 1 0 0 6 1 4 0 2 0 1 0 2 1 0 0 1 1 4 1 1 1 1 0 0 1 5 0 0 1 0 0 3 28 0 54 1 1 0 1 0 1 0 0 0 0 1 0 1 91 11 1 1 1 0 0 38 1 29 93 1 0 2 0 83 39 0 0 86 1 1 
0 0 9 126 1 0 1 16 108 1 0 1 0 1 0 1 7 0 47 72 0 0 0 4 1 107 83 22 1 0 1 0 9 0 91 0 0 38 1 1 0 1 13 0 1 0 1 1 109 1 0 17 0 42 0 0 0 1 0 1 80 1 1 1 1 0 11 1 0 0 1 0 0 1 2 0 1 0 0 53 16 0 0 0 0 4 18 1 3 8 2 5 0 55 1 21 0 0 1 0 
0 0 1 2 1 0 0 1 0 5 89 1 0 6 0 1 1 0 37 0 0 62 0 0 1 12 1 0 82 0 0 14 1 0 2 0 0 0 19 0 0 1 5 21 1 4 1 0 0 0 0 2 0 44 0 0 1 11 0 84 1 0 0 1 8 0 1 1 94 1 0 1 0 81 0 1 0 1 0 1 22 0 0 0 18 1 0 0 12 1 14 12 1 9 3 28 1 0 62 0 
5 60 7 22 0 75 1 0 0 0 1 4 3 1 8 0 0 34 1 1 1 1 8 0 8 5 0 3 0 1 0 1 50 1 1 1 9 3 1 30 1 0 1 66 0 81 82 1 1 0 1 2 31 1 1 1 1 0 4 0 0 0 4 0 0 1 1 0 4 38 0 5 4 1 90 0 1 0 1 3 1 0 1 12 0 0 1 0 1 1 0 119 21 1 0 0 0 35 45 1 
1 6 45 0 0 1 1 0 0 0 23 3 61 3 0 0 0 60 1 1 3 1 74 0 1 0 0 1 0 0 1 0 0 89 1 115 1 1 0 4 4 0 2 1 0 1 0 1 1 1 32 124 1 1 100 5 1 0 2 0 0 1 1 0 0 1 19 0 1 1 0 1 106 1 30 0 0 1 0 0 2 6 1 20 0 0 1 1 0 1 0 19 8 1 0 0 0 60 3 1 
0 0 3 77 1 0 1 85 1 1 1 75 0 8 0 1 3 0 1 28 0 6 0 63 39 2 52 1 1 0 1 0 1 1 124 0 0 1 122 1 0 1 72 1 10 6 1 1 1 23 0 67 0 1 0 59 1 8 0 8 1 1 1 58 1 0 1 24 1 5 3 1 0 4 1 17 15 1 0 0 78 1 0 0 0 1 62 47 54 1 1 1 1 4 1 1 2 0 25 43 
1 1 30 8 0 1 1 80 50 0 1 18 1 1 3 0 0 1 1 19 1 24 27 0 1 60 54 36 0 69 1 18 1 1 18 10 15 1 62 27 4 1 1 1 0 1 16 1 12 61 1 11 1 1 1 1 1 0 64 0 0 1 1 0 1 1 1 0 23 1 9 1 9 1 1 1 31 20 71 102 0 20 1 1 0 1 27 1 107 6 0 1 5 10 9 0 0 1 2 11 
0 0 1 0 0 1 1 0 9 0 0 2 114 1 0 0 0 1 1 1 2 0 40 1 1 0 0 1 0 0 52 0 0 80 0 1 0 1 0 1 0 1 35 0 0 61 0 1 72 97 6 1 0 0 0 1 0 0 1 0 0 18 9 0 0 22 1 0 0 0 1 0 0 0 3 0 0 0 1 35 3 0 118 0 0 47 21 4 0 67 0 0 0 1 0 0 0 68 0 1 
0 1 0 0 0 1 1 0 0 0 1 3 1 9 0 0 0 1 1 13 1 2 39 0 1 0 0 1 0 0 1 0 0 1 73 1 1 1 0 90 3 0 35 19 0 1 0 1 1 11 1 4 0 0 1 2 0 0 59 0 0 61 69 0 0 2 1 0 111 1 0 9 1 0 4 0 0 3 1 0 57 15 0 2 0 0 1 1 0 1 0 2 0 11 0 0 0 1 0 1 
2 1 0 0 0 0 0 0 0 0 1 0 0 0 60 0 0 0 0 0 0 110 0 0 0 0 0 0 0 10 0 88 0 0 0 1 1 0 0 0 1 0 0 1 0 41 0 0 0 0 6 0 1 1 81 46 1 0 1 0 0 0 0 0 0 4 0 0 8 10 0 1 1 1 0 0 0 1 1 0 1 0 1 0 0 0 0 0 0 1 0 13 1 0 0 0 0 62 0 0 
0 0 0 3 6 0 0 1 0 0 0 0 0 0 0 91 1 0 0 0 0 0 0 0 1 9 2 0 6 0 0 8 9 0 1 0 0 0 1 0 0 0 0 3 73 0 1 0 0 0 0 0 0 76 0 0 43 1 0 1 51 0 0 1 1 0 0 89 0 1 0 0 0 1 0 0 1 0 0 0 0 0 0 0 0 0 0 0 1 0 1 1 1 0 1 1 12 0 7 0 
0 0 1 12 1 0 1 1 1 93 0 33 0 14 0 1 0 0 59 1 0 0 0 1 28 1 1 1 83 0 15 0 0 1 1 0 0 70 46 7 0 74 1 0 1 0 1 1 2 1 0 1 0 0 0 0 0 6 0 1 3 1 1 2 83 0 1 1 0 0 1 0 0 0 1 113 1 0 0 1 1 35 0 0 0 0 1 106 1 1 1 2 0 1 80 0 0 0 1 0 
0 0 2 0 0 1 1 1 1 1 0 13 1 4 0 0 0 120 28 40 1 0 1 1 1 1 68 10 0 0 1 0 0 1 1 0 0 12 0 2 0 7 4 0 0 1 16 12 1 17 1 1 0 0 0 4 0 0 1 0 0 6 1 0 12 61 1 0 0 0 1 0 0 0 1 55 0 28 1 1 1 12 38 0 0 1 0 1 1 1 0 1 0 66 1 0 0 3 114 61 
0 0 1 0 0 1 1 1 1 109 0 11 1 1 0 0 0 0 109 1 1 0 0 1 1 8 1 96 0 0 1 0 0 25 1 0 0 1 0 1 0 4 1 0 0 0 53 38 49 1 1 1 0 0 0 29 0 0 0 1 0 1 4 0 1 0 1 0 0 0 10 0 0 0 2 19 0 0 1 1 1 1 1 0 0 1 1 0 1 1 0 1 0 1 113 0 0 102 1 90 
0 0 1 1 7 0 1 14 45 15 1 7 0 3 0 1 1 0 27 1 0 108 0 29 4 1 1 1 52 0 10 0 1 1 68 0 0 1 1 1 0 44 2 1 97 49 1 10 1 13 0 79 0 1 0 73 1 1 0 100 1 6 67 17 3 0 67 1 1 1 61 1 0 1 1 116 1 1 0 1 1 0 0 0 3 46 1 1 0 39 1 7 1 1 19 113 1 0 1 0 
1 1 1 61 0 1 30 5 21 0 2 34 1 1 119 118 0 5 1 1 1 1 1 0 2 3 24 1 0 1 1 1 20 94 20 38 1 1 42 1 5 1 25 1 1 35 1 6 1 12 1 94 1 1 1 1 23 1 1 19 1 10 1 0 67 1 1 1 8 1 0 1 25 13 1 1 1 1 1 8 27 20 1 1 0 1 13 1 1 0 0 6 37 1 1 0 0 19 1 1 
0 0 99 1 3 0 0 1 0 20 1 35 0 1 0 25 93 0 93 0 0 0 0 0 1 111 1 0 66 0 0 0 1 0 5 0 0 0 37 0 0 1 1 14 1 0 1 0 0 0 0 1 0 12 0 0 0 11 0 1 101 0 0 1 1 0 1 1 0 1 3 0 0 1 0 1 1 0 0 1 0 0 0 0 1 97 0 0 100 0 0 1 46 0 1 1 1 0 23 0 
1 1 1 36 28 53 1 1 0 63 1 2 0 1 1 2 1 0 1 1 0 4 0 0 1 3 1 1 29 1 0 10 1 1 1 2 1 14 114 104 31 6 2 1 1 1 1 4 1 1 1 18 3 1 32 1 21 1 3 1 1 0 1 25 18 26 1 1 1 1 0 1 14 1 1 1 1 1 1 19 41 0 1 1 27 4 16 2 1 4 1 0 1 1 1 79 25 1 4 89 
1 1 27 13 1 0 17 1 0 0 17 11 0 14 1 1 1 0 1 0 0 1 0 0 1 12 1 0 1 1 0 1 1 0 1 50 1 0 1 1 1 0 1 1 1 1 1 0 0 0 0 57 89 1 1 77 1 65 0 11 1 0 0 1 1 1 127 1 18 1 0 41 1 1 0 0 1 1 14 1 1 0 0 63 1 0 0 0 75 1 1 1 0 12 2 12 1 0 1 0 
0 1 1 83 0 103 17 1 7 1 1 1 1 1 0 0 0 78 1 1 1 1 1 0 1 1 5 1 0 0 1 98 0 10 110 1 1 1 116 1 1 19 63 1 0 6 17 52 1 1 72 14 0 63 12 1 1 0 2 0 0 1 1 0 1 8 1 0 1 1 1 53 86 4 25 1 1 1 105 1 9 32 7 0 0 1 1 3 1 18 0 23 16 0 14 0 0 27 1 92 
0 0 84 25 1 0 1 8 1 6 1 2 0 1 0 1 1 0 49 19 0 0 0 16 1 10 1 1 32 0 4 0 1 0 10 0 0 83 1 1 0 40 1 1 1 1 38 1 1 1 0 1 0 13 0 1 0 94 0 64 1 1 1 1 7 0 25 1 0 15 7 0 0 18 1 1 92 0 0 1 1 0 0 0 1 1 56 1 47 22 30 1 1 1 0 1 1 0 1 0 
0 0 6 1 1 0 0 1 0 8 1 0 0 0 0 1 22 0 0 0 0 0 0 0 1 15 78 0 6 0 0 15 1 0 1 0 0 0 2 0 0 0 1 1 1 0 1 0 0 0 0 0 0 35 0 0 33 1 0 12 1 0 0 6 54 0 15 1 0 1 0 0 0 1 0 1 23 0 0 1 0 0 0 0 1 0 0 0 1 0 43 1 60 0 23 0 29 0 9 0 
0 0 0 1 1 0 0 92 0 0 1 0 0 0 0 1 4 0 0 0 0 81 0 0 1 1 1 0 1 0 0 1 1 0 1 0 0 0 1 0 0 0 1 19 2 0 54 0 0 0 0 0 0 1 0 0 1 23 0 1 92 0 0 1 22 0 48 23 1 1 0 68 0 1 0 0 1 0 0 1 0 0 0 0 1 0 0 0 108 0 13 1 1 0 124 1 0 0 1 0 
16 5 0 0 0 1 1 0 0 0 1 1 115 1 0 0 0 13 1 1 1 1 34 0 1 0 0 1 0 0 1 0 0 1 10 1 1 57 0 58 122 0 1 1 0 1 0 1 1 3 9 1 2 0 9 36 1 0 26 0 0 1 30 0 0 21 1 0 8 1 0 1 1 1 17 0 0 15 1 0 8 56 39 3 0 0 1 36 0 16 0 1 0 45 0 0 0 0 0 1 
0 0 9 112 1 0 40 1 1 57 1 4 0 1 0 1 1 0 1 4 0 1 0 4 51 1 24 1 103 0 1 1 2 1 1 0 31 20 108 1 0 1 1 67 1 1 6 6 99 1 1 1 0 123 1 1 1 1 0 110 1 1 1 23 104 2 12 3 1 1 1 1 0 1 1 1 43 2 1 1 1 0 0 0 17 1 6 1 1 48 1 117 1 40 1 66 1 0 0 15 
0 0 104 0 0 30 1 0 2 0 4 1 9 87 0 0 0 1 103 1 3 44 22 0 1 0 0 1 0 0 23 0 0 41 118 1 0 16 0 2 0 82 7 0 0 17 0 1 1 53 4 1 0 0 1 1 0 0 46 0 0 9 9 0 0 1 1 0 1 0 51 1 0 0 1 0 0 1 1 1 76 1 1 0 0 0 1 118 0 50 0 1 0 1 0 0 0 1 1 0 
