100 1000
0 6 1 3 2 1 2 5 8 6 5 4 7 4 4 77 73 70 72 76 74 275 270 174 170 177 173 171 177 172 173 177 175 170 170 173 175 189 190 195 191 193 191 189 196 197 196 190 194 188 190 189 189 197 191 186 182 185 185 181 179 183 186 183 185 181 186 184 186 180 178 118 120 116 117 125 122 121 120 103 106 106 109 103 105 106 108 109 100 106 107 106 104 166 167 161 157 163 158 159 
6 0 6 4 8 6 5 3 4 1 3 3 4 5 4 71 68 64 67 71 69 280 275 177 173 180 176 173 180 175 176 180 178 173 173 176 178 191 192 197 193 195 192 190 198 199 197 191 196 190 191 190 190 198 193 190 186 189 189 185 183 187 190 187 189 185 190 188 190 184 182 120 122 117 118 127 124 123 122 100 103 104 107 101 102 103 106 107 101 106 107 106 105 173 173 167 163 169 164 165 
1 6 0 3 2 0 2 5 8 6 4 3 7 4 4 76 73 69 72 75 74 275 270 174 170 176 172 170 176 171 172 176 175 170 170 173 175 188 190 194 191 193 190 188 196 196 195 189 194 187 189 188 188 196 190 186 181 185 184 181 178 183 185 182 184 181 185 184 185 180 178 118 119 115 116 125 121 121 119 102 105 106 108 102 104 105 107 109 99 105 106 105 103 167 168 161 157 163 159 159 
3 4 3 0 5 3 4 2 7 3 2 0 7 5 4 73 70 66 69 72 71 276 272 174 170 177 173 170 177 172 172 176 175 170 170 173 175 188 189 194 190 192 190 188 195 196 195 189 193 187 189 188 188 196 190 187 182 186 185 181 179 184 186 183 185 181 186 185 186 181 179 117 119 115 116 124 121 120 119 100 103 104 106 100 102 103 105 107 98 104 105 104 102 170 170 164 160 166 161 162 
2 8 2 5 0 2 3 7 9 8 7 5 9 5 5 78 75 71 74 77 76 274 269 173 169 176 172 170 176 171 171 176 174 169 169 172 174 188 190 194 191 193 190 188 196 196 195 189 194 187 189 188 188 196 190 185 180 184 183 180 177 182 184 181 183 180 184 183 184 179 177 118 119 115 116 124 121 121 119 103 106 107 110 103 105 106 109 110 100 106 107 106 104 165 165 159 155 161 156 157 
1 6 0 3 2 0 2 5 8 5 5 3 7 4 4 76 73 69 72 75 74 275 271 174 170 177 173 170 177 172 172 176 175 170 170 173 175 189 190 195 191 193 191 189 196 197 196 189 194 188 189 188 188 196 191 186 182 185 185 181 179 183 186 183 185 181 186 184 186 180 178 118 120 115 116 125 122 121 120 102 105 106 109 102 104 105 107 109 100 106 107 106 104 167 168 161 157 163 159 159 
2 5 2 4 3 2 0 5 6 5 5 4 5 2 2 76 73 69 72 76 74 277 272 176 172 179 175 172 179 174 174 178 177 172 172 175 177 191 192 197 193 195 192 191 198 199 198 191 196 190 191 190 190 198 193 188 183 187 186 183 181 185 188 185 187 183 188 186 187 182 180 120 122 117 118 127 124 123 122 103 107 107 110 104 106 106 109 110 102 108 109 108 106 168 168 162 158 164 159 160 
5 3 5 2 7 5 5 0 8 3 1 2 7 6 5 71 68 64 67 71 69 277 272 174 170 176 173 170 177 171 172 176 175 170 170 173 175 187 189 194 190 192 189 187 195 195 194 188 193 187 188 187 187 195 189 187 182 186 185 182 180 184 186 184 185 182 186 185 186 181 179 117 119 114 115 124 121 120 119 98 101 102 105 99 100 101 104 105 98 104 104 103 102 171 172 165 162 167 163 163 
8 4 8 7 9 8 6 8 0 5 7 7 1 5 4 74 70 67 69 73 71 283 278 181 177 184 180 177 184 179 179 184 182 177 177 180 182 195 196 201 197 199 197 195 202 203 202 196 200 194 196 195 194 203 197 194 189 193 192 188 186 191 193 190 192 188 193 192 193 188 186 124 126 122 123 131 128 127 126 105 107 108 111 105 106 108 110 111 105 111 112 111 109 172 173 166 163 168 164 165 
6 1 6 3 8 5 5 3 5 0 2 3 5 5 4 71 68 64 67 70 69 279 275 177 173 179 175 173 179 174 175 179 178 173 172 176 177 190 191 196 192 194 192 190 197 198 197 190 195 189 190 190 189 197 192 190 185 189 188 184 182 186 189 186 188 184 189 187 189 184 182 119 121 117 118 126 123 122 121 100 103 104 106 100 102 103 105 106 100 106 107 106 104 172 173 167 163 169 164 165 
5 3 4 2 7 5 5 1 7 2 0 1 7 6 5 72 68 65 67 71 69 277 273 175 170 177 173 171 177 172 173 177 176 170 170 174 175 188 189 194 190 192 190 188 195 196 195 189 193 187 189 188 187 196 190 187 183 186 186 182 180 184 187 184 186 182 187 185 187 182 179 117 119 115 116 124 121 120 119 99 102 102 105 99 101 102 104 105 98 104 105 104 102 171 172 165 162 168 163 163 
4 3 3 0 5 3 4 2 7 3 1 0 6 5 4 73 70 66 69 72 71 277 272 175 170 177 173 171 177 172 173 177 175 170 170 173 175 188 189 194 190 192 190 188 196 196 195 189 193 187 189 188 188 196 190 187 182 186 185 182 180 184 186 184 186 182 187 185 186 181 179 118 119 115 116 125 121 121 119 100 103 104 106 100 102 103 105 107 99 105 105 105 103 170 171 164 160 166 162 162 
7 4 7 7 9 7 5 7 1 5 7 6 0 4 4 74 70 67 69 73 71 282 278 181 177 183 179 177 183 178 179 183 182 177 177 180 182 194 196 201 197 199 196 194 202 203 201 195 200 194 195 194 194 202 197 193 189 192 192 188 186 190 193 190 192 188 193 191 193 187 185 124 126 121 122 131 128 127 126 104 107 108 111 105 106 107 110 111 105 111 112 111 109 172 173 166 162 168 164 164 
4 5 4 5 5 4 2 6 5 5 6 5 4 0 1 76 73 69 72 76 74 279 274 178 174 180 177 174 181 175 176 180 179 174 174 177 179 192 194 199 195 197 194 192 200 200 199 193 198 191 193 192 192 200 194 190 185 189 188 185 182 187 189 186 188 184 189 188 189 184 182 122 123 119 120 129 125 125 123 105 108 108 111 105 107 107 110 111 103 109 110 109 107 168 169 162 158 164 160 160 
4 4 4 4 5 4 2 5 4 4 5 4 4 1 0 75 72 68 71 75 73 279 274 178 173 180 176 174 180 175 176 180 179 174 173 177 178 192 193 198 194 196 194 192 199 200 199 192 197 191 193 192 191 199 194 190 185 189 188 184 182 187 189 186 188 184 189 188 189 184 182 121 123 119 119 128 125 124 123 104 107 107 110 104 106 107 109 110 102 108 109 108 106 169 170 163 159 165 161 161 
77 71 76 73 78 76 76 71 74 71 72 73 74 76 75 0 3 7 5 1 4 310 307 189 186 190 187 183 191 185 187 191 189 183 183 187 188 184 185 191 184 186 184 182 190 190 188 184 187 183 183 185 183 191 186 214 211 214 213 209 209 211 212 212 212 209 214 212 213 208 205 123 127 121 121 133 127 127 128 63 63 65 67 62 61 65 64 64 95 99 98 95 98 239 239 234 230 236 230 231 
73 68 73 70 75 73 73 68 70 68 68 70 70 73 72 3 0 4 2 3 2 309 306 188 185 190 186 183 191 185 186 190 188 183 183 187 188 184 185 191 185 186 185 183 191 190 189 185 188 184 183 185 183 191 186 213 210 213 211 208 208 210 211 211 211 208 213 211 212 207 204 123 127 120 121 132 127 126 127 64 64 66 68 63 62 66 66 65 95 98 98 95 97 236 236 231 227 233 227 228 
70 64 69 66 71 69 69 64 67 64 65 66 67 69 68 7 4 0 3 6 5 307 303 186 184 188 184 181 189 183 184 189 187 181 181 185 186 183 184 190 184 185 184 182 190 190 188 184 187 183 183 184 183 191 185 211 207 211 209 206 205 208 209 209 208 206 211 209 210 205 202 121 125 119 119 130 125 125 125 65 64 67 69 64 63 67 66 66 93 97 96 94 96 232 233 227 223 229 224 224 
72 67 72 69 74 72 72 67 69 67 67 69 69 72 71 5 2 3 0 4 4 307 304 186 183 188 184 181 189 183 184 189 186 181 181 185 186 183 183 189 183 184 183 181 189 189 187 183 186 182 182 183 182 190 184 211 208 211 210 206 206 208 209 209 209 206 211 209 210 205 202 121 125 119 119 130 125 124 125 63 63 65 67 62 61 65 64 64 93 97 96 94 95 234 235 229 225 231 226 226 
76 71 75 72 77 75 76 71 73 70 71 72 73 76 75 1 3 6 4 0 4 309 306 187 185 189 185 182 190 184 185 190 188 182 182 186 187 183 184 190 183 185 183 181 189 189 187 183 186 182 182 184 182 190 185 213 210 213 211 208 208 210 211 211 210 208 213 211 212 207 204 122 126 120 120 131 126 125 126 62 62 64 66 61 60 64 63 63 94 97 97 94 96 238 238 233 229 235 229 230 
74 69 74 71 76 74 74 69 71 69 69 71 71 74 73 4 2 5 4 4 0 311 308 190 188 192 188 185 193 187 188 193 190 185 185 189 190 186 187 193 187 188 187 185 193 193 191 187 190 186 185 187 186 194 188 215 212 215 214 211 210 212 214 213 213 210 215 213 214 209 207 125 129 123 123 134 129 128 129 66 66 68 70 65 64 68 67 67 97 101 100 98 99 237 238 232 228 234 229 229 
275 280 275 276 274 275 277 277 283 279 277 277 282 279 279 310 309 307 307 309 311 0 6 131 131 130 133 136 129 135 133 129 132 136 136 132 132 165 166 161 170 170 168 169 165 167 169 165 168 165 169 163 166 163 165 97 100 97 98 101 102 100 99 99 100 102 97 99 98 103 106 192 187 193 193 182 188 188 186 263 267 265 265 265 268 263 268 270 220 218 220 222 218 201 200 207 208 208 200 201 
270 275 270 272 269 271 272 272 278 275 273 272 278 274 274 307 306 303 304 306 308 6 0 129 129 128 132 135 127 133 131 127 130 134 134 130 130 164 165 161 169 170 168 168 165 167 169 165 168 164 169 162 166 163 165 94 96 94 95 98 98 97 96 95 97 99 94 96 96 99 103 189 184 190 190 179 185 186 183 260 265 262 262 262 266 261 265 267 217 215 217 220 216 195 193 201 201 201 193 195 
174 177 174 174 173 174 176 174 181 177 175 175 181 178 178 189 188 186 186 187 190 131 129 0 5 3 3 6 2 4 2 2 2 6 6 1 2 46 48 47 52 54 51 50 51 53 54 47 52 46 51 44 47 50 48 41 41 41 39 39 42 38 37 42 36 38 41 40 38 37 34 66 62 68 67 56 62 62 61 135 139 136 136 137 140 135 139 141 94 91 93 95 92 192 191 194 192 195 185 187 
170 173 170 170 169 170 172 170 177 173 170 170 177 174 173 186 185 184 183 185 188 131 129 5 0 8 6 7 7 6 5 7 7 7 7 5 7 50 52 52 56 58 55 54 56 58 58 51 57 50 55 48 51 54 52 39 39 39 37 37 39 36 35 39 35 36 39 37 36 35 32 63 59 65 65 54 59 60 58 133 137 134 134 135 138 133 137 139 92 89 91 93 90 187 186 188 186 190 180 182 
177 180 176 177 176 177 179 176 184 179 177 177 183 180 180 190 190 188 188 189 192 130 128 3 8 0 4 7 1 5 4 2 2 7 7 3 2 45 47 45 51 52 49 49 50 52 53 46 51 44 50 43 46 48 46 41 42 42 40 40 43 39 37 43 37 39 41 40 39 38 35 67 63 69 69 58 63 64 63 136 140 137 137 138 141 136 140 142 96 93 94 97 93 194 193 196 194 198 188 189 
173 176 172 173 172 173 175 173 180 175 173 173 179 177 176 187 186 184 184 185 188 133 132 3 6 4 0 3 5 1 1 5 3 3 3 1 2 45 46 46 50 52 49 48 50 52 53 45 51 44 49 42 46 49 46 43 44 44 42 41 44 41 39 44 39 40 43 42 40 39 36 63 59 66 65 54 59 60 59 132 136 133 133 134 138 132 136 138 92 89 90 93 90 193 192 194 192 196 186 188 
171 173 170 170 170 170 172 170 177 173 171 171 177 174 174 183 183 181 181 182 185 136 135 6 7 7 3 0 8 2 4 8 5 0 1 4 5 43 45 45 49 51 48 47 49 51 52 44 50 43 48 41 44 48 45 45 46 46 44 44 46 43 42 46 41 43 45 44 43 42 39 60 56 62 62 51 56 57 56 129 133 130 130 131 134 129 133 135 89 86 87 90 86 193 192 194 192 196 186 188 
177 180 176 177 176 177 179 177 184 179 177 177 183 181 180 191 191 189 189 190 193 129 127 2 7 1 5 8 0 6 5 1 3 8 8 4 3 46 48 47 52 54 50 50 51 53 54 47 52 46 51 44 47 50 48 40 41 41 39 39 42 38 36 41 36 38 40 39 37 37 34 68 64 70 70 59 64 64 64 137 141 138 138 139 142 137 141 143 96 93 95 97 94 193 192 195 193 197 187 188 
172 175 171 172 171 172 174 171 179 174 172 172 178 175 175 185 185 183 183 184 187 135 133 4 6 5 1 2 6 0 2 6 4 2 2 3 3 44 46 45 50 52 48 48 50 52 52 45 50 44 49 42 45 48 46 44 44 45 43 42 45 42 40 45 40 41 44 43 41 40 37 62 58 64 64 53 58 58 58 131 135 132 132 133 136 131 135 137 90 87 89 91 88 193 192 194 192 196 186 188 
173 176 172 172 171 172 174 172 179 175 173 173 179 176 176 187 186 184 184 185 188 133 131 2 5 4 1 4 5 2 0 4 3 4 4 1 3 46 48 47 52 53 50 49 51 53 54 47 52 45 51 44 47 50 48 42 42 43 41 40 43 40 38 43 38 39 42 41 39 38 35 64 60 66 65 54 59 60 59 133 137 134 134 135 138 133 137 139 92 89 91 93 90 192 191 193 191 195 185 186 
177 180 176 176 176 176 178 176 184 179 177 177 183 180 180 191 190 189 189 190 193 129 127 2 7 2 5 8 1 6 4 0 3 8 8 4 3 47 49 47 53 54 51 50 52 54 55 47 53 46 51 45 48 50 48 39 40 40 38 38 41 37 35 41 35 37 39 38 37 36 34 68 64 70 70 58 64 64 63 137 141 138 138 139 142 137 141 143 96 93 95 97 94 193 192 194 192 196 186 188 
175 178 175 175 174 175 177 175 182 178 176 175 182 179 179 189 188 187 186 188 190 132 130 2 7 2 3 5 3 4 3 3 0 5 6 2 0 44 46 45 50 51 48 48 49 51 52 45 50 44 49 42 45 48 46 42 43 43 41 41 44 40 39 44 38 40 43 42 40 39 36 66 62 68 68 56 62 62 61 134 138 135 135 136 140 134 138 140 94 91 92 95 92 194 193 196 194 198 188 189 
170 173 170 170 169 170 172 170 177 173 170 170 177 174 174 183 183 181 181 182 185 136 134 6 7 7 3 0 8 2 4 8 5 0 0 4 5 44 45 45 49 51 48 47 49 51 52 44 50 43 48 42 44 48 45 45 46 46 44 43 46 43 41 46 41 43 45 44 43 41 38 60 56 62 62 51 56 57 56 129 133 130 130 131 134 129 133 135 89 86 87 90 86 193 192 194 192 196 186 187 
170 173 170 170 169 170 172 170 177 172 170 170 177 174 173 183 183 181 181 182 185 136 134 6 7 7 3 1 8 2 4 8 6 0 0 4 5 44 46 46 50 52 48 47 50 52 52 45 50 43 48 42 45 48 46 45 45 46 44 43 46 43 41 46 41 42 45 44 42 41 38 60 56 62 62 51 56 57 56 129 133 130 130 131 134 129 133 135 89 86 87 90 86 193 192 194 192 195 186 187 
173 176 173 173 172 173 175 173 180 176 174 173 180 177 177 187 187 185 185 186 189 132 130 1 5 3 1 4 4 3 1 4 2 4 4 0 2 46 48 47 52 53 50 49 51 53 54 46 52 45 50 44 47 50 47 41 42 42 40 40 43 39 38 43 37 39 42 40 39 38 35 64 60 66 66 55 60 61 60 133 137 135 134 135 139 133 137 139 93 90 91 94 91 192 191 193 192 195 185 187 
175 178 175 175 174 175 177 175 182 177 175 175 182 179 178 188 188 186 186 187 190 132 130 2 7 2 2 5 3 3 3 3 0 5 5 2 0 44 46 45 50 51 48 48 49 51 52 45 50 44 49 42 45 48 46 43 44 44 42 41 44 41 39 44 39 40 43 42 40 39 37 65 61 67 67 56 61 62 61 134 138 135 135 136 139 134 138 140 94 91 92 94 91 194 193 196 194 197 188 189 
189 191 188 188 188 189 191 187 195 190 188 188 194 192 192 184 184 183 183 183 186 165 164 46 50 45 45 43 46 44 46 47 44 44 44 46 44 0 2 7 6 7 4 4 8 9 9 1 7 1 5 2 1 8 2 85 87 87 85 85 88 84 81 87 81 84 86 85 83 83 80 70 69 73 72 64 67 68 69 123 125 122 121 124 127 122 125 126 93 88 88 90 89 235 234 236 233 237 228 229 
190 192 190 189 190 190 192 189 196 191 189 189 196 194 193 185 185 184 183 184 187 166 165 48 52 47 46 45 48 46 48 49 46 45 46 48 46 2 0 6 4 6 3 3 6 7 7 1 5 3 3 4 2 6 1 87 89 88 86 86 90 85 83 89 83 86 87 86 84 85 82 72 71 75 74 66 68 69 71 123 126 123 122 125 127 122 125 126 94 89 89 91 90 237 236 237 235 239 230 231 
195 197 194 194 194 195 197 194 201 196 194 194 201 199 198 191 191 190 189 190 193 161 161 47 52 45 46 45 47 45 47 47 45 45 46 47 45 7 6 0 9 9 8 9 4 7 8 6 7 7 9 6 7 3 5 85 87 86 84 85 88 84 81 87 81 84 85 84 82 83 80 77 75 79 79 70 73 74 75 129 132 129 128 131 133 128 131 132 99 94 95 96 96 238 237 239 236 240 231 232 
191 193 191 190 191 191 193 190 197 192 190 190 197 195 194 184 185 184 183 183 187 170 169 52 56 51 50 49 52 50 52 53 50 49 50 52 50 6 4 9 0 2 2 3 6 6 4 5 3 6 2 8 5 8 4 91 93 92 90 90 94 89 87 93 87 90 91 90 88 89 86 73 72 76 75 68 70 71 72 122 125 122 121 124 126 121 124 125 94 89 89 91 91 240 239 241 239 243 233 234 
193 195 193 192 193 193 195 192 199 194 192 192 199 197 196 186 186 185 184 185 188 170 170 54 58 52 52 51 54 52 53 54 51 51 52 53 51 7 6 9 2 0 3 5 5 5 3 7 2 8 4 10 7 7 6 92 94 94 92 92 95 91 88 94 88 91 93 92 90 90 88 75 74 78 77 70 72 72 74 124 126 123 122 125 127 122 125 126 96 91 91 92 92 242 241 243 241 245 235 237 
191 192 190 190 190 191 192 189 197 192 190 190 196 194 194 184 185 184 183 183 187 168 168 51 55 49 49 48 50 48 50 51 48 48 48 50 48 4 3 8 2 3 0 2 6 6 5 4 3 5 1 6 3 7 3 89 91 91 89 89 92 88 86 91 86 88 90 89 87 87 85 72 72 75 74 67 69 70 72 122 125 122 121 124 126 121 124 125 94 89 89 91 90 239 238 240 237 241 232 233 
189 190 188 188 188 189 191 187 195 190 188 188 194 192 192 182 183 182 181 181 185 169 168 50 54 49 48 47 50 48 49 50 48 47 47 49 48 4 3 9 3 5 2 0 8 8 7 4 5 4 1 6 3 9 4 89 91 90 88 88 92 88 85 91 85 88 89 88 87 87 84 71 70 73 72 65 67 68 70 121 123 120 119 122 125 120 122 124 92 87 87 89 88 238 237 238 236 240 230 232 
196 198 196 195 196 196 198 195 202 197 195 196 202 200 199 190 191 190 189 189 193 165 165 51 56 50 50 49 51 50 51 52 49 49 50 51 49 8 6 4 6 5 6 8 0 2 4 7 3 9 7 9 8 2 5 89 91 90 88 89 93 88 85 91 85 88 89 89 87 87 85 78 77 81 80 72 75 75 77 128 131 128 127 130 132 127 130 131 100 95 95 97 96 242 241 242 240 244 234 236 
197 199 196 196 196 197 199 195 203 198 196 196 203 200 200 190 190 190 189 189 193 167 167 53 58 52 52 51 53 52 53 54 51 51 52 53 51 9 7 7 6 5 6 8 2 0 2 8 3 10 7 10 9 4 7 91 93 93 91 91 95 90 87 93 87 90 92 91 89 89 87 79 78 81 81 73 75 76 78 128 130 128 126 130 132 127 130 131 100 95 95 97 96 243 242 244 242 246 236 238 
196 197 195 195 195 196 198 194 202 197 195 195 201 199 199 188 189 188 187 187 191 169 169 54 58 53 53 52 54 52 54 55 52 52 52 54 52 9 7 8 4 3 5 7 4 2 0 8 2 10 6 11 8 6 7 92 94 94 92 92 96 91 88 95 89 91 93 92 90 90 88 78 77 80 79 72 74 75 77 126 128 126 124 128 130 125 128 129 99 93 93 95 95 244 243 244 242 246 236 238 
190 191 189 189 189 189 191 188 196 190 189 189 195 193 192 184 185 184 183 183 187 165 165 47 51 46 45 44 47 45 47 47 45 44 45 46 45 1 1 6 5 7 4 4 7 8 8 0 6 2 4 3 1 7 1 86 88 87 85 85 89 84 82 88 82 85 86 85 83 84 81 71 70 74 73 65 68 68 70 123 126 123 122 125 127 122 125 126 93 88 88 90 90 236 235 236 234 238 228 230 
194 196 194 193 194 194 196 193 200 195 193 193 200 198 197 187 188 187 186 186 190 168 168 52 57 51 51 50 52 50 52 53 50 50 50 52 50 7 5 7 3 2 3 5 3 3 2 6 0 7 5 8 6 5 5 91 93 92 90 90 94 89 87 93 87 90 91 90 88 89 86 76 75 79 78 70 73 73 75 125 128 125 124 127 129 124 127 128 97 92 92 94 94 242 241 242 240 244 234 236 
188 190 187 187 187 188 190 187 194 189 187 187 194 191 191 183 184 183 182 182 186 165 164 46 50 44 44 43 46 44 45 46 44 43 43 45 44 1 3 7 6 8 5 4 9 10 10 2 7 0 5 2 2 8 3 85 87 86 84 84 88 83 81 87 81 83 85 84 82 82 80 70 68 72 72 64 66 67 68 122 125 122 121 124 126 121 124 125 92 87 87 89 89 234 233 235 233 237 227 228 
190 191 189 189 189 189 191 188 196 190 189 189 195 193 193 183 183 183 182 182 185 169 169 51 55 50 49 48 51 49 51 51 49 48 48 50 49 5 3 9 2 4 1 1 7 7 6 4 5 5 0 7 4 8 4 90 92 91 89 89 93 88 86 92 86 89 90 89 87 88 85 71 71 74 73 66 68 69 71 121 124 121 119 123 125 120 123 124 93 87 87 89 89 239 238 239 237 241 231 233 
189 190 188 188 188 188 190 187 195 190 188 188 194 192 192 185 185 184 183 184 187 163 162 44 48 43 42 41 44 42 44 45 42 42 42 44 42 2 4 6 8 10 6 6 9 10 11 3 8 2 7 0 3 8 4 83 85 84 82 82 86 82 79 85 79 82 83 82 81 81 78 70 69 73 72 64 67 67 69 124 126 123 122 125 128 123 126 127 93 88 88 90 90 233 232 234 232 236 226 227 
189 190 188 188 188 188 190 187 194 189 187 188 194 192 191 183 183 183 182 182 186 166 166 47 51 46 46 44 47 45 47 48 45 44 45 47 45 1 2 7 5 7 3 3 8 9 8 1 6 2 4 3 0 8 2 86 88 88 86 86 89 85 82 88 82 85 87 86 84 84 81 70 69 73 72 64 67 67 69 122 124 122 120 123 126 121 124 125 92 87 87 89 89 236 235 236 234 238 228 230 
197 198 196 196 196 196 198 195 203 197 196 196 202 200 199 191 191 191 190 190 194 163 163 50 54 48 49 48 50 48 50 50 48 48 48 50 48 8 6 3 8 7 7 9 2 4 6 7 5 8 8 8 8 0 6 88 90 89 87 87 91 86 84 90 84 87 88 87 85 86 83 78 77 81 80 72 75 75 77 129 132 129 128 131 133 128 131 132 100 95 95 97 97 240 239 241 239 243 233 235 
191 193 190 190 190 191 193 189 197 192 190 190 197 194 194 186 186 185 184 185 188 165 165 48 52 46 46 45 48 46 48 48 46 45 46 47 46 2 1 5 4 6 3 4 5 7 7 1 5 3 4 4 2 6 0 87 88 88 86 86 90 85 83 89 83 85 87 86 84 84 82 73 71 75 74 67 69 70 71 124 127 124 123 126 128 123 126 127 95 90 90 92 91 237 236 238 235 240 230 231 
186 190 186 187 185 186 188 187 194 190 187 187 193 190 190 214 213 211 211 213 215 97 94 41 39 41 43 45 40 44 42 39 42 45 45 41 43 85 87 85 91 92 89 89 89 91 92 86 91 85 90 83 86 88 87 0 5 2 2 5 8 3 4 4 4 5 1 2 3 6 9 95 90 97 97 86 92 92 90 167 171 168 168 168 172 167 171 173 123 122 123 126 122 167 166 170 169 171 161 163 
182 186 181 182 180 182 183 182 189 185 183 182 189 185 185 211 210 207 208 210 212 100 96 41 39 42 44 46 41 44 42 40 43 46 45 42 44 87 89 87 93 94 91 91 91 93 94 88 93 87 92 85 88 90 88 5 0 4 4 2 3 4 8 1 7 3 5 4 6 4 7 93 88 94 94 83 89 90 87 164 169 166 166 166 170 165 169 171 120 119 121 124 119 162 161 165 164 167 157 158 
185 189 185 186 184 185 187 186 193 189 186 186 192 189 189 214 213 211 211 213 215 97 94 41 39 42 44 46 41 45 43 40 43 46 46 42 44 87 88 86 92 94 91 90 90 93 94 87 92 86 91 84 88 89 88 2 4 0 2 4 7 3 5 3 5 5 1 2 4 6 9 95 90 96 97 86 91 92 90 166 171 168 168 168 172 167 171 173 123 121 123 126 122 165 164 168 167 170 160 161 
185 189 184 185 183 185 186 185 192 188 186 185 192 188 188 213 211 209 210 211 214 98 95 39 37 40 42 44 39 43 41 38 41 44 44 40 42 85 86 84 90 92 89 88 88 91 92 85 90 84 89 82 86 87 86 2 4 2 0 4 7 2 4 4 3 4 1 1 2 4 7 94 89 95 95 84 90 90 88 165 169 167 167 167 170 165 170 172 121 120 122 124 120 167 165 169 168 171 161 162 
181 185 181 181 180 181 183 182 188 184 182 182 188 185 184 209 208 206 206 208 211 101 98 39 37 40 41 44 39 42 40 38 41 43 43 40 41 85 86 85 90 92 89 88 89 91 92 85 90 84 89 82 86 87 86 5 2 4 4 0 4 2 6 3 6 1 5 3 5 2 5 91 86 92 92 82 87 88 85 162 167 164 164 164 168 163 167 169 118 117 119 122 117 164 163 166 165 168 158 160 
179 183 178 179 177 179 181 180 186 182 180 180 186 182 182 209 208 205 206 208 210 102 98 42 39 43 44 46 42 45 43 41 44 46 46 43 44 88 90 88 94 95 92 92 93 95 96 89 94 88 93 86 89 91 90 8 3 7 7 4 0 7 10 4 10 5 8 7 9 6 8 91 87 93 93 82 88 88 86 163 167 165 165 165 168 163 168 170 119 118 120 122 118 160 159 162 161 164 154 156 
183 187 183 184 182 183 185 184 191 186 184 184 190 187 187 211 210 208 208 210 212 100 97 38 36 39 41 43 38 42 40 37 40 43 43 39 41 84 85 84 89 91 88 88 88 90 91 84 89 83 88 82 85 86 85 3 4 3 2 2 7 0 4 4 3 2 3 1 3 3 6 92 87 93 93 83 88 89 87 163 168 165 165 165 169 164 168 170 120 118 120 123 119 166 165 169 167 170 160 162 
186 190 185 186 184 186 188 186 193 189 187 186 193 189 189 212 211 209 209 211 214 99 96 37 35 37 39 42 36 40 38 35 39 41 41 38 39 81 83 81 87 88 86 85 85 87 88 82 87 81 86 79 82 84 83 4 8 5 4 6 10 4 0 7 1 6 4 4 1 6 7 93 88 94 94 83 89 89 87 164 168 166 166 166 169 164 169 171 120 119 121 123 119 170 169 173 171 174 164 166 
183 187 182 183 181 183 185 184 190 186 184 184 190 186 186 212 211 209 209 211 213 99 95 42 39 43 44 46 41 45 43 41 44 46 46 43 44 87 89 87 93 94 91 91 91 93 95 88 93 87 92 85 88 90 89 4 1 3 4 3 4 4 7 0 7 4 4 3 6 5 8 94 89 95 95 84 90 90 88 165 169 167 167 167 171 166 170 172 121 120 122 125 120 163 162 166 164 167 157 159 
185 189 184 185 183 185 187 185 192 188 186 186 192 188 188 212 211 208 209 210 213 100 97 36 35 37 39 41 36 40 38 35 38 41 41 37 39 81 83 81 87 88 86 85 85 87 89 82 87 81 86 79 82 84 83 4 7 5 3 6 10 3 1 7 0 5 4 4 2 5 7 92 87 93 93 82 88 89 86 163 168 165 165 165 169 164 168 170 120 118 120 123 119 169 168 172 171 173 164 165 
181 185 181 181 180 181 183 182 188 184 182 182 188 184 184 209 208 206 206 208 210 102 99 38 36 39 40 43 38 41 39 37 40 43 42 39 40 84 86 84 90 91 88 88 88 90 91 85 90 83 89 82 85 87 85 5 3 5 4 1 5 2 6 4 5 0 5 3 5 1 4 90 86 92 92 81 87 87 85 162 166 164 164 164 167 162 167 169 118 117 119 121 117 165 163 167 166 169 159 160 
186 190 185 186 184 186 188 186 193 189 187 187 193 189 189 214 213 211 211 213 215 97 94 41 39 41 43 45 40 44 42 39 43 45 45 42 43 86 87 85 91 93 90 89 89 92 93 86 91 85 90 83 87 88 87 1 5 1 1 5 8 3 4 4 4 5 0 2 3 6 9 95 90 96 96 85 91 92 89 166 171 168 168 168 172 167 171 173 123 121 123 126 121 167 165 169 168 171 161 162 
184 188 184 185 183 184 186 185 192 187 185 185 191 188 188 212 211 209 209 211 213 99 96 40 37 40 42 44 39 43 41 38 42 44 44 40 42 85 86 84 90 92 89 88 89 91 92 85 90 84 89 82 86 87 86 2 4 2 1 3 7 1 4 3 4 3 2 0 3 4 7 93 88 95 95 84 90 90 88 165 169 166 167 167 170 165 169 171 121 120 122 124 120 166 165 169 167 170 160 162 
186 190 185 186 184 186 187 186 193 189 187 186 193 189 189 213 212 210 210 212 214 98 96 38 36 39 40 43 37 41 39 37 40 43 42 39 40 83 84 82 88 90 87 87 87 89 90 83 88 82 87 81 84 85 84 3 6 4 2 5 9 3 1 6 2 5 3 3 0 5 7 93 89 95 95 84 90 90 88 165 169 166 166 167 170 165 169 171 121 120 122 124 120 169 168 171 170 173 163 165 
180 184 180 181 179 180 182 181 188 184 182 181 187 184 184 208 207 205 205 207 209 103 99 37 35 38 39 42 37 40 38 36 39 41 41 38 39 83 85 83 89 90 87 87 87 89 90 84 89 82 88 81 84 86 84 6 4 6 4 2 6 3 6 5 5 1 6 4 5 0 3 90 85 91 91 80 86 86 84 161 165 163 163 163 166 161 166 168 117 116 118 120 116 165 164 168 166 169 159 161 
178 182 178 179 177 178 180 179 186 182 179 179 185 182 182 205 204 202 202 204 207 106 103 34 32 35 36 39 34 37 35 34 36 38 38 35 37 80 82 80 86 88 85 84 85 87 88 81 86 80 85 78 81 83 82 9 7 9 7 5 8 6 7 8 7 4 9 7 7 3 0 86 82 88 88 77 83 83 81 158 162 159 160 160 163 158 163 165 114 113 115 117 113 166 165 168 167 170 160 162 
118 120 118 117 118 118 120 117 124 119 117 118 124 122 121 123 123 121 121 122 125 192 189 66 63 67 63 60 68 62 64 68 66 60 60 64 65 70 72 77 73 75 72 71 78 79 78 71 76 70 71 70 70 78 73 95 93 95 94 91 91 92 93 94 92 90 95 93 93 90 86 0 5 3 2 10 4 4 6 71 76 73 73 73 77 72 76 78 28 26 28 31 27 191 190 189 187 192 183 184 
120 122 119 119 119 120 122 119 126 121 119 119 126 123 123 127 127 125 125 126 129 187 184 62 59 63 59 56 64 58 60 64 62 56 56 60 61 69 71 75 72 74 72 70 77 78 77 70 75 68 71 69 69 77 71 90 88 90 89 86 87 87 88 89 87 86 90 88 89 85 82 5 0 6 6 6 3 3 1 76 81 78 78 78 82 77 81 83 33 31 33 36 31 187 187 186 183 188 179 181 
116 117 115 115 115 115 117 114 122 117 115 115 121 119 119 121 120 119 119 120 123 193 190 68 65 69 66 62 70 64 66 70 68 62 62 66 67 73 75 79 76 78 75 73 81 81 80 74 79 72 74 73 73 81 75 97 94 96 95 92 93 93 94 95 93 92 96 95 95 91 88 3 6 0 1 12 7 6 7 70 75 72 72 72 76 71 75 77 27 25 27 30 25 189 189 188 185 190 181 182 
117 118 116 116 116 116 118 115 123 118 116 116 122 120 119 121 121 119 119 120 123 193 190 67 65 69 65 62 70 64 65 70 68 62 62 66 67 72 74 79 75 77 74 72 80 81 79 73 78 72 73 72 72 80 74 97 94 97 95 92 93 93 94 95 93 92 96 95 95 91 88 2 6 1 0 11 6 5 7 70 74 72 72 72 75 70 75 77 27 25 27 29 25 190 190 189 186 191 182 183 
125 127 125 124 124 125 127 124 131 126 124 125 131 129 128 133 132 130 130 131 134 182 179 56 54 58 54 51 59 53 54 58 56 51 51 55 56 64 66 70 68 70 67 65 72 73 72 65 70 64 66 64 64 72 67 86 83 86 84 82 82 83 83 84 82 81 85 84 84 80 77 10 6 12 11 0 6 6 5 81 85 83 83 83 86 81 86 88 38 36 38 40 36 188 188 187 184 189 180 181 
122 124 121 121 121 122 124 121 128 123 121 121 128 125 125 127 127 125 125 126 129 188 185 62 59 63 59 56 64 58 59 64 62 56 56 60 61 67 68 73 70 72 69 67 75 75 74 68 73 66 68 67 67 75 69 92 89 91 90 87 88 88 89 90 88 87 91 90 90 86 83 4 3 7 6 6 0 1 4 75 79 77 77 77 81 75 80 82 32 30 32 34 31 191 190 190 187 192 183 184 
121 123 121 120 121 121 123 120 127 122 120 121 127 125 124 127 126 125 124 125 128 188 186 62 60 64 60 57 64 58 60 64 62 57 57 61 62 68 69 74 71 72 70 68 75 76 75 68 73 67 69 67 67 75 70 92 90 92 90 88 88 89 89 90 89 87 92 90 90 86 83 4 3 6 5 6 1 0 4 75 79 76 77 77 80 75 79 82 32 30 32 34 30 190 190 189 186 191 182 183 
120 122 119 119 119 120 122 119 126 121 119 119 126 123 123 128 127 125 125 126 129 186 183 61 58 63 59 56 64 58 59 63 61 56 56 60 61 69 71 75 72 74 72 70 77 78 77 70 75 68 71 69 69 77 71 90 87 90 88 85 86 87 87 88 86 85 89 88 88 84 81 6 1 7 7 5 4 4 0 77 81 79 79 79 82 77 82 84 33 32 34 36 32 187 186 186 183 188 179 180 
103 100 102 100 103 102 103 98 105 100 99 100 104 105 104 63 64 65 63 62 66 263 260 135 133 136 132 129 137 131 133 137 134 129 129 133 134 123 123 129 122 124 122 121 128 128 126 123 125 122 121 124 122 129 124 167 164 166 165 162 163 163 164 165 163 162 166 165 165 161 158 71 76 70 70 81 75 75 77 0 5 4 7 2 6 3 7 9 45 45 43 41 45 234 234 231 227 233 225 226 
106 103 105 103 106 105 107 101 107 103 102 103 107 108 107 63 64 64 63 62 66 267 265 139 137 140 136 133 141 135 137 141 138 133 133 137 138 125 126 132 125 126 125 123 131 130 128 126 128 125 124 126 124 132 127 171 169 171 169 167 167 168 168 169 168 166 171 169 169 165 162 76 81 75 74 85 79 79 81 5 0 3 5 3 2 4 2 4 49 49 47 45 50 239 239 236 232 238 230 231 
106 104 106 104 107 106 107 102 108 104 102 104 108 108 107 65 66 67 65 64 68 265 262 136 134 137 133 130 138 132 134 138 135 130 130 135 135 122 123 129 122 123 122 120 128 128 126 123 125 122 121 123 122 129 124 168 166 168 167 164 165 165 166 167 165 164 168 166 166 163 159 73 78 72 72 83 77 76 79 4 3 0 3 3 4 1 3 6 47 47 45 42 47 238 238 234 231 237 229 230 
109 107 108 106 110 109 110 105 111 106 105 106 111 111 110 67 68 69 67 66 70 265 262 136 134 137 133 130 138 132 134 138 135 130 130 134 135 121 122 128 121 122 121 119 127 126 124 122 124 121 119 122 120 128 123 168 166 168 167 164 165 165 166 167 165 164 168 167 166 163 160 73 78 72 72 83 77 77 79 7 5 3 0 6 6 4 3 5 48 47 45 43 48 240 240 237 233 239 231 232 
103 101 102 100 103 102 104 99 105 100 99 100 105 105 104 62 63 64 62 61 65 265 262 137 135 138 134 131 139 133 135 139 136 131 131 135 136 124 125 131 124 125 124 122 130 130 128 125 127 124 123 125 123 131 126 168 166 168 167 164 165 165 166 167 165 164 168 167 167 163 160 73 78 72 72 83 77 77 79 2 3 3 6 0 4 3 6 8 46 47 45 42 47 236 236 232 229 234 227 228 
105 102 104 102 105 104 106 100 106 102 101 102 106 107 106 61 62 63 61 60 64 268 266 140 138 141 138 134 142 136 138 142 140 134 134 139 139 127 127 133 126 127 126 125 132 132 130 127 129 126 125 128 126 133 128 172 170 172 170 168 168 169 169 171 169 167 172 170 170 166 163 77 82 76 75 86 81 80 82 6 2 4 6 4 0 5 3 5 50 51 49 46 51 239 239 236 232 238 230 231 
106 103 105 103 106 105 106 101 108 103 102 103 107 107 107 65 66 67 65 64 68 263 261 135 133 136 132 129 137 131 133 137 134 129 129 133 134 122 122 128 121 122 121 120 127 127 125 122 124 121 120 123 121 128 123 167 165 167 165 163 163 164 164 166 164 162 167 165 165 161 158 72 77 71 70 81 75 75 77 3 4 1 4 3 5 0 5 7 45 46 44 41 46 237 236 233 230 235 228 229 
108 106 107 105 109 107 109 104 110 105 104 105 110 110 109 64 66 66 64 63 67 268 265 139 137 140 136 133 141 135 137 141 138 133 133 137 138 125 125 131 124 125 124 122 130 130 128 125 127 124 123 126 124 131 126 171 169 171 170 167 168 168 169 170 168 167 171 169 169 166 163 76 81 75 75 86 80 79 82 7 2 3 3 6 3 5 0 2 50 50 48 46 50 241 241 237 234 240 232 233 
109 107 109 107 110 109 110 105 111 106 105 107 111 111 110 64 65 66 64 63 67 270 267 141 139 142 138 135 143 137 139 143 140 135 135 139 140 126 126 132 125 126 125 124 131 131 129 126 128 125 124 127 125 132 127 173 171 173 172 169 170 170 171 172 170 169 173 171 171 168 165 78 83 77 77 88 82 82 84 9 4 6 5 8 5 7 2 0 52 52 50 48 52 243 243 240 236 242 234 235 
100 101 99 98 100 100 102 98 105 100 98 99 105 103 102 95 95 93 93 94 97 220 217 94 92 96 92 89 96 90 92 96 94 89 89 93 94 93 94 99 94 96 94 92 100 100 99 93 97 92 93 93 92 100 95 123 120 123 121 118 119 120 120 121 120 118 123 121 121 117 114 28 33 27 27 38 32 32 33 45 49 47 48 46 50 45 50 52 0 6 8 8 4 200 199 197 194 199 191 192 
106 106 105 104 106 106 108 104 111 106 104 105 111 109 108 99 98 97 97 97 101 218 215 91 89 93 89 86 93 87 89 93 91 86 86 90 91 88 89 94 89 91 89 87 95 95 93 88 92 87 87 88 87 95 90 122 119 121 120 117 118 118 119 120 118 117 121 120 120 116 113 26 31 25 25 36 30 30 32 45 49 47 47 47 51 46 50 52 6 0 3 5 2 204 204 201 198 204 195 196 
107 107 106 105 107 107 109 104 112 107 105 105 112 110 109 98 98 96 96 97 100 220 217 93 91 94 90 87 95 89 91 95 92 87 87 91 92 88 89 95 89 91 89 87 95 95 93 88 92 87 87 88 87 95 90 123 121 123 122 119 120 120 121 122 120 119 123 122 122 118 115 28 33 27 27 38 32 32 34 43 47 45 45 45 49 44 48 50 8 3 0 3 4 206 206 204 201 206 198 199 
106 106 105 104 106 106 108 103 111 106 104 105 111 109 108 95 95 94 94 94 98 222 220 95 93 97 93 90 97 91 93 97 95 90 90 94 94 90 91 96 91 92 91 89 97 97 95 90 94 89 89 90 89 97 92 126 124 126 124 122 122 123 123 125 123 121 126 124 124 120 117 31 36 30 29 40 34 34 36 41 45 42 43 42 46 41 46 48 8 5 3 0 6 208 207 205 202 207 199 200 
104 105 103 102 104 104 106 102 109 104 102 103 109 107 106 98 97 96 95 96 99 218 216 92 90 93 90 86 94 88 90 94 92 86 86 91 91 89 90 96 91 92 90 88 96 96 95 90 94 89 89 90 89 97 91 122 119 122 120 117 118 119 119 120 119 117 121 120 120 116 113 27 31 25 25 36 31 30 32 45 50 47 48 47 51 46 50 52 4 2 4 6 0 202 202 200 197 202 194 195 
166 173 167 170 165 167 168 171 172 172 171 170 172 168 169 239 236 232 234 238 237 201 195 192 187 194 193 193 193 193 192 193 194 193 193 192 194 235 237 238 240 242 239 238 242 243 244 236 242 234 239 233 236 240 237 167 162 165 167 164 160 166 170 163 169 165 167 166 169 165 166 191 187 189 190 188 191 190 187 234 239 238 240 236 239 237 241 243 200 204 206 208 202 0 2 8 11 7 9 8 
167 173 168 170 165 168 168 172 173 173 172 171 173 169 170 239 236 233 235 238 238 200 193 191 186 193 192 192 192 192 191 192 193 192 192 191 193 234 236 237 239 241 238 237 241 242 243 235 241 233 238 232 235 239 236 166 161 164 165 163 159 165 169 162 168 163 165 165 168 164 165 190 187 189 190 188 190 190 186 234 239 238 240 236 239 236 241 243 199 204 206 207 202 2 0 10 13 9 9 9 
161 167 161 164 159 161 162 165 166 167 165 164 166 162 163 234 231 227 229 233 232 207 201 194 188 196 194 194 195 194 193 194 196 194 194 193 196 236 237 239 241 243 240 238 242 244 244 236 242 235 239 234 236 241 238 170 165 168 169 166 162 169 173 166 172 167 169 169 171 168 168 189 186 188 189 187 190 189 186 231 236 234 237 232 236 233 237 240 197 201 204 205 200 8 10 0 4 2 8 7 
157 163 157 160 155 157 158 162 163 163 162 160 162 158 159 230 227 223 225 229 228 208 201 192 186 194 192 192 193 192 191 192 194 192 192 192 194 233 235 236 239 241 237 236 240 242 242 234 240 233 237 232 234 239 235 169 164 167 168 165 161 167 171 164 171 166 168 167 170 166 167 187 183 185 186 184 187 186 183 227 232 231 233 229 232 230 234 236 194 198 201 202 197 11 13 4 0 6 8 7 
163 169 163 166 161 163 164 167 168 169 168 166 168 164 165 236 233 229 231 235 234 208 201 195 190 198 196 196 197 196 195 196 198 196 195 195 197 237 239 240 243 245 241 240 244 246 246 238 244 237 241 236 238 243 240 171 167 170 171 168 164 170 174 167 173 169 171 170 173 169 170 192 188 190 191 189 192 191 188 233 238 237 239 234 238 235 240 242 199 204 206 207 202 7 9 2 6 0 10 8 
158 164 159 161 156 159 159 163 164 164 163 162 164 160 161 230 227 224 226 229 229 200 193 185 180 188 186 186 187 186 185 186 188 186 186 185 188 228 230 231 233 235 232 230 234 236 236 228 234 227 231 226 228 233 230 161 157 160 161 158 154 160 164 157 164 159 161 160 163 159 160 183 179 181 182 180 183 182 179 225 230 229 231 227 230 228 232 234 191 195 198 199 194 9 9 8 8 10 0 2 
159 165 159 162 157 159 160 163 165 165 163 162 164 160 161 231 228 224 226 230 229 201 195 187 182 189 188 188 188 188 186 188 189 187 187 187 189 229 231 232 234 237 233 232 236 238 238 230 236 228 233 227 230 235 231 163 158 161 162 160 156 162 166 159 165 160 162 162 165 161 162 184 181 182 183 181 184 183 180 226 231 230 232 228 231 229 233 235 192 196 199 200 195 8 9 7 7 8 2 0 
0 0 0 0 2 38 21 0 0 0 0 0 0 0 0 0 97 0 0 61 37 0 0 0 0 0 0 0 0 0 0 0 54 0 0 0 0 0 0 0 58 0 0 30 0 0 0 0 5 0 1 0 0 33 0 0 52 0 0 0 28 0 0 0 0 0 21 0 0 0 0 0 0 0 0 0 21 0 0 0 0 0 0 0 0 0 33 0 79 0 0 19 0 0 0 0 0 0 0 0 
0 0 0 0 65 0 78 0 0 0 0 0 67 0 0 80 37 16 34 17 70 50 0 1 53 28 12 67 0 1 1 0 0 66 0 1 0 0 72 14 72 2 68 80 0 85 6 0 1 30 0 5 94 12 0 0 6 0 39 0 16 48 5 0 0 0 39 0 0 0 0 12 0 0 0 0 93 0 0 0 0 0 53 0 6 0 91 90 3 24 1 17 52 1 98 24 0 64 0 13 
0 0 0 32 0 0 0 59 27 0 73 0 0 0 0 0 0 0 0 0 0 0 23 0 7 2 3 0 0 0 1 0 0 1 0 0 0 0 0 0 0 1 0 0 0 0 0 0 0 0 0 0 0 0 0 0 0 0 0 85 0 0 0 1 0 0 0 27 88 0 88 4 22 97 0 45 0 0 0 33 0 0 55 0 0 1 0 0 0 0 0 0 0 0 70 0 0 0 63 53 
0 0 92 0 0 0 0 1 0 0 0 0 0 0 1 0 0 0 0 0 0 0 16 0 1 63 0 0 0 0 53 0 0 17 0 0 0 0 0 0 0 77 0 0 0 0 0 0 0 0 0 0 0 0 0 0 0 85 0 40 0 0 0 1 0 0 0 43 21 0 81 0 0 95 0 77 0 0 0 6 2 0 1 0 0 70 0 0 0 0 0 0 0 0 0 0 0 0 9 68 
1 29 0 0 0 27 40 0 0 0 0 0 1 0 0 17 6 78 0 37 0 92 0 1 0 0 0 62 30 50 0 0 91 0 0 32 0 0 0 1 91 0 0 19 0 1 1 0 1 69 27 49 88 30 0 0 2 0 93 0 32 8 0 0 21 0 19 0 0 0 0 0 0 0 0 0 0 0 0 0 0 4 0 2 27 0 0 51 72 65 50 0 0 0 0 1 0 5 0 0 
85 0 0 0 7 0 0 0 0 0 0 0 0 0 0 0 1 86 0 1 0 0 0 46 0 0 0 20 0 96 0 0 1 0 0 76 0 0 0 32 12 0 0 88 0 0 37 0 86 0 3 0 3 0 0 0 0 0 0 0 0 0 0 0 20 0 0 0 0 0 0 0 0 0 0 0 0 0 0 0 0 65 0 65 0 0 0 1 37 7 0 0 0 0 0 83 0 4 0 0 
62 47 0 0 12 0 0 0 0 0 0 0 3 0 0 10 22 5 1 26 98 9 0 86 0 0 7 1 0 0 13 0 10 1 0 29 0 0 95 23 28 63 0 20 0 92 9 0 73 0 21 2 1 47 0 0 65 0 78 0 14 52 0 0 0 0 1 0 0 0 0 3 0 0 0 0 1 0 0 0 0 0 1 0 0 0 1 0 35 56 44 4 2 0 21 0 0 0 0 29 
0 0 4 34 0 0 0 0 0 0 0 0 0 0 0 0 0 0 0 0 0 0 45 0 44 90 0 0 0 0 0 0 0 56 0 0 0 0 0 0 0 6 0 0 0 0 0 0 0 0 0 0 0 0 0 0 0 0 0 9 0 0 0 7 0 0 0 21 94 0 85 0 0 5 0 80 0 0 0 49 0 0 7 0 0 11 0 0 0 0 0 0 0 0 0 0 0 0 9 13 
0 0 34 0 0 0 0 0 0 62 94 95 0 0 0 0 0 0 95 0 0 0 0 0 0 0 46 0 0 0 40 0 0 0 44 0 69 36 1 0 0 1 0 0 65 11 0 0 0 0 0 0 0 0 81 0 0 0 0 0 0 0 0 58 0 0 0 0 1 0 82 67 73 0 61 0 0 0 0 0 0 0 72 0 0 13 0 0 0 0 0 56 10 0 6 0 63 0 7 0 
0 0 0 0 0 0 0 0 51 0 8 33 0 0 0 0 0 0 7 0 0 0 0 0 0 0 40 0 0 0 0 0 0 0 18 0 1 55 29 0 0 0 0 0 6 0 0 0 0 0 0 0 0 0 17 0 0 0 0 0 0 0 0 0 0 0 0 0 6 0 0 0 1 0 25 0 73 0 0 0 0 0 0 0 0 0 20 0 0 0 0 1 0 0 1 0 54 0 0 0 
0 0 86 0 0 0 0 0 22 51 0 37 0 0 0 0 0 0 34 0 0 0 0 0 0 0 1 0 0 0 1 0 0 0 3 0 43 16 56 0 0 24 0 0 75 2 0 0 0 0 0 0 0 0 44 0 0 0 59 0 0 0 0 24 0 0 0 0 1 0 78 39 6 0 35 0 62 0 0 0 0 0 98 0 0 4 90 0 0 0 0 65 21 0 44 0 42 0 69 60 
0 0 0 0 0 0 0 0 53 63 98 0 0 0 0 0 0 0 1 0 76 0 0 0 0 0 2 0 0 0 9 0 0 0 16 0 8 11 16 0 0 41 0 0 57 29 0 0 0 0 0 0 0 0 39 0 1 0 0 0 0 0 0 4 0 0 0 0 22 0 99 27 1 0 48 0 39 0 0 0 0 0 0 0 0 0 54 0 0 0 0 59 1 0 16 0 85 0 0 0 
0 99 0 0 58 0 3 0 0 0 0 0 0 0 0 23 80 3 21 1 5 40 0 90 35 68 18 2 0 1 51 0 0 97 0 39 0 0 52 67 0 1 0 0 0 25 89 0 0 73 0 46 32 5 0 0 70 0 38 0 79 30 1 0 0 0 56 0 1 0 0 11 0 0 0 0 51 0 0 0 0 0 80 0 65 0 9 0 81 36 1 83 91 88 19 18 0 0 0 31 
0 0 0 0 0 0 0 0 0 0 0 0 0 0 88 56 0 21 0 0 0 22 0 10 0 1 0 11 90 36 0 50 0 0 0 2 0 0 0 52 0 0 28 0 0 0 0 9 0 87 0 0 1 0 0 2 0 4 0 1 0 0 1 0 14 2 0 0 0 12 0 0 0 0 0 0 0 6 38 0 6 0 0 0 3 0 0 27 0 48 46 0 0 64 0 9 0 93 0 0 
0 0 0 44 0 0 0 0 0 0 0 0 0 2 0 0 0 0 0 0 0 36 0 0 32 29 0 0 0 0 0 0 0 1 0 0 0 0 0 0 0 0 66 0 0 0 0 0 0 74 0 0 0 0 0 0 0 11 0 11 0 0 57 0 0 3 0 36 0 28 0 0 0 0 0 0 0 50 28 60 1 0 0 0 15 0 0 0 0 0 0 0 0 16 0 0 0 0 0 0 
0 7 0 0 1 0 19 0 0 0 0 0 1 1 0 0 3 49 0 5 0 36 0 54 1 37 0 60 0 97 61 0 0 49 0 3 0 0 0 1 36 1 25 0 0 51 11 0 32 1 0 24 30 16 0 1 0 21 14 7 38 65 1 0 89 0 95 0 0 4 0 83 0 0 0 0 0 7 4 0 0 0 43 0 5 0 0 31 56 34 86 0 73 9 0 4 0 4 0 84 
1 35 0 0 8 20 1 0 0 0 0 0 53 0 0 84 0 28 0 84 8 79 0 1 0 0 0 3 0 43 0 0 65 0 0 95 0 0 0 40 2 0 0 77 0 67 55 0 9 0 5 62 65 88 0 0 9 0 32 0 14 2 0 0 50 0 55 0 0 0 0 0 0 0 0 0 16 0 0 0 0 17 0 6 0 0 1 37 1 1 1 18 41 0 0 63 0 36 0 0 
0 9 0 0 1 6 3 0 0 0 0 0 73 36 0 60 9 0 0 77 0 45 0 46 0 82 0 3 4 85 0 0 0 38 0 75 0 0 0 96 27 0 1 42 0 0 24 49 76 31 0 1 7 0 0 30 0 0 93 0 30 13 15 0 78 12 38 0 0 1 0 0 0 0 0 0 0 27 94 0 0 29 0 18 77 0 0 24 0 92 32 0 0 2 0 19 0 65 0 1 
0 32 0 0 0 0 40 0 64 2 30 1 23 0 0 0 0 0 0 0 19 85 0 0 0 0 10 0 0 0 11 0 0 39 14 0 1 26 2 0 0 25 0 0 21 32 1 0 0 0 0 94 0 18 6 0 1 0 2 0 74 2 0 91 0 0 66 0 12 0 2 28 18 0 31 0 1 0 0 0 0 0 72 0 0 0 2 0 6 0 0 15 37 0 82 0 4 0 3 24 
3 77 0 0 14 3 49 0 0 0 0 0 23 0 0 17 11 10 0 0 0 1 0 6 0 0 0 47 5 34 0 0 5 0 0 1 0 0 0 20 1 0 0 73 0 0 24 0 1 49 64 1 71 5 0 0 0 0 0 0 79 86 0 0 63 0 3 0 0 0 0 0 0 0 0 0 0 0 0 0 0 24 0 35 65 0 0 1 44 1 63 0 0 0 0 2 0 1 0 0 
5 44 0 0 0 0 1 0 0 0 0 50 22 0 0 0 7 0 24 0 0 0 0 0 0 0 0 0 0 0 86 0 3 0 0 0 1 0 53 0 0 0 0 0 0 22 3 0 0 0 2 40 0 32 1 0 16 0 85 0 16 1 0 0 0 0 9 0 0 0 0 2 0 0 71 0 3 0 0 0 0 0 0 0 0 0 65 0 51 0 0 82 53 0 16 0 0 0 0 0 
0 1 0 0 81 0 7 0 0 0 0 0 4 20 4 84 5 41 1 1 0 0 0 63 48 7 0 62 0 76 2 0 0 55 0 24 0 0 0 36 0 1 7 0 0 36 7 0 0 47 0 1 4 0 0 32 0 1 99 1 22 1 1 0 0 0 46 66 0 72 0 6 0 0 0 0 0 93 36 0 34 0 50 0 15 0 0 41 0 4 66 0 19 32 0 48 0 1 0 16 
0 0 58 46 0 0 0 45 0 0 0 0 0 0 0 0 0 0 0 0 0 0 0 0 91 1 0 0 0 0 0 0 0 58 0 0 0 0 0 0 0 5 0 0 0 0 0 0 0 0 0 0 0 0 0 0 0 1 0 5 0 0 0 66 0 0 0 58 43 0 32 0 0 99 0 1 0 0 0 55 0 0 3 0 0 45 0 0 0 0 0 0 0 0 0 0 0 0 23 32 
0 48 0 0 1 99 2 0 0 0 0 0 91 1 0 41 21 41 0 1 0 37 0 0 0 7 0 15 85 14 0 0 0 0 0 6 0 0 0 37 42 0 43 1 0 0 88 1 33 37 0 53 74 0 0 21 0 0 4 0 16 2 91 0 24 0 22 0 0 52 0 0 0 0 0 0 0 25 0 0 0 8 0 70 49 0 0 99 74 8 38 0 0 1 0 7 0 4 0 0 
0 4 81 41 0 0 0 7 0 0 0 0 6 0 1 66 0 0 0 0 0 12 3 0 0 28 50 0 0 0 1 0 0 60 0 0 0 0 0 0 0 40 31 0 0 92 64 0 0 9 0 59 0 0 0 0 0 1 29 22 0 1 36 45 0 0 0 59 28 0 10 43 0 1 0 45 0 0 0 39 4 0 3 0 1 1 0 0 0 0 8 0 43 75 64 0 0 0 14 1 
0 53 44 11 0 0 0 29 0 0 0 0 1 88 19 18 0 2 0 0 0 1 2 44 1 0 0 2 0 8 13 0 0 25 0 81 0 0 0 27 0 66 14 0 0 1 19 0 0 14 0 52 49 0 0 0 0 95 3 1 9 18 1 0 0 0 0 74 0 98 0 41 0 0 0 0 0 1 95 36 65 0 66 0 65 0 0 0 0 63 49 0 10 5 0 0 0 0 1 69 
0 9 9 0 0 0 77 0 5 92 53 25 52 0 0 0 0 0 92 0 0 0 0 0 1 0 0 0 0 0 20 0 0 87 50 0 16 1 1 0 0 46 0 0 22 22 0 0 0 0 0 0 0 0 26 0 0 0 37 0 0 23 0 41 0 0 0 0 1 0 95 82 53 0 53 0 12 0 0 0 0 0 96 0 0 4 17 0 0 0 0 81 1 0 60 0 1 0 6 39 
0 14 0 0 24 17 37 0 0 0 0 0 50 85 0 1 1 60 0 39 0 3 0 9 0 13 0 0 13 5 0 0 0 1 0 4 0 0 0 77 1 0 83 91 0 0 1 14 54 32 0 73 3 0 0 2 0 0 16 0 52 50 42 0 36 60 50 0 0 1 0 0 0 0 0 0 0 50 11 0 0 19 0 68 34 0 0 58 0 1 1 0 0 1 0 39 0 84 0 31 
0 0 0 0 12 0 0 0 0 0 0 0 0 3 0 0 0 65 0 54 0 0 0 51 0 0 0 90 0 61 0 3 0 0 0 2 0 0 0 4 1 0 14 0 0 0 0 1 0 1 0 0 4 0 0 50 0 0 0 0 0 0 0 0 78 4 0 0 0 2 0 0 0 0 0 0 0 5 6 0 0 2 0 76 42 0 0 73 0 5 0 0 0 0 0 78 0 87 0 0 
0 78 0 0 38 69 0 0 0 0 0 0 67 8 0 86 69 18 0 77 0 8 0 3 0 1 0 97 35 0 0 84 0 0 0 98 0 0 0 21 35 0 54 8 0 0 5 34 1 51 0 53 6 0 0 8 0 0 0 0 2 62 42 0 44 39 0 0 0 12 0 0 0 0 0 0 0 35 31 0 0 2 0 41 1 0 0 8 0 70 61 0 0 97 0 9 0 57 0 0 
0 39 9 16 0 0 1 0 66 0 18 87 26 0 0 5 0 0 3 0 60 73 0 0 93 14 1 0 0 0 0 0 0 91 46 41 0 0 10 0 0 6 0 0 18 58 1 0 0 58 0 70 0 1 1 0 26 0 40 1 1 4 64 38 0 0 90 35 9 0 31 5 8 0 0 0 30 0 0 0 0 0 75 0 3 98 60 0 0 1 68 55 56 23 10 0 13 0 3 75 
0 0 0 0 0 0 0 0 0 0 0 0 0 87 0 0 0 0 0 0 0 0 0 0 0 0 0 0 57 97 0 0 0 0 0 0 0 0 0 0 0 0 23 0 0 0 0 2 0 0 0 0 0 0 0 12 0 0 0 0 0 0 0 0 0 63 0 0 0 33 0 0 0 0 0 0 0 12 2 0 0 0 0 0 0 0 0 89 0 0 0 0 0 0 0 0 0 0 0 0 
52 0 0 0 56 29 77 0 0 0 0 0 0 0 0 0 1 0 0 68 83 0 0 0 0 0 0 0 0 0 0 0 0 0 0 0 0 0 0 77 84 0 0 6 0 0 4 0 86 0 81 38 90 37 0 0 1 0 0 0 81 0 0 0 0 0 36 0 0 0 0 0 0 0 0 0 6 0 0 0 0 1 0 69 0 0 3 0 34 29 0 57 0 0 0 0 0 0 0 0 
0 47 1 78 0 0 1 1 0 0 0 0 19 0 47 18 0 1 47 0 0 27 4 0 59 52 58 63 0 0 23 0 0 0 0 86 0 0 49 72 0 14 99 0 0 60 53 0 0 87 0 1 0 0 0 0 0 4 52 1 28 1 49 3 0 0 0 25 91 0 73 52 0 95 0 3 0 0 0 18 35 0 36 0 1 35 0 0 0 1 1 0 38 21 43 0 0 0 7 12 
0 0 0 0 0 0 0 0 37 17 6 1 0 0 0 0 0 0 60 0 0 0 0 0 0 0 1 0 0 0 35 0 0 0 0 0 86 11 1 0 0 23 0 0 41 6 0 0 0 0 0 0 0 0 20 0 0 0 0 0 0 0 0 23 0 0 0 0 63 0 16 39 74 0 40 0 14 0 0 0 0 0 0 0 0 0 61 0 0 0 0 70 63 0 1 0 99 0 64 0 
0 36 0 0 68 6 3 0 0 0 0 0 2 47 0 54 54 74 0 17 0 64 0 46 0 31 0 64 1 32 5 0 0 18 0 0 0 0 0 5 90 0 7 9 0 18 1 60 48 9 0 70 1 0 0 1 0 0 86 0 23 38 44 0 27 5 41 0 0 36 0 81 0 0 0 0 0 29 48 0 0 27 0 2 66 0 0 84 66 6 40 0 1 16 0 5 0 35 0 14 
0 0 0 0 0 0 0 0 30 27 68 1 0 0 0 0 0 0 61 0 74 0 0 0 0 0 78 0 0 0 0 0 0 0 46 0 0 18 38 0 0 0 0 0 72 0 0 0 0 0 0 0 0 0 1 0 0 0 0 0 0 0 0 0 0 0 0 0 44 0 0 0 92 0 84 0 56 0 0 0 0 0 0 0 0 0 15 0 0 0 0 5 0 0 79 0 15 0 0 0 
0 0 0 0 0 0 0 0 9 33 62 45 0 0 0 0 0 0 11 0 0 0 0 0 0 0 63 0 0 0 0 0 0 0 9 0 18 0 4 0 0 39 0 0 1 0 0 0 0 0 0 0 0 0 1 0 0 0 0 0 0 0 0 60 0 0 0 0 20 0 81 0 39 0 84 0 68 0 0 0 0 0 0 0 0 0 0 0 0 0 0 12 0 0 44 0 1 0 0 0 
0 51 0 0 0 0 49 0 29 16 12 81 14 0 0 0 0 0 1 0 1 0 0 0 0 0 20 0 0 0 8 0 0 36 9 0 26 23 0 0 0 32 0 0 76 72 82 0 0 0 0 21 0 79 88 0 22 0 1 0 78 17 0 3 0 0 29 0 1 0 28 81 98 0 59 0 85 0 0 0 0 0 2 0 0 0 16 0 71 0 0 2 6 0 4 0 1 0 0 8 
0 1 0 0 23 20 17 0 0 0 0 0 43 10 0 34 1 38 0 15 0 1 0 1 0 23 0 13 8 1 0 0 18 88 0 78 0 0 0 0 32 0 23 95 0 47 96 0 5 25 6 28 6 33 0 45 0 0 35 0 4 14 5 0 39 0 7 0 0 48 0 0 0 0 0 0 0 1 0 0 0 11 0 98 87 0 0 57 5 42 67 0 45 1 0 8 0 49 0 83 
15 1 0 0 49 13 25 0 0 0 0 0 0 0 0 10 21 33 0 55 0 0 0 34 0 0 0 33 81 5 0 0 32 0 0 93 0 0 0 80 0 0 0 4 0 0 1 0 3 0 43 22 46 77 0 0 0 0 0 0 9 85 0 0 15 0 1 0 0 0 0 0 0 0 0 0 0 0 0 0 0 75 0 1 0 0 0 10 37 29 9 0 0 0 0 6 0 47 0 0 
0 83 78 1 0 0 59 86 1 0 5 15 5 0 0 14 0 0 11 0 0 97 11 0 33 17 8 0 0 0 4 0 0 48 98 0 0 7 96 0 0 0 0 0 93 1 95 0 0 0 0 61 0 0 4 0 0 0 32 7 46 35 0 1 0 0 0 60 54 0 1 1 40 84 5 16 0 0 0 0 0 0 96 0 0 50 0 0 0 0 0 30 13 0 14 0 27 0 1 68 
0 10 0 0 0 0 0 0 0 0 0 0 0 38 5 86 0 19 0 0 0 34 0 51 4 15 0 17 22 41 0 1 0 1 0 9 0 0 0 4 0 0 0 0 0 0 1 15 0 21 0 0 39 0 0 88 0 15 0 8 0 54 1 0 0 45 0 0 0 42 0 0 0 0 0 0 0 20 21 37 53 0 0 0 5 0 0 1 0 91 66 0 0 6 0 83 0 0 0 10 
88 1 0 0 46 62 35 0 0 0 0 0 0 0 0 0 12 4 0 11 0 0 0 1 0 0 0 19 0 23 0 0 60 0 0 22 0 0 0 27 18 0 0 0 0 0 74 0 10 0 86 3 86 10 0 0 0 0 0 0 21 0 0 0 85 0 79 0 0 0 0 0 0 0 0 0 0 0 0 0 0 19 0 36 0 0 0 1 15 14 85 0 0 0 0 76 0 32 0 0 
0 0 0 0 0 0 0 0 15 1 1 9 0 0 0 0 0 0 9 0 0 0 0 0 0 0 15 0 0 0 2 0 0 0 36 0 2 56 1 0 0 16 0 0 0 4 0 0 0 0 0 0 0 0 14 0 0 0 0 0 0 0 0 84 0 0 0 0 69 0 62 10 75 0 12 0 14 0 0 0 0 0 0 0 0 1 0 0 0 0 0 24 84 0 3 0 29 0 35 0 
0 57 0 0 32 0 3 0 38 0 62 1 21 0 0 20 30 0 54 0 1 93 0 0 15 50 22 0 0 0 78 0 0 38 1 25 0 0 17 4 0 13 0 0 9 0 8 0 0 0 0 1 1 82 38 0 53 0 58 0 73 89 0 0 0 0 33 0 6 0 0 28 92 0 73 0 4 0 0 0 0 0 12 0 0 0 7 0 5 27 9 2 1 0 79 0 7 0 0 1 
0 1 0 0 12 45 80 0 0 0 0 0 15 0 0 20 6 1 10 77 74 33 0 1 80 1 0 1 0 23 59 0 89 17 0 1 0 0 25 52 54 78 36 12 0 87 0 0 10 2 0 49 25 96 0 0 68 0 19 0 12 17 19 0 65 0 84 0 0 0 0 9 0 0 0 0 0 60 0 0 0 13 1 2 27 0 7 8 53 56 92 1 74 4 0 1 0 97 0 75 
0 0 0 0 0 0 0 0 0 0 0 0 0 17 0 0 0 20 0 0 0 0 0 1 0 0 0 85 16 80 0 38 0 0 0 5 0 0 0 0 0 0 22 0 0 0 0 0 0 42 0 0 0 0 0 9 0 0 0 0 0 0 2 0 59 59 0 0 0 77 0 0 0 0 0 0 0 35 70 0 0 0 0 0 86 0 0 33 0 0 0 0 0 15 0 46 0 10 0 0 
7 84 0 0 25 50 1 0 0 0 0 0 0 0 0 2 35 8 0 71 0 0 0 40 0 0 0 4 0 27 0 0 47 0 0 1 0 0 0 30 7 0 0 78 0 0 88 0 0 0 40 14 6 22 0 0 0 0 0 0 71 23 0 0 72 0 67 0 0 0 0 0 0 0 0 0 0 0 0 0 0 55 0 6 0 0 0 8 28 43 8 0 0 0 0 2 0 11 0 0 
0 86 0 0 22 0 0 0 0 0 0 0 62 21 38 14 0 1 0 1 0 21 0 76 18 39 0 37 5 1 6 0 0 60 0 1 0 0 0 2 0 0 36 0 0 0 47 18 0 0 0 13 6 0 0 21 0 64 27 1 7 96 19 0 16 37 0 0 0 1 0 1 0 0 0 0 0 30 13 0 3 0 2 0 81 0 0 1 0 5 78 0 0 27 0 11 0 92 0 40 
64 0 0 0 8 85 45 0 0 0 0 0 0 0 0 0 10 0 0 72 6 0 0 0 0 0 0 0 0 0 0 0 2 0 0 0 0 0 0 39 54 0 0 17 0 0 0 0 76 0 0 28 5 11 0 0 15 0 0 0 4 0 0 0 0 0 8 0 0 0 0 0 0 0 0 0 0 0 0 0 0 91 0 20 0 0 90 0 95 35 0 0 0 0 0 0 0 0 0 0 
0 94 0 0 20 0 36 0 0 0 0 0 37 0 0 42 27 83 15 82 4 8 0 1 71 12 0 2 0 1 60 0 23 45 0 32 0 0 6 41 23 50 0 24 0 45 20 0 18 59 59 0 2 83 0 0 30 0 67 0 3 45 0 0 0 0 6 0 0 0 0 20 0 0 0 0 9 0 0 0 0 89 96 0 43 0 1 95 12 1 83 2 20 94 0 38 0 1 0 28 
0 1 0 0 35 4 7 0 0 0 0 0 26 17 0 2 21 60 0 90 0 12 0 12 0 68 0 14 66 1 0 0 1 0 0 7 0 0 0 40 9 0 11 15 0 51 6 0 81 80 2 2 0 2 0 34 0 0 81 0 39 1 0 0 45 0 51 0 0 31 0 0 0 0 0 0 0 1 0 0 0 24 0 16 5 0 0 36 99 13 1 0 6 69 0 49 0 56 0 60 
11 6 0 0 6 0 16 0 0 0 0 0 43 0 0 6 79 0 57 60 74 0 0 0 0 0 0 0 0 0 45 0 1 0 0 0 0 0 40 82 1 0 0 29 0 10 72 0 21 0 31 26 94 0 0 0 69 0 1 0 52 44 0 0 0 0 17 0 0 0 0 1 0 0 0 0 36 0 0 0 0 7 0 0 0 0 52 0 36 20 43 1 39 0 0 0 0 0 0 0 
0 0 0 0 0 0 0 0 79 58 8 33 0 0 0 0 0 0 90 0 35 0 0 0 0 0 63 0 0 0 1 0 0 0 83 0 46 64 13 0 0 70 0 0 51 37 0 0 0 0 0 0 0 0 0 0 24 0 0 0 0 0 0 57 0 0 0 0 64 0 0 25 71 0 43 0 9 0 0 0 0 0 0 0 0 0 95 0 0 0 0 2 11 0 94 0 12 0 0 0 
0 0 0 0 0 0 0 0 0 0 0 0 0 1 0 97 0 31 0 0 0 4 0 53 0 0 0 29 22 81 0 38 0 0 0 24 0 0 0 2 0 0 1 0 0 0 0 18 0 44 0 0 71 0 0 0 0 70 0 0 0 0 19 0 12 20 0 0 0 5 0 0 0 0 0 0 0 30 75 0 0 0 0 0 7 0 0 21 0 27 34 0 0 6 0 42 0 56 0 0 
23 32 0 0 99 0 63 0 0 0 0 37 77 0 0 0 14 0 90 0 58 0 0 0 0 0 0 0 0 0 4 0 97 0 0 0 0 0 19 0 0 0 0 0 0 1 80 0 0 0 29 1 0 1 1 0 0 0 8 0 37 68 0 0 0 0 1 0 0 0 0 75 0 0 40 0 15 0 0 0 0 0 0 0 0 0 39 0 45 33 0 48 60 0 67 0 0 0 0 0 
0 0 0 5 0 0 0 0 0 0 0 0 0 1 45 46 0 0 0 0 0 90 38 0 16 10 0 0 0 0 0 0 0 12 0 0 0 0 0 0 0 0 25 0 0 0 0 0 0 64 0 0 0 0 0 61 0 0 0 11 0 0 10 0 0 10 0 6 0 1 0 0 0 0 0 0 0 1 1 1 18 0 6 0 67 0 0 0 0 0 66 0 0 80 0 0 0 0 0 34 
0 67 0 0 13 0 28 0 0 0 74 0 10 0 0 3 79 18 8 0 55 38 0 31 61 28 58 41 0 0 9 0 0 64 0 1 0 0 29 16 0 25 0 0 0 99 75 0 0 3 0 3 77 1 0 0 51 0 0 0 75 1 68 97 0 0 36 0 53 0 0 52 94 0 0 0 1 0 0 0 0 0 6 0 21 0 2 0 47 34 20 1 37 76 8 0 0 0 1 77 
0 0 84 24 0 0 0 52 0 0 0 0 0 50 15 50 0 0 0 0 0 1 36 0 47 26 0 0 0 0 9 0 0 11 0 0 0 0 0 0 0 51 62 0 0 0 0 0 0 78 0 0 0 0 0 0 0 8 0 0 0 0 1 0 0 1 0 14 0 18 0 0 0 79 0 1 0 38 94 1 52 0 26 0 55 0 0 0 0 0 19 0 0 1 0 0 0 0 0 21 
1 36 0 0 75 0 4 0 0 0 0 0 13 0 0 75 69 1 1 13 3 11 0 17 0 1 0 56 0 41 8 0 9 16 0 32 0 0 74 13 27 4 0 88 0 3 50 0 35 47 1 9 31 1 0 0 24 0 63 0 0 69 0 0 0 0 1 0 0 0 0 6 0 0 0 0 24 0 0 0 0 9 65 0 79 0 14 0 14 87 1 82 19 0 81 42 0 3 0 37 
0 55 0 0 54 0 97 0 0 0 0 0 1 0 0 2 1 7 26 1 73 1 0 5 20 74 7 67 0 36 94 0 0 8 0 96 0 0 1 24 61 67 1 0 0 3 5 0 74 78 0 75 23 30 0 0 6 0 2 0 10 0 4 0 0 0 45 0 0 0 0 17 0 0 0 0 29 0 0 0 0 0 26 0 48 0 79 1 93 83 70 20 9 20 73 1 0 41 0 1 
0 69 0 0 0 0 0 0 0 0 0 0 18 87 5 1 0 1 0 0 0 3 0 68 1 75 0 79 0 34 94 0 0 59 0 74 0 0 0 29 0 0 61 0 0 0 48 89 0 24 0 0 0 0 0 35 0 80 12 72 0 36 0 0 0 69 0 70 0 3 0 0 0 0 0 0 0 24 41 31 35 0 3 0 64 0 0 42 0 0 3 0 0 6 0 0 0 0 0 9 
0 0 11 6 0 0 0 1 51 0 52 1 0 0 0 0 0 0 18 0 0 0 69 0 83 0 13 0 0 0 3 0 0 1 79 0 0 41 21 0 0 20 0 0 34 0 0 0 0 0 0 0 0 0 58 0 0 0 43 0 0 0 0 0 0 0 0 4 54 0 3 48 54 6 18 2 0 0 0 0 0 0 11 0 0 17 0 0 0 0 0 0 58 0 1 0 1 0 99 96 
0 0 0 0 43 38 0 0 0 0 0 0 0 7 0 34 4 23 0 25 0 0 0 1 0 0 0 25 46 54 0 0 0 0 0 65 0 0 0 39 1 0 0 10 0 0 73 13 14 84 0 0 1 0 0 1 0 0 0 0 0 0 0 0 0 0 0 0 0 23 0 0 0 0 0 0 0 52 0 0 0 6 0 11 65 0 0 1 0 39 77 0 0 0 0 8 0 1 0 0 
0 0 0 0 0 0 0 0 0 0 0 0 0 82 57 0 0 17 0 0 0 0 0 0 0 0 0 1 97 1 0 1 0 0 0 12 0 0 0 0 0 0 27 0 0 0 0 18 0 28 0 0 0 0 0 15 0 1 0 94 0 0 21 0 0 0 0 0 0 22 0 0 0 0 0 0 0 37 91 0 19 0 0 0 4 0 0 1 0 0 0 0 0 6 0 0 0 0 0 0 
34 43 0 0 1 0 44 0 0 0 0 0 85 0 0 76 3 85 1 82 32 11 0 1 0 0 0 1 0 0 92 0 95 0 0 60 0 0 70 85 32 0 0 1 0 76 38 0 34 0 27 99 92 35 0 0 79 0 64 0 44 22 0 0 0 0 0 0 0 0 0 6 0 0 0 0 3 0 0 0 0 34 0 0 0 0 1 0 1 39 94 35 7 0 0 21 0 0 0 14 
0 0 24 14 0 0 0 15 0 0 0 0 0 0 1 0 0 0 0 0 0 9 3 0 54 86 0 0 0 0 55 0 0 59 0 0 0 0 0 0 0 1 0 0 0 0 0 0 0 0 0 0 0 0 0 0 0 3 0 69 0 0 6 13 0 0 0 0 0 0 30 2 0 3 0 54 0 0 0 46 80 0 61 0 0 18 0 0 0 0 0 0 0 4 0 0 0 0 2 1 
0 0 1 45 0 0 0 31 3 13 87 60 13 0 0 0 0 0 21 0 0 0 82 0 43 0 16 0 0 0 55 0 0 3 1 0 23 32 61 0 0 3 0 0 22 18 0 0 0 0 0 0 0 0 4 0 0 0 15 0 0 0 0 21 0 0 0 0 0 0 14 44 9 1 3 8 0 0 0 0 0 0 56 0 0 3 0 0 0 0 0 0 34 0 55 0 98 0 1 5 
0 0 0 0 0 0 0 0 0 0 0 0 0 7 33 82 0 33 0 0 0 6 0 41 0 44 0 94 18 44 0 10 0 0 0 1 0 0 0 73 0 0 41 0 0 0 0 39 0 56 0 0 11 0 0 25 0 34 0 1 0 0 29 0 37 6 0 0 0 0 0 0 0 0 0 0 0 1 46 0 7 0 0 0 65 0 0 27 0 65 8 0 0 1 0 16 0 26 0 0 
0 0 1 65 0 0 0 1 10 0 94 99 0 0 0 0 0 0 5 0 0 0 1 0 63 0 8 0 0 0 6 0 0 1 1 0 0 6 2 0 0 19 0 0 66 0 0 0 0 0 0 0 0 0 0 0 0 0 0 0 0 0 0 71 0 0 0 4 50 0 0 6 1 1 45 28 0 0 0 0 0 0 17 0 0 56 0 0 0 0 0 0 0 0 37 0 27 0 75 1 
0 1 36 0 0 0 88 0 46 0 32 1 75 0 0 6 0 0 43 0 12 39 0 0 75 14 11 0 0 0 9 0 0 14 30 33 0 0 27 0 0 3 0 0 20 44 9 0 0 48 0 93 0 27 39 0 1 0 17 0 5 51 0 16 0 0 1 25 17 0 71 0 68 0 92 0 53 0 0 0 0 0 6 0 98 10 6 0 0 0 34 23 21 55 44 0 18 0 1 75 
0 0 14 0 0 0 0 0 58 58 79 3 0 0 0 0 0 0 20 0 0 0 0 0 0 0 11 0 0 0 38 0 0 0 7 0 30 1 1 0 0 15 0 0 52 23 0 0 0 0 0 0 0 0 17 0 0 0 63 0 0 0 0 83 0 0 0 0 13 0 1 43 0 0 6 0 0 0 0 0 0 0 35 0 0 5 0 0 0 0 0 60 26 0 1 0 6 0 11 3 
0 0 17 1 0 0 0 1 0 0 0 0 0 0 0 0 0 0 0 0 0 0 43 0 19 0 0 0 0 0 0 0 0 43 0 0 0 0 0 0 0 12 0 0 0 0 0 0 0 0 0 0 0 0 0 0 0 0 0 24 0 0 0 70 0 0 0 2 26 0 9 0 0 0 0 8 0 0 0 14 0 0 36 0 0 19 0 0 0 0 0 0 0 0 0 0 0 0 68 0 
0 0 0 0 0 0 0 0 4 4 18 10 0 0 0 0 0 0 48 0 6 0 0 0 0 0 91 0 0 0 0 0 0 0 94 0 1 95 65 0 0 51 0 0 79 1 0 0 0 0 0 0 0 0 5 0 36 0 0 0 0 0 0 50 0 0 0 0 22 0 55 85 41 0 0 0 71 0 0 0 0 0 0 0 0 0 17 0 0 0 0 71 30 0 11 0 64 0 0 0 
0 0 1 1 0 0 0 3 0 0 0 0 0 0 0 0 0 0 0 0 0 0 84 0 54 0 0 0 0 0 0 0 0 21 0 0 0 0 0 0 0 47 0 0 0 0 0 0 0 0 0 0 0 0 0 0 0 0 0 4 0 0 0 6 0 0 0 42 1 0 5 0 0 13 0 0 0 0 0 7 0 0 62 0 0 45 0 0 0 0 0 0 0 0 0 0 0 0 1 0 
30 62 0 0 0 0 23 0 0 45 28 1 83 0 0 0 88 0 49 0 1 0 0 0 0 0 1 0 0 0 1 0 32 0 74 0 12 21 55 0 0 0 0 0 11 2 0 0 0 0 0 75 0 51 40 0 1 0 94 0 43 34 0 0 0 0 1 0 0 0 0 45 0 0 1 0 0 0 0 0 0 0 0 0 0 0 13 0 5 0 0 55 1 0 12 0 91 0 0 0 
0 0 0 0 0 0 0 0 0 0 0 0 0 40 43 30 0 1 0 0 0 19 0 1 0 93 0 49 48 67 0 47 0 0 0 71 0 0 0 1 0 0 66 0 0 0 49 51 0 87 0 0 91 0 0 87 0 3 0 35 0 0 1 0 91 45 0 0 0 2 0 0 0 0 0 0 0 0 17 0 4 0 0 0 7 0 0 1 0 71 21 0 0 1 0 68 0 68 0 0 
0 0 0 0 0 0 0 0 0 0 0 0 0 9 36 2 0 93 0 0 0 15 0 0 0 15 0 48 75 63 0 38 0 0 0 2 0 0 0 0 0 0 35 0 0 0 0 20 0 1 0 0 0 0 0 1 0 32 0 50 0 0 81 0 0 2 0 0 0 12 0 0 0 0 0 0 0 5 0 31 94 0 0 0 79 0 0 88 0 0 24 0 0 28 0 0 0 0 0 0 
0 0 13 62 0 0 0 33 0 0 0 0 0 0 7 0 0 0 0 0 0 0 9 0 2 42 0 0 0 0 0 0 0 5 0 0 0 0 0 0 0 0 8 0 0 0 0 0 0 0 0 0 0 0 0 0 0 3 0 12 0 0 41 0 0 0 0 66 0 0 0 0 0 1 0 75 0 0 43 0 68 0 8 0 0 0 0 0 0 0 0 0 0 1 0 0 0 0 69 0 
0 0 0 4 0 0 0 0 0 0 0 0 0 96 24 0 0 0 0 0 0 24 0 0 12 1 0 0 0 0 0 0 0 78 0 0 0 0 0 0 0 0 1 0 0 0 0 0 0 12 0 0 0 0 0 0 0 50 0 75 0 0 70 0 0 58 0 1 0 1 0 0 0 0 0 0 0 11 1 17 0 0 0 0 88 0 0 0 0 0 0 0 0 7 0 0 0 0 0 0 
0 0 0 0 33 1 0 0 0 0 0 0 0 0 0 0 80 4 0 18 0 0 0 40 0 0 0 70 29 71 0 0 61 0 0 1 0 0 0 48 92 0 0 45 0 0 31 0 44 0 24 50 99 9 0 0 0 0 0 0 31 0 0 0 27 0 1 0 0 0 0 0 0 0 0 0 0 0 0 0 0 0 0 27 0 0 0 65 55 91 7 0 0 0 0 1 0 23 0 0 
0 9 63 16 0 0 54 23 6 0 11 0 18 0 0 87 0 0 17 0 0 74 54 0 58 1 5 0 0 0 76 0 0 13 0 0 0 0 36 0 0 40 0 0 0 31 1 0 0 20 0 93 0 0 0 0 0 6 34 97 32 22 24 20 0 0 0 36 27 0 24 38 42 1 0 28 0 0 0 67 0 0 0 0 17 40 0 0 0 0 12 0 54 65 1 0 0 0 4 3 
0 0 0 0 53 38 0 0 0 0 0 0 0 0 0 0 31 1 0 19 0 0 0 68 0 0 0 25 93 18 0 0 5 0 0 3 0 0 0 77 20 0 0 13 0 0 3 0 2 0 23 0 43 0 0 0 0 0 0 0 0 0 0 0 50 0 0 0 0 0 0 0 0 0 0 0 0 0 0 0 0 41 0 0 0 0 0 44 7 2 0 0 0 0 0 22 0 16 0 0 
0 1 0 0 3 0 0 0 0 0 0 0 1 58 51 55 0 9 0 24 0 27 0 2 45 1 0 83 37 49 1 0 0 91 0 28 0 0 0 24 0 0 38 0 0 0 50 51 0 1 0 98 51 0 0 10 0 56 79 61 8 1 10 0 34 97 0 0 0 75 0 30 0 0 0 0 0 59 26 0 92 0 6 0 0 0 0 56 0 28 68 0 0 96 0 49 0 66 0 1 
0 0 6 96 0 0 0 1 67 0 5 0 0 0 0 0 0 0 0 0 0 0 11 0 1 0 3 0 0 0 61 0 0 21 0 0 0 0 0 0 0 12 0 0 48 0 0 0 0 0 0 0 0 0 0 0 0 0 0 0 0 0 0 1 0 0 0 58 1 0 1 22 11 27 0 47 0 0 0 0 0 0 9 0 0 0 0 0 0 0 0 0 0 0 84 0 1 0 1 3 
33 14 0 0 0 0 33 0 0 30 19 65 4 0 0 0 91 0 46 0 90 0 0 0 0 0 19 0 0 0 97 0 95 0 31 0 25 0 29 0 0 0 0 0 0 48 97 0 0 0 62 15 0 68 1 0 50 0 2 0 1 2 0 0 0 0 40 0 0 0 0 92 0 0 64 0 83 0 0 0 0 0 0 0 0 0 0 0 1 0 0 14 62 0 6 0 34 0 0 0 
0 60 0 0 95 6 0 0 0 0 0 0 0 79 0 3 6 94 0 28 0 1 0 52 0 0 0 2 2 68 0 15 0 0 0 98 0 0 0 46 1 0 1 1 0 0 45 1 23 1 0 1 1 0 0 19 0 0 0 0 0 1 46 0 4 3 0 0 0 20 0 0 0 0 0 0 0 1 11 0 0 74 0 65 77 0 0 0 0 57 88 0 0 70 0 1 0 55 0 0 
65 60 0 0 95 1 1 0 0 0 0 0 9 0 0 49 33 0 10 81 9 0 0 1 0 0 0 0 0 0 0 0 1 0 0 57 0 0 36 51 11 0 0 18 0 20 72 0 37 0 22 19 55 1 0 0 12 0 1 0 33 17 0 0 0 0 1 0 0 0 0 0 0 0 0 0 35 0 0 0 0 1 0 27 0 0 64 0 0 2 63 7 13 0 0 0 0 0 0 0 
0 3 0 0 63 15 42 0 0 0 0 0 86 14 0 79 10 16 0 1 0 31 0 30 0 28 0 3 8 29 1 0 26 42 0 9 0 0 0 3 15 0 19 28 0 3 26 0 43 4 25 29 19 2 0 49 32 0 25 0 76 40 0 0 6 0 27 0 0 15 0 0 0 0 0 0 0 56 0 0 0 58 0 6 25 0 0 85 4 0 1 0 30 45 0 1 0 27 0 15 
0 1 0 0 12 0 9 0 0 0 0 0 2 7 0 20 12 81 0 1 0 24 0 1 8 44 0 13 0 14 50 0 0 26 0 25 0 0 0 47 63 0 10 14 0 55 31 0 78 6 0 66 44 34 0 9 0 6 66 72 1 39 4 0 48 0 35 0 0 1 0 21 0 0 0 0 0 46 3 0 0 18 29 0 69 0 0 1 72 6 0 0 1 17 0 26 0 76 0 1 
3 79 0 0 0 0 39 0 8 55 98 14 1 0 0 0 60 0 1 0 56 0 0 0 0 0 1 0 0 0 7 0 32 0 3 0 69 98 49 0 0 1 0 0 26 64 1 0 0 0 0 7 0 7 25 0 1 0 8 0 85 15 0 0 0 0 4 0 0 0 0 32 17 0 2 0 14 0 0 0 0 0 0 0 0 0 94 0 81 0 0 0 19 0 64 0 65 0 0 0 
0 28 0 0 0 0 28 0 32 0 71 91 42 0 0 90 15 0 42 0 35 8 0 0 5 23 5 0 0 0 42 0 0 68 5 36 0 0 2 5 0 28 0 0 15 15 1 0 0 0 0 95 89 82 45 0 23 0 4 0 51 17 0 59 0 0 24 0 92 0 0 4 24 0 59 0 23 0 0 0 0 0 14 0 0 0 2 0 99 1 1 1 0 0 83 0 83 0 0 31 
0 35 0 0 0 0 0 0 0 0 0 0 1 13 1 7 0 97 0 0 0 10 0 1 11 41 0 29 0 95 24 0 0 84 0 58 0 0 0 68 0 0 18 0 0 0 72 2 0 36 0 41 51 0 0 6 0 34 3 19 0 48 96 0 0 71 0 41 0 91 0 2 0 0 0 0 0 49 64 71 1 0 1 0 5 0 0 89 0 88 42 0 0 0 0 48 0 0 0 57 
0 14 24 0 0 0 1 0 43 7 36 37 1 0 0 0 0 0 45 0 1 0 0 0 3 0 35 0 0 0 48 0 0 7 95 0 5 76 28 0 0 4 0 0 10 45 0 0 0 0 0 0 0 0 52 0 82 0 2 0 93 21 0 78 0 0 0 0 22 0 1 17 48 0 53 0 43 0 0 0 0 0 70 0 0 9 20 0 0 0 0 13 6 0 0 0 7 0 14 13 
0 8 0 0 1 38 0 0 0 0 0 0 3 1 0 10 3 1 0 79 0 29 0 96 0 0 0 6 5 45 0 0 0 0 0 11 0 0 0 84 85 0 90 14 0 0 88 1 30 10 0 1 92 0 0 1 0 0 0 0 5 1 0 0 25 0 45 0 0 18 0 0 0 0 0 0 0 33 0 0 0 1 0 58 45 0 0 17 0 1 85 0 0 2 0 0 0 15 0 0 
0 0 0 0 0 0 0 0 56 38 28 98 0 0 0 0 0 0 39 0 0 0 0 0 0 0 10 0 0 0 71 0 0 0 59 0 38 42 93 0 0 1 0 0 35 13 0 0 0 0 0 0 0 0 29 0 0 0 0 0 0 0 0 1 0 0 0 0 39 0 10 48 17 0 64 0 41 0 0 0 0 0 0 0 0 17 5 0 0 0 0 55 10 0 84 0 0 0 7 0 
0 97 0 0 63 9 0 0 0 0 0 0 0 1 0 25 33 44 0 1 0 4 0 3 0 0 0 30 40 36 0 0 0 0 0 83 0 0 0 32 51 0 0 88 0 0 19 16 12 4 0 2 46 0 0 52 0 0 0 0 8 5 0 0 66 0 0 0 0 17 0 0 0 0 0 0 0 6 0 0 0 2 0 1 1 0 0 72 0 92 8 0 0 0 0 23 0 0 0 0 
0 0 78 18 0 0 0 9 55 0 74 0 0 0 0 0 0 0 17 0 0 0 60 0 18 15 33 0 0 0 17 0 0 52 47 0 0 0 0 0 0 1 0 0 22 0 0 0 0 0 0 0 0 0 0 0 0 0 1 0 0 0 0 98 0 0 0 2 66 0 32 54 61 10 0 53 0 0 0 73 0 0 3 0 0 4 0 0 0 0 0 0 0 0 7 0 8 0 0 25 
0 79 83 83 0 0 24 80 0 0 1 0 1 0 0 74 0 48 80 0 0 99 13 0 85 62 1 44 0 0 4 0 0 17 0 73 0 0 37 2 0 7 47 0 0 5 81 0 0 12 0 36 56 0 0 0 0 76 12 10 1 1 25 7 0 0 28 1 34 0 1 7 1 0 0 0 0 0 0 0 0 0 13 0 37 10 0 0 0 1 39 0 41 1 78 0 0 0 30 0 
