100 1000
0 4 4 6 8 3 6 5 1 3 7 7 3 8 4 6 90 93 90 85 85 94 86 92 90 91 86 165 166 163 166 162 160 166 167 163 162 15 22 13 19 14 14 19 205 209 201 211 201 205 65 63 65 62 64 60 62 61 58 64 58 65 63 63 246 252 246 245 244 249 244 245 249 140 136 143 139 139 142 135 134 137 138 140 142 141 134 142 133 46 50 45 52 46 49 48 54 51 51 69 
4 0 7 9 6 3 6 8 5 3 5 8 2 9 5 8 86 89 86 81 81 90 83 88 86 87 83 164 166 162 165 162 159 165 166 163 161 11 18 9 15 10 9 14 203 207 199 209 200 203 61 59 61 58 60 57 58 57 54 60 54 61 59 59 243 248 242 241 241 245 241 242 245 135 132 139 135 135 138 131 130 133 134 136 137 137 130 138 129 50 54 49 56 51 53 52 58 55 55 73 
4 7 0 3 7 6 5 2 3 7 6 3 6 5 2 2 93 95 93 88 87 96 89 94 93 93 89 161 163 160 162 159 156 163 163 160 159 17 23 15 21 15 14 21 202 206 198 207 198 202 68 66 68 65 67 63 65 64 61 67 61 68 66 66 245 250 244 243 243 247 243 244 247 142 138 145 141 142 144 137 136 139 140 142 144 144 136 144 135 43 48 43 50 44 47 46 52 49 48 66 
6 9 3 0 9 9 6 1 6 10 8 4 9 4 4 3 96 98 96 91 90 99 92 97 95 96 92 160 161 158 160 157 154 161 161 158 157 19 25 17 24 18 17 23 201 205 197 207 197 201 71 69 71 67 70 66 68 67 64 70 64 71 69 68 245 251 245 244 243 248 243 244 248 144 141 148 144 144 147 140 138 141 143 145 146 146 139 147 138 41 45 41 47 42 44 44 49 47 46 64 
8 6 7 9 0 9 2 8 8 9 1 5 7 6 6 6 89 91 88 84 83 92 85 89 88 89 85 158 159 156 158 155 153 159 160 156 155 12 17 10 17 10 8 16 197 201 193 203 193 197 64 62 64 61 63 59 62 60 57 64 57 64 62 62 238 243 237 236 236 241 236 237 241 136 133 140 136 136 139 132 131 133 135 137 138 138 131 139 130 49 53 49 55 50 52 52 58 55 54 71 
3 3 6 9 9 0 7 8 4 1 8 9 1 10 5 8 88 90 88 83 82 91 84 89 88 88 84 166 168 164 167 164 161 167 168 165 163 13 21 11 17 12 12 16 206 210 201 211 202 205 63 60 63 59 61 58 59 58 55 61 55 63 60 60 245 251 245 244 244 248 244 244 248 137 134 141 137 137 140 133 131 134 136 138 139 139 132 140 131 48 53 48 55 49 52 51 56 54 53 72 
6 6 5 6 2 7 0 5 6 8 2 3 6 4 3 4 90 92 90 85 85 94 87 91 90 90 87 159 160 157 160 156 154 160 161 157 156 14 19 12 18 11 10 18 199 203 194 204 195 198 65 64 65 62 65 61 63 61 59 65 59 66 64 63 240 246 240 239 238 243 238 239 243 138 135 142 138 138 141 134 132 135 137 139 140 140 133 141 132 47 51 47 53 48 50 50 56 53 52 69 
5 8 2 1 8 8 5 0 4 8 7 3 7 4 3 2 94 97 94 89 89 98 91 96 94 95 91 161 162 159 161 158 155 162 162 159 158 18 24 16 22 16 15 22 201 206 197 207 198 201 69 67 69 66 68 65 66 65 62 69 62 70 67 67 245 250 244 243 243 248 243 244 248 143 139 147 142 143 146 138 137 140 141 143 145 145 138 146 137 42 46 42 48 43 45 45 50 48 47 65 
1 5 3 6 8 4 6 4 0 4 7 6 4 8 3 5 91 94 91 86 85 95 87 93 91 92 87 165 166 163 165 162 159 166 166 163 162 16 23 14 20 15 14 19 205 209 200 210 201 204 66 64 66 63 65 61 63 62 59 65 59 66 64 64 246 252 246 245 245 249 245 245 249 140 137 144 140 140 143 136 135 138 139 141 142 142 135 143 134 45 49 44 51 46 48 47 53 50 50 68 
3 3 7 10 9 1 8 8 4 0 8 9 2 11 6 9 87 89 87 82 81 90 83 88 87 87 83 167 168 165 167 164 161 168 168 165 164 12 20 10 16 12 12 15 206 210 202 211 202 205 62 59 62 58 60 57 58 57 55 60 54 62 59 60 245 251 245 244 244 248 243 244 248 136 133 140 136 136 139 132 131 134 135 137 138 138 131 139 130 49 54 48 56 50 53 51 57 55 54 72 
7 5 6 8 1 8 2 7 7 8 0 5 6 6 5 6 89 90 88 84 83 92 85 89 88 89 85 159 160 157 160 156 154 160 161 157 156 12 17 10 16 10 9 16 198 202 194 204 194 198 64 62 64 61 63 59 61 60 57 63 57 64 62 61 239 244 238 237 237 242 237 238 242 136 133 140 136 137 139 132 131 134 135 137 138 138 131 139 130 49 53 49 55 50 52 52 57 55 54 71 
7 8 3 4 5 9 3 3 6 9 5 0 8 2 3 1 93 95 93 88 87 97 89 94 93 93 89 158 159 156 159 156 153 159 160 157 155 17 22 14 21 14 13 20 199 203 194 204 195 198 68 66 68 65 67 63 66 64 61 68 61 68 66 66 242 247 241 240 240 244 240 240 244 141 138 145 141 141 144 137 135 138 140 142 143 143 136 144 135 44 48 44 50 45 47 47 53 50 49 66 
3 2 6 9 7 1 6 7 4 2 6 8 0 9 5 7 88 90 87 82 82 91 84 89 87 88 84 165 166 163 166 163 160 166 167 163 162 12 20 10 16 11 11 16 204 208 200 210 201 204 62 60 62 59 61 58 59 58 55 61 55 62 60 60 244 250 244 243 242 247 242 243 247 137 133 140 136 137 139 132 131 134 135 137 139 138 131 139 130 48 53 48 55 49 52 51 57 54 54 72 
8 9 5 4 6 10 4 4 8 11 6 2 9 0 5 3 95 96 94 90 89 98 91 95 94 94 91 157 158 155 157 154 151 158 158 155 154 18 23 16 22 16 14 22 197 201 193 203 194 197 69 68 70 66 69 65 67 66 63 69 63 70 68 67 241 246 241 240 239 244 239 240 244 142 139 146 142 142 145 138 136 139 141 143 144 144 137 145 136 43 47 43 49 44 46 46 52 49 48 65 
4 5 2 4 6 5 3 3 3 6 5 3 5 5 0 3 92 94 91 86 86 95 88 93 91 92 88 161 163 159 162 159 156 162 163 160 159 15 22 13 19 14 13 19 202 206 197 207 198 201 66 64 67 63 65 62 64 62 59 66 59 67 64 64 243 249 243 242 242 246 242 242 246 140 137 144 139 140 143 136 134 137 138 140 142 142 135 143 134 45 49 45 51 46 48 48 53 51 50 68 
6 8 2 3 6 8 4 2 5 9 6 1 7 3 3 0 94 96 93 89 88 97 90 95 93 94 90 159 161 157 160 157 154 160 161 158 157 17 23 15 21 15 14 21 200 204 196 205 196 199 69 67 69 65 68 64 66 65 62 68 62 69 67 66 243 248 243 242 241 246 241 242 246 142 138 145 141 142 145 137 136 139 140 142 144 144 136 145 136 43 47 43 49 44 46 46 52 49 48 66 
90 86 93 96 89 88 90 94 91 87 89 93 88 95 92 94 0 7 3 6 6 4 5 7 7 5 5 214 213 210 214 212 209 212 216 211 209 77 73 79 72 79 81 73 232 235 228 236 228 232 25 29 25 29 28 30 30 30 33 28 33 25 28 27 226 231 225 224 225 228 223 226 229 55 53 57 55 53 58 52 50 53 54 55 56 56 51 56 49 136 141 135 142 136 139 138 143 141 141 159 
93 89 95 98 91 90 92 97 94 89 90 95 90 96 94 96 7 0 4 11 11 5 11 1 2 2 11 210 210 206 211 209 206 209 212 208 205 79 75 81 74 81 82 75 227 230 223 231 223 227 28 33 28 33 32 33 35 33 36 33 36 29 32 30 219 224 218 217 218 221 216 219 223 49 47 52 49 48 53 46 44 47 48 50 51 51 45 51 43 138 143 138 145 139 142 140 146 144 143 161 
90 86 93 96 88 88 90 94 91 87 88 93 87 94 91 93 3 4 0 7 7 4 7 4 4 2 7 211 211 207 212 210 207 210 213 209 206 76 73 79 72 79 80 73 229 232 225 233 225 229 25 29 25 29 29 30 31 30 33 29 33 26 29 27 222 228 221 220 222 225 219 223 226 53 51 55 53 52 56 50 48 51 52 54 55 55 49 54 47 136 141 135 142 136 139 138 144 141 141 159 
85 81 88 91 84 83 85 89 86 82 84 88 82 90 86 89 6 11 7 0 2 10 1 11 10 9 1 212 211 208 212 210 207 211 214 209 207 72 69 74 67 74 76 68 232 234 227 236 228 231 20 23 20 24 22 25 25 24 27 23 28 20 23 22 228 233 227 226 228 231 225 228 232 60 58 62 60 58 63 57 55 58 59 61 62 62 56 61 54 130 136 130 137 131 134 133 138 136 136 154 
85 81 87 90 83 82 85 89 85 81 83 87 82 89 86 88 6 11 7 2 0 10 2 10 9 9 3 210 210 206 211 209 205 209 212 208 205 71 68 73 67 73 75 67 230 233 226 234 226 229 19 23 19 23 22 24 25 24 27 23 27 19 22 22 227 232 226 224 226 229 224 227 230 60 58 62 60 58 63 57 55 58 59 61 62 62 56 61 54 130 135 129 137 131 134 132 138 135 135 153 
94 90 96 99 92 91 94 98 95 90 92 97 91 98 95 97 4 5 4 10 10 0 9 6 6 5 9 215 214 211 215 213 210 213 217 212 209 80 77 82 76 83 84 76 232 235 228 236 228 231 29 32 29 33 32 34 34 34 36 32 37 29 32 31 224 229 222 221 223 226 220 224 227 50 49 53 51 49 54 48 46 49 50 51 52 52 47 52 45 139 144 139 146 140 143 141 147 145 144 163 
86 83 89 92 85 84 87 91 87 83 85 89 84 91 88 90 5 11 7 1 2 9 0 11 10 9 0 213 212 209 213 211 208 211 215 210 207 73 70 75 69 75 77 69 232 235 228 236 228 232 21 24 21 25 23 26 26 26 28 24 29 21 24 24 228 233 227 226 228 231 225 228 232 59 57 61 59 57 62 56 54 57 58 60 61 61 55 60 53 131 137 131 138 132 135 134 139 137 137 155 
92 88 94 97 89 89 91 96 93 88 89 94 89 95 93 95 7 1 4 11 10 6 11 0 1 2 11 209 209 205 210 208 205 208 211 207 204 77 73 80 73 80 81 74 227 229 222 230 223 226 27 32 27 32 31 32 34 32 35 32 35 28 31 29 219 224 217 216 218 221 215 219 222 50 48 53 50 49 53 47 45 48 49 51 52 52 46 52 44 137 142 137 144 138 141 139 145 143 142 160 
90 86 93 95 88 88 90 94 91 87 88 93 87 94 91 93 7 2 4 10 9 6 10 1 0 2 10 208 208 204 209 207 204 207 210 206 203 76 72 78 72 78 80 72 226 229 221 230 222 225 25 31 26 30 30 31 33 31 34 31 34 26 30 28 219 224 218 217 218 221 216 219 223 52 49 54 51 50 55 48 46 49 50 52 53 53 47 53 46 136 141 135 142 137 139 138 144 141 141 159 
91 87 93 96 89 88 90 95 92 87 89 93 88 94 92 94 5 2 2 9 9 5 9 2 2 0 9 210 209 206 210 208 205 209 212 207 205 77 73 79 72 79 80 73 227 230 223 231 224 227 25 30 26 30 30 31 33 31 34 30 34 26 29 28 220 226 219 218 220 223 217 221 224 52 50 54 52 51 55 48 47 50 51 53 54 54 48 53 46 136 141 136 143 137 140 138 144 142 141 159 
86 83 89 92 85 84 87 91 87 83 85 89 84 91 88 90 5 11 7 1 3 9 0 11 10 9 0 213 213 209 213 211 208 212 215 210 208 73 70 75 69 76 77 69 233 235 228 237 229 232 21 24 21 25 23 26 26 26 28 24 29 21 24 24 229 234 227 226 228 231 225 229 232 59 57 61 59 58 63 56 55 57 58 60 61 61 56 60 54 131 137 131 138 132 135 134 139 137 137 155 
165 164 161 160 158 166 159 161 165 167 159 158 165 157 161 159 214 210 211 212 210 215 213 209 208 210 213 0 4 6 0 3 5 5 2 3 7 165 160 164 167 162 161 167 61 66 59 67 59 61 196 201 197 198 201 195 202 197 195 203 196 199 199 195 170 174 171 171 167 172 172 167 171 231 226 236 229 234 231 226 226 228 229 230 232 232 225 235 226 162 156 162 158 162 156 164 165 164 160 156 
166 166 163 161 159 168 160 162 166 168 160 159 166 158 163 161 213 210 211 211 210 214 212 209 208 209 213 4 0 4 4 7 8 2 5 3 5 166 161 165 168 163 162 168 57 62 55 64 55 57 196 201 197 198 202 195 202 198 195 203 196 199 200 195 167 170 168 167 163 169 168 164 167 230 225 235 228 233 230 224 225 226 228 229 231 231 224 234 225 164 158 165 160 164 158 166 168 166 162 159 
163 162 160 158 156 164 157 159 163 165 157 156 163 155 159 157 210 206 207 208 206 211 209 205 204 206 209 6 4 0 6 7 7 3 8 3 1 163 158 162 165 160 158 164 58 63 55 64 56 58 192 197 194 194 198 191 199 194 192 199 193 196 196 192 165 169 166 166 162 167 167 162 165 226 221 231 225 229 226 221 221 223 224 225 228 227 220 231 222 161 156 162 157 162 156 164 165 164 160 157 
166 165 162 160 158 167 160 161 165 167 160 159 166 157 162 160 214 211 212 212 211 215 213 210 209 210 213 0 4 6 0 4 6 5 2 3 7 166 161 165 168 162 161 167 61 66 59 67 59 61 196 201 198 198 202 195 202 198 196 203 197 200 200 196 170 174 171 171 167 172 172 167 170 231 226 237 230 235 232 226 226 228 229 231 233 233 225 236 227 162 156 163 158 163 156 164 166 164 160 157 
162 162 159 157 155 164 156 158 162 164 156 156 163 154 159 157 212 209 210 210 209 213 211 208 207 208 211 3 7 7 4 0 3 8 4 4 8 163 158 162 165 160 158 165 64 69 62 70 62 64 194 199 195 196 199 193 200 196 193 201 194 197 197 193 173 176 174 173 169 175 174 170 173 230 225 235 228 233 230 225 225 227 228 229 232 231 224 234 225 159 153 159 154 159 153 161 162 161 157 153 
160 159 156 154 153 161 154 155 159 161 154 153 160 151 156 154 209 206 207 207 205 210 208 205 204 205 208 5 8 7 6 3 0 9 7 5 7 160 155 159 162 157 155 162 65 70 62 71 63 65 191 196 192 193 196 190 197 193 190 198 191 194 194 190 172 175 173 172 168 174 173 169 172 227 222 232 226 230 228 222 222 224 225 226 229 228 221 232 222 156 151 157 152 157 150 158 160 159 154 151 
166 165 163 161 159 167 160 162 166 168 160 159 166 158 162 160 212 209 210 211 209 213 211 208 207 209 212 5 2 3 5 8 9 0 7 4 4 166 161 165 168 163 161 167 56 61 54 62 54 56 195 200 197 197 201 194 201 197 195 202 196 199 199 195 165 169 166 166 162 167 167 162 165 229 223 234 227 232 229 223 223 225 226 228 230 230 223 233 224 164 158 165 160 164 158 166 168 166 162 159 
167 166 163 161 160 168 161 162 166 168 161 160 167 158 163 161 216 212 213 214 212 217 215 211 210 212 215 2 5 8 2 4 7 7 0 5 9 167 162 166 169 164 162 169 62 67 60 68 60 62 198 203 199 200 203 197 204 199 197 205 198 201 201 197 172 176 173 172 169 174 174 169 172 233 228 238 232 236 234 228 228 230 231 232 235 234 227 238 229 163 157 163 158 163 157 165 166 165 161 157 
163 163 160 158 156 165 157 159 163 165 157 157 163 155 160 158 211 208 209 209 208 212 210 207 206 207 210 3 3 3 3 4 5 4 5 0 4 163 158 162 165 160 159 165 60 65 58 66 58 60 194 198 195 196 199 193 200 195 193 201 194 197 197 193 168 172 169 169 165 170 170 165 168 228 223 233 227 231 228 223 223 225 226 227 230 229 222 233 224 161 155 161 157 161 155 163 164 163 159 155 
162 161 159 157 155 163 156 158 162 164 156 155 162 154 159 157 209 205 206 207 205 209 207 204 203 205 208 7 5 1 7 8 7 4 9 4 0 162 157 161 164 159 157 163 58 63 55 64 56 58 191 196 193 193 197 190 197 193 191 198 192 195 195 191 165 168 166 165 161 167 166 162 165 225 220 230 223 228 225 220 220 221 223 224 226 226 219 229 220 161 155 161 157 161 155 163 165 163 159 156 
15 11 17 19 12 13 14 18 16 12 12 17 12 18 15 17 77 79 76 72 71 80 73 77 76 77 73 165 166 163 166 163 160 166 167 163 162 0 9 2 4 3 5 4 201 205 197 207 198 201 52 50 52 49 51 47 49 48 45 51 45 52 50 49 236 241 235 234 234 238 234 235 239 125 121 128 124 125 128 120 119 122 123 125 127 127 120 127 119 60 65 60 67 61 63 63 69 66 65 83 
22 18 23 25 17 21 19 24 23 20 17 22 20 23 22 23 73 75 73 69 68 77 70 73 72 73 70 160 161 158 161 158 155 161 162 158 157 9 0 10 8 8 9 8 195 198 190 200 191 194 49 49 49 47 49 45 48 46 43 50 43 50 48 47 227 232 226 225 226 230 225 226 230 120 116 123 119 120 122 115 114 117 118 120 121 121 114 122 113 66 70 66 72 67 69 69 75 72 71 88 
13 9 15 17 10 11 12 16 14 10 10 14 10 16 13 15 79 81 79 74 73 82 75 80 78 79 75 164 165 162 165 162 159 165 166 162 161 2 10 0 6 2 3 6 201 205 196 206 197 200 54 52 54 51 53 49 52 50 47 54 47 54 52 52 236 242 236 235 235 239 234 236 239 127 124 131 126 127 130 123 121 124 125 127 129 129 122 130 121 58 62 58 64 59 61 61 66 64 63 81 
19 15 21 24 17 17 18 22 20 16 16 21 16 22 19 21 72 74 72 67 67 76 69 73 72 72 69 167 168 165 168 165 162 168 169 165 164 4 8 6 0 7 9 0 202 206 198 207 198 202 47 46 47 44 47 43 45 44 41 47 41 48 46 45 234 240 234 233 233 237 232 233 237 121 117 124 120 121 123 116 115 118 119 121 123 123 115 123 114 64 69 64 71 65 68 67 73 70 69 87 
14 10 15 18 10 12 11 16 15 12 10 14 11 16 14 15 79 81 79 74 73 83 75 80 78 79 76 162 163 160 162 160 157 163 164 160 159 3 8 2 7 0 2 7 199 202 194 204 195 198 54 53 54 51 54 50 52 51 48 54 48 55 53 52 234 240 234 233 233 237 232 233 237 127 123 130 126 127 129 122 121 124 125 127 129 129 121 129 120 58 63 58 65 59 61 61 67 64 63 81 
14 9 14 17 8 12 10 15 14 12 9 13 11 14 13 14 81 82 80 76 75 84 77 81 80 80 77 161 162 158 161 158 155 161 162 159 157 5 9 3 9 2 0 8 198 202 193 203 194 197 56 54 56 53 55 51 54 52 49 56 49 56 54 53 234 239 233 232 232 237 232 233 237 128 124 132 127 128 131 123 122 125 126 128 130 130 122 131 122 57 61 57 63 58 60 60 66 63 62 80 
19 14 21 23 16 16 18 22 19 15 16 20 16 22 19 21 73 75 73 68 67 76 69 74 72 73 69 167 168 164 167 165 162 167 169 165 163 4 8 6 0 7 8 0 202 206 198 207 198 202 48 46 48 45 47 43 46 44 41 48 41 48 46 46 234 240 234 233 233 237 232 234 237 121 118 125 121 121 124 117 115 118 120 122 123 123 116 124 115 64 68 63 70 65 67 66 72 70 69 87 
205 203 202 201 197 206 199 201 205 206 198 199 204 197 202 200 232 227 229 232 230 232 232 227 226 227 233 61 57 58 61 64 65 56 62 60 58 201 195 201 202 199 198 202 0 5 5 6 4 1 220 226 221 223 227 220 228 223 221 229 223 224 225 220 121 123 122 122 117 122 123 117 120 235 230 241 234 239 235 230 231 232 233 234 237 236 230 240 232 212 207 212 209 212 207 214 217 215 211 210 
209 207 206 205 201 210 203 206 209 210 202 203 208 201 206 204 235 230 232 234 233 235 235 229 229 230 235 66 62 63 66 69 70 61 67 65 63 205 198 205 206 202 202 206 5 0 9 1 8 5 223 229 224 226 230 223 231 226 225 232 226 227 228 223 118 120 119 119 114 119 120 114 117 237 232 242 235 241 236 232 233 234 235 236 238 238 232 242 234 217 212 217 214 217 211 219 221 220 216 215 
201 199 198 197 193 201 194 197 200 202 194 194 200 193 197 196 228 223 225 227 226 228 228 222 221 223 228 59 55 55 59 62 62 54 60 58 55 197 190 196 198 194 193 198 5 9 0 10 1 4 215 222 217 219 222 216 224 219 217 224 218 219 220 215 120 123 121 121 116 121 122 117 119 231 226 236 229 235 231 226 227 228 229 230 232 232 226 236 228 208 203 208 205 208 203 210 213 211 207 207 
211 209 207 207 203 211 204 207 210 211 204 204 210 203 207 205 236 231 233 236 234 236 236 230 230 231 237 67 64 64 67 70 71 62 68 66 64 207 200 206 207 204 203 207 6 1 10 0 9 6 224 231 226 228 231 225 233 228 226 233 227 228 229 224 117 120 119 118 114 119 120 114 116 238 233 243 236 242 237 233 234 235 236 237 239 239 233 242 235 218 213 218 215 218 213 220 223 221 217 217 
201 200 198 197 193 202 195 198 201 202 194 195 201 194 198 196 228 223 225 228 226 228 228 223 222 224 229 59 55 56 59 62 63 54 60 58 56 198 191 197 198 195 194 198 4 8 1 9 0 3 216 222 218 219 223 216 224 219 218 225 219 220 221 216 120 123 121 121 116 122 122 117 119 232 227 237 230 236 231 227 227 229 230 231 233 233 226 236 228 209 204 209 206 209 203 211 213 212 208 207 
205 203 202 201 197 205 198 201 204 205 198 198 204 197 201 199 232 227 229 231 229 231 232 226 225 227 232 61 57 58 61 64 65 56 62 60 58 201 194 200 202 198 197 202 1 5 4 6 3 0 219 226 221 223 226 220 227 223 221 228 222 223 224 219 120 123 122 121 117 122 123 117 119 235 230 240 233 239 234 230 230 232 233 234 236 236 229 239 231 212 207 212 209 212 206 214 216 215 211 210 
65 61 68 71 64 63 65 69 66 62 64 68 62 69 66 69 25 28 25 20 19 29 21 27 25 25 21 196 196 192 196 194 191 195 198 194 191 52 49 54 47 54 56 48 220 223 215 224 216 219 0 9 2 7 9 6 11 7 9 10 10 4 7 3 226 232 225 224 226 229 223 226 230 76 74 79 76 75 79 72 71 74 75 77 78 78 72 78 70 111 116 110 117 112 114 113 119 116 116 134 
63 59 66 69 62 60 64 67 64 59 62 66 60 68 64 67 29 33 29 23 23 32 24 32 31 30 24 201 201 197 201 199 196 200 203 198 196 50 49 52 46 53 54 46 226 229 222 231 222 226 9 0 7 3 1 6 3 3 6 2 5 5 2 7 235 240 234 233 234 237 232 235 238 82 80 85 82 81 85 79 77 80 81 83 84 84 78 84 76 108 113 107 115 108 112 110 115 113 113 131 
65 61 68 71 64 63 65 69 66 62 64 68 62 70 67 69 25 28 25 20 19 29 21 27 26 26 21 197 197 194 198 195 192 197 199 195 193 52 49 54 47 54 56 48 221 224 217 226 218 221 2 7 0 5 7 5 10 6 8 9 9 2 5 2 228 234 227 226 227 231 225 228 232 77 74 80 77 76 80 73 72 75 76 78 79 79 72 79 71 111 116 110 117 111 114 113 118 116 116 134 
62 58 65 67 61 59 62 66 63 58 61 65 59 66 63 65 29 33 29 24 23 33 25 32 30 30 25 198 198 194 198 196 193 197 200 196 193 49 47 51 44 51 53 45 223 226 219 228 219 223 7 3 5 0 4 3 5 1 4 5 4 4 2 5 232 238 231 230 231 235 229 232 236 82 79 84 82 81 85 78 77 79 81 83 84 84 77 84 76 107 112 106 114 108 111 109 114 112 112 130 
64 60 67 70 63 61 65 68 65 60 63 67 61 69 65 68 28 32 29 22 22 32 23 31 30 30 23 201 202 198 202 199 196 201 203 199 197 51 49 53 47 54 55 47 227 230 222 231 223 226 9 1 7 4 0 7 3 4 7 2 6 4 2 7 235 240 234 233 234 238 232 235 238 81 79 84 81 80 85 78 76 79 80 82 83 83 77 83 75 108 114 108 116 109 113 111 116 114 114 132 
60 57 63 66 59 58 61 65 61 57 59 63 58 65 62 64 30 33 30 25 24 34 26 32 31 31 26 195 195 191 195 193 190 194 197 193 190 47 45 49 43 50 51 43 220 223 216 225 216 220 6 6 5 3 7 0 8 3 3 8 4 5 5 3 229 235 229 227 229 232 227 229 233 82 79 85 81 81 85 78 76 79 81 82 84 84 77 84 76 106 111 105 113 106 110 108 114 111 111 129 
62 58 65 68 62 59 63 66 63 58 61 66 59 67 64 66 30 35 31 25 25 34 26 34 33 33 26 202 202 199 202 200 197 201 204 200 197 49 48 52 45 52 54 46 228 231 224 233 224 227 11 3 10 5 3 8 0 5 7 2 6 8 5 10 237 243 236 235 237 240 235 237 241 84 82 87 84 83 88 81 79 82 83 85 86 86 80 86 78 106 112 106 113 107 111 108 114 112 112 130 
61 57 64 67 60 58 61 65 62 57 60 64 58 66 62 65 30 33 30 24 24 34 26 32 31 31 26 197 198 194 198 196 193 197 199 195 193 48 46 50 44 51 52 44 223 226 219 228 219 223 7 3 6 1 4 3 5 0 3 5 3 5 2 5 232 238 231 230 232 235 230 232 236 82 80 85 82 81 86 79 77 80 81 83 84 84 78 84 76 106 111 105 113 107 110 108 114 111 111 130 
58 54 61 64 57 55 59 62 59 55 57 61 55 63 59 62 33 36 33 27 27 36 28 35 34 34 28 195 195 192 196 193 190 195 197 193 191 45 43 47 41 48 49 41 221 225 217 226 218 221 9 6 8 4 7 3 7 3 0 8 1 7 5 6 232 238 231 230 231 235 230 232 236 85 82 88 85 84 88 81 80 82 84 86 87 87 80 87 79 103 108 103 110 104 107 105 111 109 108 127 
64 60 67 70 64 61 65 69 65 60 63 68 61 69 66 68 28 33 29 23 23 32 24 32 31 30 24 203 203 199 203 201 198 202 205 201 198 51 50 54 47 54 56 48 229 232 224 233 225 228 10 2 9 5 2 8 2 5 8 0 7 6 4 9 237 242 236 235 236 239 234 237 240 82 80 85 82 81 85 79 77 80 81 83 84 84 78 84 76 108 114 108 116 109 113 111 116 114 114 132 
58 54 61 64 57 55 59 62 59 54 57 61 55 63 59 62 33 36 33 28 27 37 29 35 34 34 29 196 196 193 197 194 191 196 198 194 192 45 43 47 41 48 49 41 223 226 218 227 219 222 10 5 9 4 6 4 6 3 1 7 0 8 5 7 233 239 233 231 233 236 231 233 237 86 83 88 85 85 89 82 80 83 84 86 87 87 81 87 79 103 108 102 110 104 107 105 111 108 108 127 
65 61 68 71 64 63 66 70 66 62 64 68 62 70 67 69 25 29 26 20 19 29 21 28 26 26 21 199 199 196 200 197 194 199 201 197 195 52 50 54 48 55 56 48 224 227 219 228 220 223 4 5 2 4 4 5 8 5 7 6 8 0 3 4 231 236 230 229 230 233 228 231 234 78 75 81 78 77 81 74 73 76 77 79 80 80 74 80 72 110 116 110 117 111 114 113 118 116 116 134 
63 59 66 69 62 60 64 67 64 59 62 66 60 68 64 67 28 32 29 23 22 32 24 31 30 29 24 199 200 196 200 197 194 199 201 197 195 50 48 52 46 53 54 46 225 228 220 229 221 224 7 2 5 2 2 5 5 2 5 4 5 3 0 5 233 238 232 231 232 236 230 233 236 81 79 84 81 80 84 77 76 79 80 82 83 83 77 83 75 108 113 107 115 109 112 110 116 113 113 132 
63 59 66 68 62 60 63 67 64 60 61 66 60 67 64 66 27 30 27 22 22 31 24 29 28 28 24 195 195 192 196 193 190 195 197 193 191 49 47 52 45 52 53 46 220 223 215 224 216 219 3 7 2 5 7 3 10 5 6 9 7 4 5 0 228 233 227 226 227 230 225 228 231 79 76 82 79 78 82 75 74 76 78 80 81 81 74 81 73 108 113 108 115 109 112 111 116 114 114 132 
246 243 245 245 238 245 240 245 246 245 239 242 244 241 243 243 226 219 222 228 227 224 228 219 219 220 229 170 167 165 170 173 172 165 172 168 165 236 227 236 234 234 234 234 121 118 120 117 120 120 226 235 228 232 235 229 237 232 232 237 233 231 233 228 0 6 2 3 4 3 5 4 4 200 197 204 199 205 198 197 199 199 199 199 201 200 197 204 200 273 271 273 273 274 270 276 280 278 274 281 
252 248 250 251 243 251 246 250 252 251 244 247 250 246 249 248 231 224 228 233 232 229 233 224 224 226 234 174 170 169 174 176 175 169 176 172 168 241 232 242 240 240 239 240 123 120 123 120 123 123 232 240 234 238 240 235 243 238 238 242 239 236 238 233 6 0 7 8 7 3 9 7 3 205 202 209 204 210 203 202 204 204 204 204 206 205 202 209 205 278 276 278 279 279 275 281 285 283 279 286 
246 242 244 245 237 245 240 244 246 245 238 241 244 241 243 243 225 218 221 227 226 222 227 217 218 219 227 171 168 166 171 174 173 166 173 169 166 235 226 236 234 234 233 234 122 119 121 119 121 122 225 234 227 231 234 229 236 231 231 236 233 230 232 227 2 7 0 1 5 4 3 5 6 199 195 203 197 204 197 196 197 197 197 198 199 199 196 203 199 273 271 273 273 273 270 276 280 277 274 281 
245 241 243 244 236 244 239 243 245 244 237 240 243 240 242 242 224 217 220 226 224 221 226 216 217 218 226 171 167 166 171 173 172 166 172 169 165 234 225 235 233 233 232 233 122 119 121 118 121 121 224 233 226 230 233 227 235 230 230 235 231 229 231 226 3 8 1 0 5 5 2 6 7 198 194 202 196 203 196 195 197 196 196 197 198 198 195 202 198 272 270 272 272 272 269 275 279 277 273 280 
244 241 243 243 236 244 238 243 245 244 237 240 242 239 242 241 225 218 222 228 226 223 228 218 218 220 228 167 163 162 167 169 168 162 169 165 161 234 226 235 233 233 232 233 117 114 116 114 116 117 226 234 227 231 234 229 237 232 231 236 233 230 232 227 4 7 5 5 0 5 7 1 4 201 197 205 199 206 199 198 199 199 199 199 201 201 198 205 201 271 269 271 271 271 268 274 278 276 272 279 
249 245 247 248 241 248 243 248 249 248 242 244 247 244 246 246 228 221 225 231 229 226 231 221 221 223 231 172 169 167 172 175 174 167 174 170 167 238 230 239 237 237 237 237 122 119 121 119 122 122 229 237 231 235 238 232 240 235 235 239 236 233 236 230 3 3 4 5 5 0 6 5 3 203 199 207 201 208 201 200 201 201 201 201 203 203 200 207 203 276 274 276 276 276 273 279 283 280 277 284 
244 241 243 243 236 244 238 243 245 243 237 240 242 239 242 241 223 216 219 225 224 220 225 215 216 217 225 172 168 167 172 174 173 167 174 170 166 234 225 234 232 232 232 232 123 120 122 120 122 123 223 232 225 229 232 227 235 230 230 234 231 228 230 225 5 9 3 2 7 6 0 8 9 197 193 201 195 201 194 194 195 195 195 195 197 197 194 200 197 272 270 272 272 272 269 275 279 277 273 281 
245 242 244 244 237 244 239 244 245 244 238 240 243 240 242 242 226 219 223 228 227 224 228 219 219 221 229 167 164 162 167 170 169 162 169 165 162 235 226 236 233 233 233 234 117 114 117 114 117 117 226 235 228 232 235 229 237 232 232 237 233 231 233 228 4 7 5 6 1 5 8 0 4 202 198 206 200 206 199 199 200 200 200 200 202 202 198 205 202 271 269 272 272 272 269 274 279 276 273 280 
249 245 247 248 241 248 243 248 249 248 242 244 247 244 246 246 229 223 226 232 230 227 232 222 223 224 232 171 167 165 170 173 172 165 172 168 165 239 230 239 237 237 237 237 120 117 119 116 119 119 230 238 232 236 238 233 241 236 236 240 237 234 236 231 4 3 6 7 4 3 9 4 0 205 201 209 203 209 202 202 203 203 203 203 205 205 201 208 205 275 273 275 276 276 272 278 282 280 276 283 
140 135 142 144 136 137 138 143 140 136 136 141 137 142 140 142 55 49 53 60 60 50 59 50 52 52 59 231 230 226 231 230 227 229 233 228 225 125 120 127 121 127 128 121 235 237 231 238 232 235 76 82 77 82 81 82 84 82 85 82 86 78 81 79 200 205 199 198 201 203 197 202 205 0 5 5 2 5 3 5 6 3 2 2 2 2 6 5 6 185 189 185 191 186 188 188 193 191 190 208 
136 132 138 141 133 134 135 139 137 133 133 138 133 139 137 138 53 47 51 58 58 49 57 48 49 50 57 226 225 221 226 225 222 223 228 223 220 121 116 124 117 123 124 118 230 232 226 233 227 230 74 80 74 79 79 79 82 80 82 80 83 75 79 76 197 202 195 194 197 199 193 198 201 5 0 10 4 9 6 1 3 2 3 5 7 6 2 10 4 182 186 181 188 182 184 184 190 187 187 204 
143 139 145 148 140 141 142 147 144 140 140 145 140 146 144 145 57 52 55 62 62 53 61 53 54 54 61 236 235 231 237 235 232 234 238 233 230 128 123 131 124 130 132 125 241 242 236 243 237 240 79 85 80 84 84 85 87 85 88 85 88 81 84 82 204 209 203 202 205 207 201 206 209 5 10 0 7 4 6 11 11 9 7 6 4 4 11 1 11 189 193 188 195 189 192 191 197 194 194 211 
139 135 141 144 136 137 138 142 140 136 136 141 136 142 139 141 55 49 53 60 60 51 59 50 51 52 59 229 228 225 230 228 226 227 232 227 223 124 119 126 120 126 127 121 234 235 229 236 230 233 76 82 77 82 81 81 84 82 85 82 85 78 81 79 199 204 197 196 199 201 195 200 203 2 4 7 0 6 3 4 5 2 1 1 3 3 5 6 6 184 189 184 191 185 187 187 193 190 189 207 
139 135 142 144 136 137 138 143 140 136 137 141 137 142 140 142 53 48 52 58 58 49 57 49 50 51 58 234 233 229 235 233 230 232 236 231 228 125 120 127 121 127 128 121 239 241 235 242 236 239 75 81 76 81 80 81 83 81 84 81 85 77 80 78 205 210 204 203 206 208 201 206 209 5 9 4 6 0 8 9 8 7 6 6 5 5 9 3 8 185 189 185 191 186 188 188 193 191 190 208 
142 138 144 147 139 140 141 146 143 139 139 144 139 145 143 145 58 53 56 63 63 54 62 53 55 55 63 231 230 226 232 230 228 229 234 228 225 128 122 130 123 129 131 124 235 236 231 237 231 234 79 85 80 85 85 85 88 86 88 85 89 81 84 82 198 203 197 196 199 201 194 199 202 3 6 6 3 8 0 7 8 6 4 2 3 2 8 6 9 188 192 187 194 189 191 190 196 194 193 210 
135 131 137 140 132 133 134 138 136 132 132 137 132 138 136 137 52 46 50 57 57 48 56 47 48 48 56 226 224 221 226 225 222 223 228 223 220 120 115 123 116 122 123 117 230 232 226 233 227 230 72 79 73 78 78 78 81 79 81 79 82 74 77 75 197 202 196 195 198 200 194 199 202 5 1 11 4 9 7 0 2 2 3 5 7 7 1 10 3 181 185 180 187 181 183 183 189 186 186 203 
134 130 136 138 131 131 132 137 135 131 131 135 131 136 134 136 50 44 48 55 55 46 54 45 46 47 55 226 225 221 226 225 222 223 228 223 220 119 114 121 115 121 122 115 231 233 227 234 227 230 71 77 72 77 76 76 79 77 80 77 80 73 76 74 199 204 197 197 199 201 195 200 203 6 3 11 5 8 8 2 0 3 4 6 8 8 2 10 2 179 184 179 186 180 182 182 188 185 184 202 
137 133 139 141 133 134 135 140 138 134 134 138 134 139 137 139 53 47 51 58 58 49 57 48 49 50 57 228 226 223 228 227 224 225 230 225 221 122 117 124 118 124 125 118 232 234 228 235 229 232 74 80 75 79 79 79 82 80 82 80 83 76 79 76 199 204 197 196 199 201 195 200 203 3 2 9 2 7 6 2 3 0 1 3 5 5 3 8 4 182 186 182 188 183 185 185 191 188 187 205 
138 134 140 143 135 136 137 141 139 135 135 140 135 141 138 140 54 48 52 59 59 50 58 49 50 51 58 229 228 224 229 228 225 226 231 226 223 123 118 125 119 125 126 120 233 235 229 236 230 233 75 81 76 81 80 81 83 81 84 81 84 77 80 78 199 204 197 196 199 201 195 200 203 2 3 7 1 6 4 3 4 1 0 2 4 4 4 7 5 184 188 183 190 184 186 186 192 189 189 206 
140 136 142 145 137 138 139 143 141 137 137 142 137 143 140 142 55 50 54 61 61 51 60 51 52 53 60 230 229 225 231 229 226 228 232 227 224 125 120 127 121 127 128 122 234 236 230 237 231 234 77 83 78 83 82 82 85 83 86 83 86 79 82 80 199 204 198 197 199 201 195 200 203 2 5 6 1 6 2 5 6 3 2 0 2 2 6 6 7 186 190 185 192 186 188 188 194 191 191 208 
142 137 144 146 138 139 140 145 142 138 138 143 139 144 142 144 56 51 55 62 62 52 61 52 53 54 61 232 231 228 233 232 229 230 235 230 226 127 121 129 123 129 130 123 237 238 232 239 233 236 78 84 79 84 83 84 86 84 87 84 87 80 83 81 201 206 199 198 201 203 197 202 205 2 7 4 3 5 3 7 8 5 4 2 0 0 8 4 8 187 191 187 193 188 190 190 195 193 192 210 
141 137 144 146 138 139 140 145 142 138 138 143 138 144 142 144 56 51 55 62 62 52 61 52 53 54 61 232 231 227 233 231 228 230 234 229 226 127 121 129 123 129 130 123 236 238 232 239 233 236 78 84 79 84 83 84 86 84 87 84 87 80 83 81 200 205 199 198 201 203 197 202 205 2 6 4 3 5 2 7 8 5 4 2 0 0 8 4 8 187 191 186 193 188 190 189 195 193 192 209 
134 130 136 139 131 132 133 138 135 131 131 136 131 137 135 136 51 45 49 56 56 47 55 46 47 48 56 225 224 220 225 224 221 223 227 222 219 120 114 122 115 121 122 116 230 232 226 233 226 229 72 78 72 77 77 77 80 78 80 78 81 74 77 74 197 202 196 195 198 200 194 198 201 6 2 11 5 9 8 1 2 3 4 6 8 8 0 11 3 180 184 179 186 181 183 182 188 186 185 202 
142 138 144 147 139 140 141 146 143 139 139 144 139 145 143 145 56 51 54 61 61 52 60 52 53 53 60 235 234 231 236 234 232 233 238 233 229 127 122 130 123 129 131 124 240 242 236 242 236 239 78 84 79 84 83 84 86 84 87 84 87 80 83 81 204 209 203 202 205 207 200 205 208 5 10 1 6 3 6 10 10 8 7 6 4 4 11 0 10 188 192 187 194 189 191 190 196 193 193 210 
133 129 135 138 130 131 132 137 134 130 130 135 130 136 134 136 49 43 47 54 54 45 53 44 46 46 54 226 225 222 227 225 222 224 229 224 220 119 113 121 114 120 122 115 232 234 228 235 228 231 70 76 71 76 75 76 78 76 79 76 79 72 75 73 200 205 199 198 201 203 197 202 205 6 4 11 6 8 9 3 2 4 5 7 8 8 3 10 0 179 183 178 185 180 182 181 187 185 184 201 
46 50 43 41 49 48 47 42 45 49 49 44 48 43 45 43 136 138 136 130 130 139 131 137 136 136 131 162 164 161 162 159 156 164 163 161 161 60 66 58 64 58 57 64 212 217 208 218 209 212 111 108 111 107 108 106 106 106 103 108 103 110 108 108 273 278 273 272 271 276 272 271 275 185 182 189 184 185 188 181 179 182 184 186 187 187 180 188 179 0 8 1 8 1 7 3 9 6 6 24 
50 54 48 45 53 53 51 46 49 54 53 48 53 47 49 47 141 143 141 136 135 144 137 142 141 141 137 156 158 156 156 153 151 158 157 155 155 65 70 62 69 63 61 68 207 212 203 213 204 207 116 113 116 112 114 111 112 111 108 114 108 116 113 113 271 276 271 270 269 274 270 269 273 189 186 193 189 189 192 185 184 186 188 190 191 191 184 192 183 8 0 8 2 7 1 8 10 8 4 18 
45 49 43 41 49 48 47 42 44 48 49 44 48 43 45 43 135 138 135 130 129 139 131 137 135 136 131 162 165 162 163 159 157 165 163 161 161 60 66 58 64 58 57 63 212 217 208 218 209 212 110 107 110 106 108 105 106 105 103 108 102 110 107 108 273 278 273 272 271 276 272 272 275 185 181 188 184 185 187 180 179 182 183 185 187 186 179 187 178 1 8 0 9 1 8 3 9 6 6 25 
52 56 50 47 55 55 53 48 51 56 55 50 55 49 51 49 142 145 142 137 137 146 138 144 142 143 138 158 160 157 158 154 152 160 158 157 157 67 72 64 71 65 63 70 209 214 205 215 206 209 117 115 117 114 116 113 113 113 110 116 110 117 115 115 273 279 273 272 271 276 272 272 276 191 188 195 191 191 194 187 186 188 190 192 193 193 186 194 185 8 2 9 0 7 4 8 8 6 3 17 
46 51 44 42 50 49 48 43 46 50 50 45 49 44 46 44 136 139 136 131 131 140 132 138 137 137 132 162 164 162 163 159 157 164 163 161 161 61 67 59 65 59 58 65 212 217 208 218 209 212 112 108 111 108 109 106 107 107 104 109 104 111 109 109 274 279 273 272 271 276 272 272 276 186 182 189 185 186 189 181 180 183 184 186 188 188 181 189 180 1 7 1 7 0 7 2 8 5 5 24 
49 53 47 44 52 52 50 45 48 53 52 47 52 46 48 46 139 142 139 134 134 143 135 141 139 140 135 156 158 156 156 153 150 158 157 155 155 63 69 61 68 61 60 67 207 211 203 213 203 206 114 112 114 111 113 110 111 110 107 113 107 114 112 112 270 275 270 269 268 273 269 269 272 188 184 192 187 188 191 183 182 185 186 188 190 190 183 191 182 7 1 8 4 7 0 8 10 8 4 20 
48 52 46 44 52 51 50 45 47 51 52 47 51 46 48 46 138 140 138 133 132 141 134 139 138 138 134 164 166 164 164 161 158 166 165 163 163 63 69 61 67 61 60 66 214 219 210 220 211 214 113 110 113 109 111 108 108 108 105 111 105 113 110 111 276 281 276 275 274 279 275 274 278 188 184 191 187 188 190 183 182 185 186 188 190 189 182 190 181 3 8 3 8 2 8 0 6 3 5 23 
54 58 52 49 58 56 56 50 53 57 57 53 57 52 53 52 143 146 144 138 138 147 139 145 144 144 139 165 168 165 166 162 160 168 166 164 165 69 75 66 73 67 66 72 217 221 213 223 213 216 119 115 118 114 116 114 114 114 111 116 111 118 116 116 280 285 280 279 278 283 279 279 282 193 190 197 193 193 196 189 188 191 192 194 195 195 188 196 187 9 10 9 8 8 10 6 0 3 6 19 
51 55 49 47 55 54 53 48 50 55 55 50 54 49 51 49 141 144 141 136 135 145 137 143 141 142 137 164 166 164 164 161 159 166 165 163 163 66 72 64 70 64 63 70 215 220 211 221 212 215 116 113 116 112 114 111 112 111 109 114 108 116 113 114 278 283 277 277 276 280 277 276 280 191 187 194 190 191 194 186 185 188 189 191 193 193 186 193 185 6 8 6 6 5 8 3 3 0 4 20 
51 55 48 46 54 53 52 47 50 54 54 49 54 48 50 48 141 143 141 136 135 144 137 142 141 141 137 160 162 160 160 157 154 162 161 159 159 65 71 63 69 63 62 69 211 216 207 217 208 211 116 113 116 112 114 111 112 111 108 114 108 116 113 114 274 279 274 273 272 277 273 273 276 190 187 194 189 190 193 186 184 187 189 191 192 192 185 193 184 6 4 6 3 5 4 5 6 4 0 19 
69 73 66 64 71 72 69 65 68 72 71 66 72 65 68 66 159 161 159 154 153 163 155 160 159 159 155 156 159 157 157 153 151 159 157 155 156 83 88 81 87 81 80 87 210 215 207 217 207 210 134 131 134 130 132 129 130 130 127 132 127 134 132 132 281 286 281 280 279 284 281 280 283 208 204 211 207 208 210 203 202 205 206 208 210 209 202 210 201 24 18 25 17 24 20 23 19 20 19 0 
0 82 106 0 0 0 0 0 35 100 109 23 1 83 0 0 1 1 2 14 0 0 7 0 32 22 0 107 9 0 0 0 0 0 0 0 27 72 0 1 0 2 2 0 1 6 0 67 102 2 80 0 39 0 38 121 1 2 76 82 106 0 77 40 2 0 1 0 0 0 0 2 0 0 3 0 72 0 0 0 21 0 0 2 117 7 1 0 44 0 2 72 1 0 46 0 0 42 31 1 
3 0 3 0 0 0 0 0 0 0 5 0 61 1 0 0 107 26 0 93 13 0 1 0 0 0 0 3 0 0 0 23 0 0 2 0 0 21 0 112 0 0 0 0 0 0 0 1 1 11 0 0 4 0 1 0 0 68 1 0 9 0 60 0 35 0 65 0 0 1 0 15 0 0 18 0 0 0 0 0 0 0 1 87 0 0 65 0 97 0 6 0 0 0 0 0 0 0 1 0 
1 48 0 0 0 0 0 0 0 0 70 12 1 0 0 0 38 1 12 0 0 0 100 0 0 0 103 41 0 0 0 0 0 0 0 0 0 85 0 54 0 0 0 0 0 0 0 29 46 0 0 0 36 0 4 0 0 1 1 1 1 0 65 0 4 0 31 0 0 1 0 0 0 0 1 0 0 0 0 0 0 0 0 8 0 0 12 0 79 0 29 0 0 0 25 0 0 0 0 0 
0 0 0 0 28 1 0 105 0 1 0 0 0 1 1 73 0 0 0 0 0 0 0 72 0 0 0 0 0 0 105 0 0 28 0 95 106 0 0 0 117 18 0 1 0 33 60 0 0 0 0 0 0 5 0 5 0 0 0 0 0 0 0 0 0 111 0 0 1 0 20 0 1 3 0 26 0 1 13 1 0 0 0 0 0 0 0 1 0 0 0 0 0 0 0 1 0 0 0 121 
0 0 0 1 0 1 0 47 3 2 0 0 0 5 1 1 0 0 0 0 0 0 0 1 0 0 0 0 0 0 1 0 0 1 0 1 21 0 0 0 125 1 0 1 0 1 26 0 0 0 0 0 0 1 0 23 0 0 0 0 0 0 0 0 0 104 0 0 62 0 6 0 29 10 0 46 0 14 124 1 0 0 0 0 0 0 0 55 0 0 0 0 0 0 0 74 0 0 0 82 
0 0 0 1 1 0 0 0 0 71 0 0 0 113 30 0 0 0 0 1 0 0 0 1 0 0 0 0 0 0 112 0 0 8 0 0 18 0 0 0 0 3 0 1 0 82 0 0 0 0 0 1 0 0 0 0 0 0 0 0 0 0 0 0 0 0 0 0 0 0 0 25 74 6 0 65 0 118 1 107 0 0 103 0 0 0 0 7 0 0 0 0 0 0 0 42 0 0 1 0 
0 0 0 0 0 0 0 55 1 0 0 0 0 0 0 68 0 0 0 0 0 1 0 0 24 40 0 0 2 4 0 0 0 2 0 19 0 1 1 0 84 0 11 0 23 9 1 0 0 0 0 0 0 1 0 71 1 0 0 0 0 42 0 89 0 1 0 1 25 0 121 0 0 0 0 0 1 1 0 0 100 12 0 0 7 1 0 0 0 66 0 24 1 0 1 0 0 34 0 1 
0 0 0 47 1 0 25 0 1 0 0 0 0 0 0 1 0 0 0 0 0 1 0 0 0 0 0 0 22 0 0 0 0 1 0 28 0 0 4 0 79 0 0 0 0 0 49 0 0 0 0 0 0 21 0 0 0 0 0 0 0 2 0 0 0 43 0 89 1 0 1 0 0 21 0 0 0 1 0 1 0 110 0 0 0 13 0 0 0 18 0 59 1 0 0 0 0 1 0 23 
116 0 0 0 48 0 1 4 0 1 0 0 0 3 0 126 0 0 0 0 0 7 0 0 16 38 0 0 1 25 0 0 0 10 0 1 0 1 3 0 9 0 1 0 24 1 10 0 0 0 5 0 1 85 0 80 1 0 0 0 0 85 0 68 0 6 0 39 72 0 111 0 0 71 0 0 1 14 0 6 1 1 0 0 1 20 0 0 0 3 0 1 1 0 10 0 0 28 0 123 
36 0 0 1 1 1 0 0 119 0 0 0 0 1 1 0 0 9 0 5 0 0 1 0 69 1 0 0 16 0 0 0 0 4 0 1 89 13 0 26 0 24 0 20 0 1 1 0 1 28 0 0 127 0 20 11 6 1 0 0 26 0 0 48 0 0 0 0 0 0 0 25 0 17 0 1 1 8 0 31 0 0 1 1 1 0 1 0 0 0 0 53 1 0 11 1 0 1 3 3 
72 1 1 0 0 0 0 0 0 0 0 101 0 0 0 0 90 0 11 0 0 0 34 0 113 0 1 4 0 0 0 0 5 0 0 0 0 1 0 1 0 0 1 0 1 0 0 23 29 0 7 0 45 0 1 0 8 0 5 121 9 0 0 4 0 0 43 0 0 0 0 0 0 0 41 0 6 0 0 0 1 0 0 1 63 0 0 0 119 0 1 0 0 36 6 0 89 0 0 0 
4 0 107 0 0 0 0 0 0 0 110 0 0 0 0 0 0 0 2 0 0 0 6 0 0 0 1 1 0 0 0 0 4 0 0 0 0 0 0 1 0 0 0 0 0 0 0 1 87 0 73 0 1 0 7 0 57 0 1 114 10 0 0 0 0 0 28 0 0 0 0 0 0 0 1 0 1 0 0 0 0 0 0 0 0 0 0 0 1 0 94 0 0 1 2 0 88 0 0 0 
16 69 1 0 0 0 0 0 0 0 0 0 0 18 0 0 1 1 0 28 14 0 1 0 0 0 0 1 0 0 0 10 0 0 7 0 0 0 0 0 0 0 0 0 0 0 0 11 92 2 0 83 43 0 1 0 0 4 0 0 44 0 1 0 3 0 80 0 0 20 0 2 0 0 2 0 0 0 0 0 0 0 100 1 0 0 2 0 85 0 7 0 0 0 0 0 0 0 1 0 
17 1 0 30 1 35 0 0 1 54 0 0 105 0 12 0 0 22 0 53 0 0 7 0 5 1 0 0 1 0 0 0 0 0 0 20 1 1 0 29 0 18 0 1 4 42 0 0 8 124 0 0 1 0 21 76 114 1 0 0 1 0 0 1 0 0 73 0 0 0 0 2 0 1 1 82 1 2 0 1 0 0 1 1 6 1 55 0 1 0 0 30 17 0 15 90 0 1 1 2 
0 0 0 41 1 5 0 0 0 1 0 0 0 51 0 1 0 0 0 35 0 0 0 95 0 0 0 0 0 0 1 0 0 95 0 0 17 0 0 0 0 29 0 1 0 11 1 0 0 0 0 0 0 0 0 59 0 0 0 0 0 0 0 0 0 0 0 0 1 0 0 1 4 1 0 2 0 9 19 62 0 0 0 0 0 0 0 5 0 0 0 0 0 0 0 34 0 0 1 0 
0 0 0 12 1 0 1 1 2 0 0 0 0 0 66 0 0 0 0 0 0 6 0 46 0 0 0 0 44 0 2 0 0 19 0 1 0 0 0 0 2 0 0 0 0 89 5 0 0 0 0 0 0 54 0 34 0 0 0 0 0 22 0 0 0 1 0 1 39 0 97 0 0 18 0 21 0 2 0 29 0 32 0 0 0 0 0 18 0 38 0 0 93 0 0 1 0 28 0 25 
78 11 1 0 0 0 0 0 0 0 71 0 4 0 0 0 0 7 0 1 52 0 43 0 0 0 0 15 0 0 0 31 0 0 1 0 0 1 0 34 0 0 0 0 0 0 0 1 47 1 0 17 1 0 1 0 0 54 5 0 127 0 1 0 31 0 100 0 0 47 0 5 0 0 1 0 0 0 0 0 0 0 1 2 0 0 19 0 1 0 43 0 0 0 0 0 0 0 1 0 
81 1 3 0 0 0 0 0 0 1 0 0 1 2 0 0 7 0 0 1 13 0 3 0 19 4 0 10 0 0 0 36 0 0 1 0 62 1 0 14 0 17 0 33 0 1 0 1 18 68 0 8 24 0 1 1 0 31 24 0 6 0 9 0 1 0 84 0 0 13 0 11 0 0 1 0 0 0 0 0 0 0 17 19 0 0 22 0 26 0 64 0 0 0 2 0 0 18 1 0 
44 0 45 0 0 0 0 0 0 0 107 1 0 0 0 0 0 0 0 0 0 0 0 0 98 0 19 0 0 97 0 0 1 0 0 0 0 51 0 6 0 0 64 0 66 0 0 29 0 0 66 0 1 0 0 0 1 0 100 1 13 0 0 3 0 0 1 0 0 0 0 0 0 0 96 0 57 0 0 0 31 0 0 0 1 1 0 0 89 0 0 76 0 5 1 0 12 0 0 0 
20 1 0 0 0 1 0 0 0 69 0 0 1 17 21 0 58 2 0 0 27 0 1 0 11 1 0 88 0 0 0 0 0 0 65 0 108 1 0 0 0 44 0 60 0 9 0 0 94 75 0 23 96 0 14 4 0 1 0 0 1 0 55 0 17 0 0 0 0 80 0 120 0 100 1 52 0 0 0 0 0 0 40 67 0 0 123 0 3 0 27 0 0 0 0 112 0 0 2 0 
0 1 0 0 0 0 0 0 0 0 0 0 1 0 0 0 31 14 0 3 0 0 23 0 0 0 0 0 0 0 0 17 0 0 1 0 24 0 0 0 0 1 0 26 0 0 0 0 1 1 0 4 0 0 36 0 0 16 0 0 0 0 24 0 65 0 0 0 0 11 0 11 0 0 0 0 0 0 0 0 0 0 11 1 0 0 1 0 0 0 0 0 0 0 0 0 0 0 20 0 
0 0 0 0 0 0 10 62 1 0 0 0 0 0 0 1 0 0 0 0 0 0 0 0 64 15 0 0 4 7 0 0 0 0 0 41 0 1 63 0 0 0 1 0 33 0 3 0 0 0 80 0 1 40 0 2 85 0 0 19 0 16 0 9 0 4 0 7 0 0 118 0 0 0 0 0 9 9 0 0 86 1 0 0 9 8 0 0 0 55 0 1 1 0 15 0 0 70 0 8 
22 1 55 0 0 0 0 0 0 58 34 1 36 116 0 0 1 1 0 1 22 0 0 0 83 14 0 108 0 0 0 0 0 0 0 0 0 1 0 39 0 21 0 0 0 0 0 10 31 1 0 0 24 0 1 5 0 1 1 0 25 0 1 0 107 0 10 0 0 5 0 87 0 0 32 0 1 0 0 0 0 0 1 20 41 0 109 0 1 0 1 0 0 0 1 0 0 1 90 0 
0 0 0 15 1 122 0 0 0 0 0 0 0 0 12 3 0 0 0 0 0 0 0 0 0 0 0 0 0 0 1 0 0 50 0 1 41 0 0 0 105 1 0 0 0 1 15 0 0 0 0 0 0 66 0 0 0 0 0 0 0 0 0 0 0 87 0 0 1 0 12 0 1 1 0 1 0 1 1 5 0 0 0 0 0 0 0 1 0 0 0 0 0 0 0 1 0 0 0 0 
10 0 0 0 0 0 119 0 1 42 2 0 0 1 0 0 0 12 17 20 0 2 8 0 0 12 0 0 18 82 0 0 0 0 0 1 0 1 1 1 0 1 89 0 12 3 0 0 14 0 1 0 2 0 25 1 16 0 1 1 9 0 0 2 0 1 1 0 0 0 58 8 0 1 44 0 5 61 0 0 1 0 0 0 6 31 0 0 1 0 0 6 1 0 16 0 0 13 26 1 
1 0 0 0 0 0 12 0 21 120 0 0 0 3 0 0 0 107 0 1 0 12 1 0 68 0 0 0 108 0 0 0 0 0 0 1 36 2 56 1 0 126 19 0 58 43 6 0 1 74 1 0 26 0 15 48 32 112 87 0 1 0 0 90 0 96 4 0 0 0 0 92 0 9 61 0 1 1 0 1 1 0 0 34 5 10 54 0 114 0 0 5 94 0 1 60 0 7 30 1 
0 0 8 0 0 0 0 0 0 0 1 1 0 0 0 0 0 0 16 0 0 0 0 0 0 0 0 0 0 0 0 0 11 0 0 0 0 0 0 1 0 0 2 0 1 0 0 38 0 0 18 0 10 0 0 0 1 0 1 1 67 0 0 1 0 0 16 0 0 0 0 0 0 0 1 0 1 0 0 0 63 0 0 0 0 0 0 0 59 0 0 0 0 34 1 0 1 0 0 0 
10 1 12 0 0 0 0 0 0 0 1 76 1 0 0 0 12 4 0 3 0 0 32 0 0 0 0 0 0 0 0 1 0 0 0 0 0 19 0 2 0 0 0 0 0 0 0 1 66 1 0 0 6 0 1 0 0 13 22 0 45 0 107 0 2 0 119 0 0 1 0 0 0 0 57 0 0 0 0 0 0 0 0 24 0 0 1 0 20 0 36 0 0 0 0 0 0 0 0 0 
1 0 0 0 0 0 90 43 39 75 0 0 0 1 0 1 0 0 0 0 0 1 0 0 1 112 0 0 0 1 0 0 0 1 0 1 0 1 17 107 0 0 1 0 4 113 41 0 0 0 1 0 1 47 0 7 124 0 67 48 28 0 0 24 0 31 0 0 0 0 1 0 0 122 0 0 5 17 0 0 42 0 0 0 1 29 0 0 0 0 0 1 42 0 10 0 0 1 0 2 
0 0 0 0 0 0 20 0 70 0 0 0 0 0 0 0 0 0 2 0 0 109 0 0 72 0 0 0 4 0 0 0 113 0 0 96 0 1 8 92 0 0 22 0 1 0 0 0 0 0 35 0 0 0 0 0 67 0 0 117 0 0 0 61 0 101 0 22 0 0 0 0 0 0 0 0 72 0 0 0 1 0 0 0 102 2 0 0 0 0 0 24 101 20 8 0 5 69 0 7 
0 0 0 44 104 5 0 0 0 0 0 0 0 0 27 8 0 0 0 0 0 0 0 21 0 0 0 0 0 0 0 0 0 1 0 0 25 0 0 0 2 0 0 0 0 19 1 0 0 0 0 0 0 0 0 0 0 0 0 0 0 0 0 0 0 0 0 0 13 0 0 0 54 1 0 30 0 7 12 1 0 0 0 0 0 0 0 87 0 0 0 0 0 0 0 1 0 0 0 0 
0 18 0 0 0 0 0 0 0 0 0 0 10 0 0 0 1 77 0 0 1 0 0 0 0 0 0 24 0 0 0 0 0 0 25 0 0 0 0 0 0 0 0 0 0 0 0 0 0 69 0 16 0 0 104 0 0 26 0 0 0 0 60 0 48 0 0 0 0 1 0 0 0 0 0 0 0 0 0 0 0 0 1 24 0 0 19 0 0 0 50 0 0 0 0 0 0 0 0 0 
0 0 0 0 0 0 0 0 0 0 71 1 0 0 0 0 0 0 44 0 0 0 0 0 0 0 1 0 0 48 0 0 0 0 0 0 0 0 9 1 0 0 9 0 82 0 0 0 0 0 1 0 1 0 0 0 1 0 118 45 4 0 0 1 0 0 69 0 0 0 0 0 0 0 0 0 98 0 0 0 29 0 0 0 73 1 0 0 40 0 0 26 0 1 1 0 1 0 0 0 
0 0 0 9 100 126 39 1 56 11 0 0 0 0 91 120 0 0 0 0 0 0 0 24 0 0 0 0 36 0 22 0 0 0 0 64 29 0 0 0 1 0 0 0 0 103 1 0 0 0 0 0 0 113 0 1 0 0 0 0 0 0 0 0 0 1 0 0 3 0 3 0 0 3 0 43 0 41 0 1 0 16 0 0 0 0 0 10 0 93 0 0 4 0 0 29 0 0 0 1 
0 22 0 0 0 0 0 0 0 0 0 0 1 0 0 0 1 4 0 72 1 0 0 0 0 0 0 0 0 0 0 123 0 0 0 0 0 0 0 0 0 0 0 1 0 0 0 0 0 19 0 68 0 0 16 0 0 1 0 0 0 0 20 0 3 0 0 0 0 93 0 79 0 0 0 0 0 0 0 0 0 0 1 4 0 0 48 0 0 0 0 0 0 0 0 0 0 0 26 0 
0 0 0 5 92 0 103 2 1 8 0 0 0 60 0 79 0 0 0 0 0 5 0 1 1 56 0 0 1 1 0 0 0 54 0 0 0 14 59 0 47 84 62 0 1 1 1 0 0 0 0 0 0 11 0 55 18 0 0 0 0 8 0 26 0 1 0 85 121 0 47 0 0 76 0 2 96 1 0 1 26 34 0 0 25 1 0 0 0 118 0 89 1 0 33 26 0 4 0 52 
1 0 0 35 1 20 0 0 0 1 0 0 0 1 1 0 0 10 0 1 2 0 0 1 0 124 0 0 0 0 51 0 0 4 0 0 0 1 0 0 0 18 0 1 0 49 0 0 0 1 0 27 0 0 0 60 0 59 0 0 0 0 0 0 0 0 0 0 0 0 0 10 43 1 0 32 0 84 1 108 0 0 1 0 0 0 1 34 0 0 0 0 0 0 0 10 0 0 42 0 
8 26 1 0 0 0 1 0 120 1 14 0 0 59 0 0 1 5 1 1 0 81 61 0 1 96 0 13 9 1 0 0 0 0 0 4 54 0 1 1 0 1 52 0 65 1 0 0 50 37 1 0 1 0 4 2 44 0 16 1 3 0 0 33 0 0 17 0 0 0 0 55 0 0 44 0 1 2 0 0 2 0 0 70 3 126 33 0 111 0 0 5 1 0 41 0 0 1 1 43 
0 0 0 0 0 0 30 1 75 0 0 0 0 0 0 0 0 0 0 0 0 45 0 0 30 1 0 0 4 46 0 0 2 0 0 1 0 1 0 19 0 0 1 0 8 0 0 0 0 0 3 0 82 2 0 3 3 0 10 1 0 1 0 1 0 24 0 1 0 0 79 0 0 0 0 0 15 0 0 0 5 0 0 0 1 1 0 0 0 0 0 7 13 0 53 0 0 71 0 4 
1 1 93 0 0 0 0 0 0 81 2 1 0 9 0 0 70 66 1 0 0 0 1 0 1 80 4 1 7 1 0 0 30 0 0 0 0 6 98 0 0 0 1 0 123 0 0 1 36 0 18 0 7 0 5 72 1 0 10 9 15 0 0 60 0 0 1 0 0 0 0 0 0 0 62 0 37 0 0 0 38 0 0 28 1 71 0 0 111 0 103 1 4 102 1 0 6 1 0 0 
0 0 0 1 1 0 1 1 3 0 0 0 0 0 0 4 0 0 0 0 0 0 0 99 0 0 0 0 0 0 1 0 0 105 0 1 0 0 0 0 0 0 0 0 0 40 1 0 0 0 0 0 0 1 0 0 0 0 0 0 0 4 0 0 0 48 0 1 18 0 1 0 0 48 0 2 0 77 0 48 0 1 0 0 0 0 0 22 0 74 0 0 0 0 0 1 0 0 0 1 
1 0 0 5 24 1 0 0 0 25 0 0 0 54 1 0 0 23 0 10 1 0 5 87 26 38 0 0 0 0 0 0 0 0 0 1 32 74 0 0 0 0 0 3 0 1 0 0 3 37 0 1 0 0 0 120 0 6 0 0 0 0 0 0 0 0 0 0 0 0 0 36 0 92 0 37 0 1 0 89 0 0 1 3 0 0 1 0 0 0 0 0 0 0 0 1 0 6 3 4 
8 0 0 0 0 0 1 0 4 0 94 0 0 0 0 0 0 0 1 0 0 1 0 0 51 12 57 0 16 81 0 0 74 0 0 79 0 40 33 1 0 0 0 0 2 0 0 0 0 0 1 0 45 0 0 1 14 0 20 63 124 0 0 16 0 8 1 0 0 0 0 0 0 0 0 0 7 0 0 0 6 0 0 0 40 44 0 0 0 0 0 126 7 117 6 0 82 1 0 13 
0 0 0 95 1 7 0 0 0 6 0 0 0 12 64 0 0 3 0 14 1 0 0 0 0 0 0 0 0 0 0 0 0 0 21 0 1 0 0 0 0 6 0 0 0 5 0 0 0 1 0 99 0 0 0 1 0 1 0 0 0 0 0 0 0 0 0 0 0 0 0 5 1 29 0 10 0 0 0 0 0 0 20 0 0 0 2 0 0 0 0 0 0 0 0 113 0 0 37 0 
2 0 0 0 0 0 2 0 4 0 45 0 0 1 0 0 0 0 1 0 0 1 0 0 1 20 55 0 1 1 0 0 3 0 0 1 0 24 7 25 0 0 17 0 0 0 0 0 0 0 1 0 24 0 0 59 42 0 25 11 3 0 0 13 0 3 1 0 0 0 6 0 0 0 0 0 1 0 0 0 72 0 0 0 15 109 0 0 0 0 0 36 4 69 25 0 1 78 0 12 
82 0 0 7 76 1 1 0 16 29 0 0 0 9 16 1 0 1 0 1 0 0 0 1 1 17 0 0 1 0 6 0 0 35 0 6 1 36 0 0 12 38 0 13 0 0 106 0 0 63 0 0 4 1 0 13 0 0 0 0 0 0 0 0 0 38 0 0 115 0 2 57 0 97 0 6 0 42 0 38 0 0 0 0 1 0 0 48 0 0 0 2 1 0 0 9 0 1 1 1 
0 0 0 32 18 0 1 1 1 3 0 0 0 0 47 1 0 0 0 0 0 20 0 17 0 79 0 0 71 0 97 0 0 2 0 81 0 0 0 0 1 0 0 0 0 8 0 0 0 0 0 0 0 18 0 55 0 0 0 0 0 89 0 0 0 1 0 1 1 0 1 0 0 1 0 66 0 89 0 1 0 1 0 0 0 0 0 1 0 93 0 8 2 0 0 81 0 23 0 1 
4 3 1 0 0 0 0 0 0 0 61 1 36 0 0 0 1 48 1 0 0 0 16 0 0 0 5 1 0 0 0 0 0 0 0 0 0 0 0 117 0 0 0 0 0 0 0 0 2 0 0 0 115 0 61 0 0 0 97 1 64 0 54 0 38 0 1 0 0 2 0 0 0 0 26 0 0 0 0 0 0 0 0 1 0 0 0 0 47 0 34 0 0 0 0 0 0 0 0 0 
5 87 24 0 0 0 0 0 0 77 13 35 1 1 0 0 96 1 0 2 1 0 85 0 1 1 0 16 0 0 0 0 0 0 0 0 0 44 0 1 0 1 0 0 0 0 0 18 0 38 0 0 31 0 1 11 1 97 65 0 2 0 10 0 1 0 1 0 0 80 0 1 0 0 68 0 11 0 0 0 0 0 24 23 52 0 30 0 12 0 1 0 0 0 36 0 0 1 77 0 
16 6 0 0 0 0 0 0 0 10 0 0 1 28 0 0 1 2 0 5 1 0 76 0 0 4 0 50 0 0 0 15 0 0 75 0 5 5 0 0 0 1 0 36 0 6 0 0 10 0 0 9 3 0 2 1 0 22 0 0 103 0 23 0 54 0 0 0 0 16 0 23 0 0 22 0 0 0 0 0 0 0 67 94 0 0 1 0 2 0 95 0 0 0 0 0 0 0 19 0 
67 0 0 0 0 0 0 0 12 0 1 3 0 0 0 0 0 0 58 0 0 1 0 0 46 30 1 0 74 15 0 0 1 0 0 0 0 1 115 78 0 0 20 0 105 0 0 0 0 0 0 0 9 0 0 0 1 0 56 116 113 0 0 52 0 0 41 0 0 0 0 0 0 0 23 0 9 0 0 0 60 0 0 0 123 93 0 0 1 0 0 1 9 57 1 0 1 78 0 0 
0 0 0 0 0 29 0 0 0 0 0 0 19 0 0 0 4 30 0 61 114 0 0 0 0 0 0 0 0 0 0 107 0 0 62 0 12 0 0 0 0 87 0 1 0 0 0 0 0 66 0 0 0 0 0 0 0 1 0 0 0 0 1 0 1 0 0 0 0 69 0 23 0 0 0 0 0 0 0 0 0 0 4 69 0 0 5 0 0 0 0 0 0 0 0 0 0 0 8 0 
124 8 1 0 0 0 0 0 1 3 21 33 20 1 0 0 43 3 2 62 0 5 1 0 18 92 1 14 102 0 0 0 122 0 0 0 0 23 1 3 0 0 26 0 30 1 0 122 1 9 1 0 0 0 44 1 26 0 1 8 26 0 0 81 0 0 1 0 0 0 0 1 0 0 44 0 1 0 0 0 1 0 0 18 1 42 104 0 35 0 1 64 6 34 1 0 8 9 75 2 
0 0 0 32 71 0 1 12 6 0 0 0 0 0 0 1 0 0 0 0 0 82 0 1 0 0 0 0 1 0 0 0 0 1 0 16 0 0 8 0 1 0 0 0 0 23 109 0 0 0 0 0 0 0 0 0 0 0 0 0 0 3 0 0 0 1 0 1 18 0 10 0 0 48 0 0 0 12 0 88 0 1 0 0 0 0 0 0 0 53 0 0 14 0 0 0 0 0 0 1 
8 36 43 0 0 0 0 0 0 85 8 44 10 6 0 0 56 73 0 73 23 0 58 0 92 1 0 6 0 0 0 28 0 0 1 0 0 16 0 86 0 0 0 0 0 0 0 3 23 42 0 0 3 0 0 0 0 12 57 0 91 0 16 0 49 0 42 0 0 5 0 14 0 0 65 0 0 0 0 0 0 0 21 54 0 0 89 0 115 0 109 0 0 0 0 0 0 0 1 0 
5 0 0 1 1 0 1 0 5 6 0 0 0 2 66 1 0 1 0 12 0 27 120 0 11 1 0 0 17 0 0 0 0 93 0 2 20 7 42 26 0 24 1 9 38 1 49 0 2 59 0 0 80 0 0 0 11 0 0 0 1 0 0 1 0 15 0 0 0 0 3 62 0 2 0 7 1 26 0 1 0 0 0 0 102 27 1 0 0 0 0 15 7 0 1 1 0 9 7 1 
1 0 0 0 0 0 25 0 1 1 1 9 0 1 0 0 0 0 1 0 0 10 0 0 2 27 79 0 127 41 0 0 3 0 0 38 0 5 18 4 0 0 81 0 26 0 0 0 22 0 100 0 5 0 0 12 0 0 1 5 1 0 0 1 0 0 89 0 0 0 0 0 0 0 5 0 1 0 0 0 21 0 0 0 2 51 0 0 54 0 0 1 79 46 9 0 1 43 0 84 
1 1 90 0 0 0 0 0 0 1 0 0 1 62 0 0 21 90 0 49 2 0 18 0 0 49 0 4 0 0 0 9 0 0 35 0 42 0 0 0 0 35 0 1 0 0 0 0 6 1 0 76 0 0 1 0 0 0 0 0 93 0 1 0 71 0 0 0 0 11 0 7 0 0 2 0 0 0 0 0 0 0 69 49 0 0 1 0 15 0 2 0 0 0 0 0 0 0 2 0 
4 20 1 0 0 0 0 0 0 0 1 1 0 0 0 0 1 1 92 0 0 0 7 0 31 3 99 1 1 0 0 0 74 0 0 0 0 1 13 1 0 0 118 0 1 0 0 1 1 0 59 0 1 0 124 0 19 0 0 1 1 0 0 2 0 0 17 0 0 0 0 0 0 0 1 0 16 0 0 0 1 0 0 9 1 115 0 0 1 0 61 119 0 1 106 0 9 37 0 0 
113 0 45 0 0 0 0 0 0 0 65 87 0 0 0 0 0 0 1 0 0 2 0 0 101 0 1 0 1 108 0 0 1 0 0 0 0 4 12 1 0 0 1 0 24 0 0 7 0 0 42 0 1 0 0 0 1 0 86 0 17 0 0 1 0 0 1 0 0 0 0 0 0 0 1 0 10 0 0 0 78 0 0 0 100 1 0 0 5 0 0 1 1 49 11 0 114 13 0 0 
111 54 1 0 0 0 0 0 0 46 1 103 6 84 0 0 6 51 58 1 0 0 1 0 28 1 17 30 33 0 0 0 23 0 0 0 0 64 0 70 0 0 81 0 2 0 0 1 1 48 2 0 51 0 1 2 15 7 23 1 0 0 52 119 20 0 1 0 0 0 0 46 0 0 36 0 1 0 0 0 14 0 0 1 1 0 1 0 2 0 99 18 0 22 95 0 11 1 1 0 
0 0 0 0 0 0 1 35 1 0 0 0 0 0 0 96 0 0 0 0 0 27 0 0 0 0 0 0 0 0 0 0 0 0 0 30 0 0 79 0 55 0 0 0 0 0 18 0 0 0 0 0 0 102 0 0 0 0 0 0 0 0 0 0 0 1 0 1 1 0 13 0 0 0 0 0 0 0 0 0 0 1 0 0 0 0 0 0 0 22 0 0 3 0 0 0 0 0 0 5 
1 45 74 0 0 0 0 0 0 0 0 0 12 0 0 0 32 11 0 1 1 0 103 0 0 0 0 3 0 0 0 1 0 0 1 0 0 0 0 0 0 0 0 0 0 0 0 1 1 1 0 19 0 0 4 0 0 5 0 0 72 0 0 0 90 0 0 0 0 1 0 69 0 0 2 0 0 0 0 0 0 0 3 97 0 0 15 0 1 0 16 0 0 0 0 0 0 0 1 0 
28 0 0 0 0 0 13 0 4 1 1 0 0 106 0 0 0 0 3 0 0 109 0 0 14 11 8 0 4 1 0 0 1 0 0 113 0 2 13 34 0 0 18 0 99 0 0 0 0 0 15 0 51 0 0 36 66 0 1 1 1 0 0 0 0 96 1 0 0 0 0 0 0 0 0 0 39 0 0 0 2 0 0 0 29 74 0 0 1 0 0 43 1 58 77 0 15 10 0 68 
33 123 1 0 0 0 0 0 0 0 0 0 107 0 0 0 1 22 0 104 17 0 1 0 0 0 0 98 0 0 0 18 0 0 50 0 0 0 0 0 0 0 0 0 0 0 0 1 7 27 0 39 0 0 118 0 0 1 0 0 1 0 27 0 0 0 54 0 0 99 0 1 0 0 1 0 0 0 0 0 0 0 96 1 0 0 1 0 1 0 2 0 0 0 0 0 0 0 1 0 
0 0 0 51 16 0 1 17 26 0 0 0 0 0 0 1 0 0 0 0 0 1 0 96 122 13 0 0 5 12 0 0 0 119 0 105 0 0 1 0 1 0 19 0 70 1 29 0 0 0 0 0 0 8 0 49 0 0 0 0 0 58 0 1 0 0 0 1 24 0 29 0 0 1 0 0 0 6 0 34 0 1 0 0 100 1 0 0 0 18 0 1 8 0 0 0 0 1 0 63 
1 29 12 0 0 0 0 0 0 0 1 9 1 16 0 0 4 39 1 0 0 0 5 0 1 14 6 1 0 0 0 0 99 0 0 0 0 44 0 16 0 0 1 0 6 0 0 1 33 0 68 0 8 0 24 0 42 0 1 44 1 0 0 16 1 0 0 0 0 0 0 0 0 0 1 0 1 0 0 0 20 0 0 3 1 0 0 0 5 0 1 15 0 95 1 0 1 1 0 0 
0 0 0 0 0 0 45 44 9 0 0 0 0 0 0 21 0 0 0 0 0 11 0 0 0 0 0 0 0 15 0 0 0 0 0 124 0 0 9 0 1 0 0 0 0 0 26 0 0 0 0 0 0 34 0 0 0 0 0 0 0 15 0 0 0 1 0 0 0 0 107 0 0 0 0 0 0 0 0 0 0 5 0 0 0 1 0 0 0 28 0 0 1 0 0 0 0 0 0 48 
0 0 0 1 11 0 1 1 11 0 0 0 0 0 17 1 0 0 0 0 0 0 0 30 0 0 0 0 0 0 13 0 0 32 0 1 0 0 0 0 14 0 0 0 0 23 45 0 0 0 0 0 0 5 0 0 0 0 0 0 0 47 0 0 0 10 0 0 0 0 67 0 0 1 0 1 0 34 0 1 0 47 0 0 0 0 0 108 0 56 0 0 0 0 0 6 0 0 0 23 
0 5 1 0 0 0 0 0 0 0 0 0 1 0 0 0 4 2 0 25 103 0 70 0 0 0 0 50 0 0 0 24 0 0 8 0 0 0 0 0 0 0 0 0 0 0 0 5 1 37 0 39 0 0 85 0 0 1 0 0 0 0 96 0 94 0 0 0 0 0 0 1 0 0 54 0 0 0 0 0 0 0 1 88 0 0 1 0 103 0 16 0 0 0 0 0 0 0 1 0 
0 0 0 2 7 0 1 1 6 0 0 0 0 0 0 1 0 0 0 0 0 29 0 4 2 0 0 0 1 0 0 0 0 1 0 13 0 0 1 0 19 0 0 0 1 39 7 0 0 0 0 0 0 113 0 86 0 0 0 0 0 117 0 0 0 59 0 79 46 0 0 0 0 79 0 0 0 3 0 72 0 54 0 0 67 92 0 0 0 1 0 20 42 0 0 0 0 46 0 15 
2 105 0 0 0 55 0 0 0 1 0 0 26 45 76 0 1 23 0 1 24 0 96 0 1 20 0 0 0 0 0 0 0 0 31 0 1 1 0 0 0 22 0 54 0 49 0 0 62 93 0 54 1 0 1 5 0 110 0 0 1 0 1 0 35 0 0 0 0 11 0 0 0 2 0 123 0 0 0 0 0 0 1 6 0 0 1 0 1 0 0 0 0 0 0 26 0 0 62 0 
0 0 0 1 113 40 0 0 0 0 0 0 0 0 1 0 0 0 0 0 0 0 0 2 0 0 0 0 0 0 10 0 0 0 0 0 1 0 0 0 0 0 0 5 0 0 0 0 0 0 0 0 0 0 0 0 0 0 0 0 0 0 0 0 0 0 0 0 0 0 0 0 0 91 0 117 0 0 2 1 0 0 0 0 0 0 0 18 0 0 0 0 0 0 0 21 0 0 0 0 
0 0 0 2 56 2 0 3 1 74 0 0 0 91 25 8 0 0 0 4 0 0 0 1 1 1 0 0 13 0 17 0 0 1 0 43 1 0 0 0 64 2 0 1 0 96 121 0 0 0 0 0 0 56 0 1 0 0 0 0 0 0 0 0 0 72 0 0 107 0 34 108 120 0 0 1 0 1 26 1 0 0 0 0 0 0 0 9 0 0 0 0 0 0 0 54 0 1 36 1 
13 69 1 0 0 0 0 0 0 0 1 2 5 1 0 0 9 1 109 4 0 0 8 0 5 82 2 9 0 0 0 0 0 0 0 0 0 1 0 94 0 0 0 0 0 0 0 29 1 1 4 0 30 0 1 0 1 1 28 3 22 0 5 0 108 0 1 0 0 20 0 0 0 0 0 0 17 0 0 0 0 0 0 1 0 0 21 0 1 0 35 0 0 0 43 0 107 0 0 0 
0 0 0 1 2 29 0 0 0 32 0 0 0 88 4 2 0 0 0 1 0 0 0 3 0 0 0 0 0 0 35 0 0 1 0 87 13 0 0 0 1 1 0 37 0 4 1 0 0 0 0 0 0 0 0 64 0 0 0 0 0 0 0 0 0 0 0 0 27 0 0 1 17 7 0 0 0 1 96 5 0 0 0 0 0 0 0 55 0 0 0 0 0 0 0 101 0 0 3 0 
8 0 0 0 0 0 1 0 66 1 23 7 0 1 0 0 0 0 2 0 0 97 1 0 25 20 7 0 104 16 0 0 82 0 0 122 0 78 112 11 0 0 74 0 1 0 0 0 101 0 50 0 12 0 0 1 1 0 4 4 50 0 0 116 0 0 1 0 0 0 0 0 0 0 5 0 0 0 0 0 12 0 0 0 28 4 0 0 78 0 0 1 1 66 3 0 51 107 0 15 
0 0 0 1 1 12 1 1 3 1 0 0 0 4 1 27 0 0 0 0 0 121 0 92 1 5 0 0 14 0 96 0 0 7 0 83 97 3 0 0 19 3 0 0 0 1 1 0 0 0 0 0 0 8 0 1 0 0 0 0 0 0 0 0 0 41 0 0 10 0 15 0 0 1 0 63 0 0 0 1 0 0 0 0 1 0 0 3 0 34 0 44 1 0 0 13 0 91 0 1 
0 0 0 21 1 98 0 0 0 0 0 0 0 0 6 0 0 0 0 0 0 0 0 22 0 0 0 0 0 0 1 0 0 0 0 0 39 0 0 0 0 0 0 0 0 0 0 0 0 0 0 0 0 0 0 0 0 0 0 0 0 0 0 0 0 0 0 0 0 0 0 0 43 94 0 1 0 0 0 1 0 0 0 0 0 0 0 2 0 0 0 0 0 0 0 62 0 0 0 0 
0 0 0 1 1 69 0 1 14 17 0 0 0 1 73 40 0 0 0 0 0 0 0 1 0 1 0 0 0 0 9 0 0 1 0 4 1 0 0 0 88 1 0 0 0 16 2 0 0 0 0 0 0 1 0 8 0 0 0 0 0 0 0 0 0 1 0 0 30 0 47 0 1 51 0 19 0 26 53 0 0 0 0 0 0 0 0 7 0 0 0 0 0 0 0 52 0 0 0 124 
6 0 0 0 0 0 6 0 3 0 1 0 0 0 0 0 0 0 1 0 0 67 0 0 28 5 52 0 127 123 0 0 1 0 0 1 0 7 10 53 0 0 63 0 17 0 0 0 0 0 2 0 1 0 0 0 7 0 17 4 104 0 0 25 0 0 28 0 0 0 0 0 0 0 0 0 112 0 0 0 0 0 0 0 3 67 0 0 0 0 0 13 60 6 1 0 58 1 0 1 
0 0 0 0 0 0 1 31 1 0 0 0 0 0 0 1 0 0 0 0 0 18 0 0 0 0 0 0 0 0 0 0 0 1 0 34 0 0 0 0 53 0 0 0 0 0 1 0 0 0 0 0 0 11 0 0 0 0 0 0 0 7 0 0 0 76 0 97 16 0 123 0 0 0 0 0 0 0 0 0 0 0 0 0 0 0 0 0 0 16 0 0 117 0 0 0 0 0 0 11 
0 25 0 0 0 77 0 0 0 18 0 0 68 40 0 0 63 1 0 12 1 0 1 0 0 0 0 0 0 0 0 1 0 0 54 0 1 0 0 0 0 1 0 1 0 0 0 0 2 46 0 18 0 0 33 0 0 18 0 0 0 0 1 0 19 0 0 0 0 1 0 1 0 0 0 0 0 0 0 0 0 0 0 81 0 0 1 0 0 0 0 0 0 0 0 0 0 0 44 0 
1 12 1 0 0 0 0 0 0 30 28 0 2 52 0 0 1 5 0 1 12 0 8 0 0 53 0 8 0 0 0 4 0 0 1 0 0 3 0 34 0 35 0 0 0 0 0 108 21 51 0 57 3 0 49 0 0 2 87 0 15 0 69 0 118 0 10 0 0 1 0 31 0 0 28 0 0 0 0 0 0 0 4 0 0 0 3 0 79 0 51 0 0 0 0 0 0 0 52 0 
1 0 0 0 0 0 21 0 29 1 4 0 0 24 0 0 0 0 1 0 0 1 66 0 5 98 0 0 1 7 0 0 65 0 0 12 0 2 3 27 0 0 1 0 67 101 0 0 28 0 29 0 22 0 0 123 97 0 117 49 46 0 0 1 0 55 56 0 0 0 1 0 0 0 0 0 120 2 0 0 37 0 0 0 0 4 0 0 68 0 0 19 5 1 4 0 0 1 0 1 
15 0 0 0 0 0 1 8 1 0 0 0 0 78 0 0 0 0 62 0 0 10 0 0 1 49 0 0 1 1 0 0 20 0 0 32 0 31 58 8 0 0 6 0 51 0 0 0 0 0 47 0 38 0 0 6 1 0 109 11 0 0 0 33 0 1 0 1 0 0 12 0 0 0 0 0 126 0 0 0 1 0 0 0 65 0 0 0 0 0 0 3 10 27 6 0 0 1 0 35 
1 76 33 0 0 0 0 0 0 51 0 0 10 87 0 0 11 26 0 1 4 0 1 0 0 67 0 74 0 0 0 1 0 0 3 0 1 1 0 0 0 31 0 1 0 0 0 0 9 112 0 22 50 0 5 57 0 59 0 0 61 0 1 0 52 0 0 0 0 1 0 1 0 0 122 0 0 0 0 0 0 0 111 1 0 0 0 0 107 0 6 0 0 0 0 0 0 0 5 0 
0 0 0 8 123 30 0 0 0 0 0 0 0 0 5 1 0 0 0 0 0 0 0 38 0 0 0 0 0 0 1 0 0 1 0 0 98 0 0 0 66 0 0 0 0 1 1 0 0 0 0 0 0 0 0 0 0 0 0 0 0 0 0 0 0 0 0 0 2 0 0 0 1 114 0 21 0 1 2 1 0 0 0 0 0 0 0 0 0 0 0 0 0 0 0 12 0 0 0 0 
9 3 4 0 0 0 0 0 0 0 20 78 87 105 0 0 1 34 25 1 0 0 41 0 2 1 9 1 0 0 0 0 1 0 0 0 0 5 0 91 0 0 0 0 0 0 0 69 5 1 1 0 2 0 7 0 34 1 1 29 10 0 1 25 1 0 8 0 0 19 0 1 0 0 1 0 52 0 0 0 0 0 0 1 1 0 9 0 0 0 1 0 0 10 1 0 99 49 0 0 
0 0 0 0 0 0 30 1 40 0 0 0 0 0 0 1 0 0 0 0 0 27 0 0 0 0 0 0 0 0 0 0 0 1 0 24 0 0 0 0 4 0 0 0 0 0 1 0 0 0 0 0 0 1 0 0 0 0 0 0 0 108 0 0 0 30 0 49 18 0 1 0 0 0 0 0 0 1 0 0 0 1 0 0 0 0 0 0 0 0 0 0 71 0 0 0 0 0 0 1 
9 1 37 0 0 0 0 0 0 0 5 9 23 0 0 0 16 1 0 96 0 0 1 0 0 0 0 69 0 0 0 1 0 0 0 0 0 0 0 15 0 0 0 0 0 0 0 1 1 104 0 0 43 0 28 0 0 36 7 0 2 0 28 0 101 0 56 0 0 4 0 0 0 0 16 0 0 0 0 0 0 0 0 15 0 0 1 0 10 0 0 0 0 0 0 0 0 0 0 0 
80 0 0 0 0 0 2 63 55 38 0 0 0 4 0 0 0 0 17 0 0 54 0 0 22 1 0 0 4 96 0 0 31 0 0 1 0 62 2 1 0 0 97 0 108 1 1 0 0 0 90 0 9 0 0 46 9 0 18 2 1 0 0 26 0 9 1 0 0 0 1 0 0 0 0 0 1 16 0 0 2 0 0 0 1 7 0 0 0 0 0 0 82 6 89 0 0 1 0 65 
32 0 0 0 0 0 91 120 18 79 0 0 0 8 0 25 0 0 0 0 0 3 0 0 1 28 0 0 1 1 0 0 0 30 0 86 0 91 114 18 0 0 2 0 26 12 15 0 0 0 1 0 1 84 0 20 4 0 0 1 0 6 0 8 0 5 0 62 0 0 125 0 0 0 0 0 1 8 0 0 5 1 0 0 1 2 0 0 0 82 0 77 0 0 7 0 0 77 0 60 
0 0 0 0 0 0 0 0 0 0 1 126 0 0 0 0 0 0 13 0 0 0 0 0 0 0 10 0 0 32 0 0 84 0 0 0 0 0 0 4 0 0 1 0 76 0 0 0 0 0 70 0 5 0 0 0 2 0 1 1 1 0 0 1 0 0 1 0 0 0 0 0 0 0 0 0 57 0 0 0 118 0 0 0 1 1 0 0 1 0 0 1 0 0 8 0 44 0 0 0 
1 0 9 0 0 0 39 0 1 93 2 25 0 58 0 0 0 118 116 0 0 5 6 0 16 92 1 0 12 1 0 0 69 0 0 1 0 4 9 26 0 0 1 0 6 0 0 0 86 0 25 0 22 0 0 32 1 0 3 11 1 0 0 1 0 0 1 0 0 0 0 0 0 0 1 0 25 0 0 0 115 0 0 0 46 1 0 0 18 0 0 12 1 32 0 0 2 8 0 63 
0 0 0 111 1 1 0 0 0 1 0 0 0 4 42 68 0 0 0 6 0 0 0 14 0 67 0 0 0 0 1 0 0 92 0 41 1 0 0 0 76 113 0 11 0 1 87 0 0 0 0 0 0 0 0 4 0 0 0 0 0 0 0 0 0 0 0 0 72 0 0 1 70 20 0 1 0 1 32 4 0 0 0 0 0 0 0 3 0 0 0 0 0 0 0 0 0 0 1 0 
0 0 0 0 0 0 0 0 0 0 18 1 0 0 0 0 0 0 32 0 0 0 0 0 0 0 1 0 0 23 0 0 45 0 0 0 0 0 0 1 0 0 1 0 1 0 0 0 0 0 40 0 1 0 0 0 83 0 1 1 1 0 0 21 0 0 23 0 0 0 0 0 0 0 7 0 63 0 0 0 5 0 0 0 0 0 0 0 11 0 0 0 0 42 4 0 0 0 0 0 
1 0 0 0 0 0 9 1 4 18 0 0 0 36 0 59 0 116 0 0 0 35 1 0 127 2 0 0 88 1 0 0 0 0 0 44 0 17 14 2 0 2 17 0 88 3 1 0 3 0 1 0 1 0 0 18 49 0 33 1 1 0 0 15 0 98 98 0 0 0 1 0 0 39 0 0 45 14 0 0 7 0 0 0 34 8 0 0 1 0 0 69 1 0 29 0 0 0 0 31 
1 24 0 0 0 27 0 0 0 1 0 0 111 1 12 0 6 7 0 10 1 0 1 0 43 1 0 0 0 0 0 0 0 0 2 0 1 78 0 0 0 42 0 1 0 69 0 0 47 1 0 80 87 0 15 18 0 10 0 0 10 0 3 0 21 0 0 0 0 11 0 1 0 27 0 1 0 0 0 0 0 0 2 1 0 0 1 0 0 0 0 0 0 0 0 16 0 0 0 0 
7 0 0 1 33 0 1 1 80 84 0 0 0 1 0 42 0 0 0 0 0 2 0 0 27 1 0 0 1 8 0 0 0 4 0 27 0 23 4 0 1 8 1 0 7 98 1 0 0 0 0 0 1 1 0 28 1 0 0 0 0 71 0 1 0 5 0 1 75 0 104 0 0 54 0 0 1 7 0 1 1 58 0 0 1 21 0 0 0 1 0 2 6 0 2 0 0 7 0 0 
