100 1000
0 7 5 4 1 4 5 7 1 6 4 6 3 2 5 201 198 195 202 202 202 203 197 200 200 204 202 197 197 196 205 200 198 195 204 205 210 206 208 205 210 204 210 206 208 179 174 176 179 181 183 177 184 89 81 80 89 82 81 79 86 83 81 80 89 86 84 89 261 263 266 260 266 264 263 261 264 262 259 265 263 259 263 265 263 105 102 103 101 101 105 99 102 103 105 99 101 102 108 101 
7 0 8 4 6 3 6 1 7 2 3 1 4 7 2 206 203 200 207 207 206 207 201 205 205 208 206 201 201 201 209 205 203 199 203 205 210 206 208 205 209 203 209 206 208 180 175 177 180 182 184 178 185 89 82 80 89 82 82 80 86 83 81 81 89 87 84 89 264 266 269 263 269 267 267 264 267 265 262 268 266 262 267 268 266 106 103 104 102 102 106 100 104 105 106 100 103 103 110 102 
5 8 0 4 4 6 9 8 4 6 6 8 5 7 6 198 195 192 199 199 199 199 193 197 197 200 199 193 193 193 201 197 195 191 198 200 205 201 203 200 205 199 204 201 203 174 169 171 174 176 178 172 179 94 87 85 94 87 87 84 91 88 86 86 94 92 89 94 257 259 262 256 262 260 259 257 260 257 255 261 259 255 259 261 258 100 97 98 96 96 100 94 97 98 100 94 96 97 103 96 
4 4 4 0 2 3 6 5 3 3 2 4 2 5 2 202 198 195 203 203 202 203 197 201 201 204 202 197 197 197 205 201 199 195 201 203 208 203 206 203 207 201 207 204 206 177 172 174 177 180 181 175 182 91 84 82 91 84 84 82 88 85 83 83 91 89 86 91 261 262 265 260 266 263 263 260 264 261 258 265 263 259 263 265 262 103 100 101 99 99 104 97 101 102 103 98 100 100 107 99 
1 6 4 2 0 3 5 6 1 5 3 6 2 3 4 201 198 195 202 202 202 203 197 200 200 204 202 196 197 196 205 200 198 195 203 204 209 205 207 204 209 203 209 205 207 178 173 175 178 180 182 176 183 90 82 81 90 83 82 80 87 84 82 81 90 87 85 90 261 263 266 260 266 263 263 261 264 261 258 265 263 259 263 265 262 104 101 102 100 100 104 98 101 103 104 98 100 101 108 100 
4 3 6 3 3 0 3 4 4 3 1 3 1 3 2 204 201 198 205 205 205 205 199 203 203 207 205 199 199 199 207 203 201 197 204 205 211 206 209 206 210 204 210 207 209 180 175 177 180 182 184 178 185 88 81 79 88 81 81 79 85 83 80 80 88 86 83 88 264 265 268 262 268 266 266 263 267 264 261 268 265 261 266 267 265 106 103 104 102 102 106 100 103 105 106 100 102 103 110 102 
5 6 9 6 5 3 0 6 6 6 4 5 4 3 5 206 203 200 207 207 206 207 201 205 205 208 206 201 201 201 209 205 203 199 207 209 214 209 212 209 213 207 213 210 212 183 178 180 183 185 187 181 188 85 78 76 85 78 78 76 82 79 77 77 85 83 80 85 266 268 271 265 271 268 268 266 269 266 263 270 268 264 268 270 267 109 106 107 105 105 109 103 106 108 109 103 105 106 113 105 
7 1 8 5 6 4 6 0 8 2 3 1 5 7 3 206 203 200 207 207 207 207 201 205 205 208 207 201 201 201 209 205 203 199 203 205 210 205 208 205 209 203 209 206 208 180 175 177 180 182 184 178 185 89 82 80 89 82 82 80 86 84 81 81 89 87 84 89 265 266 269 263 269 267 267 264 268 265 262 269 266 262 267 268 266 106 103 104 102 102 106 100 104 105 106 100 103 103 110 102 
1 7 4 3 1 4 6 8 0 6 4 7 3 3 5 200 197 194 201 201 201 201 196 199 199 203 201 195 195 195 203 199 197 193 202 204 209 204 207 204 208 202 208 205 207 178 173 175 178 180 182 176 183 90 83 81 90 83 83 81 88 84 82 82 90 88 85 90 260 262 265 259 265 263 262 260 263 260 257 264 262 258 262 264 261 104 100 102 100 99 104 97 101 102 103 98 100 101 107 99 
6 2 6 3 5 3 6 2 6 0 2 2 3 6 1 204 201 198 205 205 205 205 199 203 203 206 205 199 199 199 207 203 201 197 202 203 209 204 207 204 208 202 208 205 207 179 173 176 179 181 182 176 183 90 83 81 90 83 83 81 87 85 82 82 90 88 85 90 263 264 267 262 268 265 265 262 266 263 260 267 264 261 265 267 264 105 102 103 101 100 105 98 102 103 104 99 101 102 108 101 
4 3 6 2 3 1 4 3 4 2 0 2 1 4 1 204 201 198 205 205 204 205 199 203 203 206 204 199 199 199 207 203 201 197 203 205 210 205 208 205 209 203 209 206 208 180 174 177 180 182 183 177 184 89 82 80 89 82 82 80 86 83 81 81 89 87 84 89 263 265 268 262 268 266 265 263 266 263 260 267 265 261 265 267 264 106 102 104 102 101 106 99 103 104 105 100 102 103 109 101 
6 1 8 4 6 3 5 1 7 2 2 0 4 6 2 206 203 200 207 207 207 207 201 205 205 208 206 201 201 201 209 205 203 199 204 205 211 206 209 206 210 204 210 206 209 181 175 178 181 183 184 178 185 88 81 80 89 81 81 79 86 83 81 80 88 86 84 88 265 266 269 264 270 267 267 264 268 265 262 269 266 263 267 269 266 107 104 105 103 102 107 100 104 105 106 101 103 104 110 103 
3 4 5 2 2 1 4 5 3 3 1 4 0 3 2 203 200 197 204 204 204 204 198 202 202 205 204 198 198 198 206 202 200 196 204 205 210 206 208 205 210 204 210 206 208 180 174 177 180 182 183 177 184 89 81 80 89 82 81 79 86 83 81 80 89 86 84 89 263 264 267 261 267 265 265 262 266 263 260 267 264 260 265 266 264 105 102 103 102 101 106 99 103 104 105 100 102 103 109 101 
2 7 7 5 3 3 3 7 3 6 4 6 3 0 5 203 200 197 204 204 204 204 198 202 202 205 204 198 198 198 206 202 200 196 205 207 212 208 210 207 212 205 211 208 210 181 176 178 181 183 185 179 186 87 80 78 87 80 80 77 84 81 79 79 87 85 82 87 263 265 268 262 268 266 265 263 266 263 261 267 265 261 265 267 264 107 103 105 103 103 107 100 104 105 106 101 103 104 110 102 
5 2 6 2 4 2 5 3 5 1 1 2 2 5 0 204 201 198 205 205 205 205 199 203 203 206 205 199 199 199 207 203 201 197 203 204 210 205 208 205 209 203 209 205 208 179 174 176 179 181 183 177 184 89 82 81 89 82 82 80 87 84 82 81 89 87 85 89 263 265 268 262 268 265 265 263 266 263 260 267 265 261 265 267 264 105 102 103 101 101 105 99 103 104 105 99 102 102 109 101 
201 206 198 202 201 204 206 206 200 204 204 206 203 203 204 0 4 8 1 2 2 3 9 5 3 4 1 8 5 5 4 2 8 7 152 156 154 151 158 150 161 156 154 153 155 112 117 113 115 119 119 115 119 275 268 267 273 269 269 266 275 269 269 267 276 272 271 275 87 84 90 84 88 90 85 86 88 84 81 89 88 84 85 86 82 129 123 124 131 129 124 131 126 128 126 129 123 123 122 124 
198 203 195 198 198 201 203 203 197 201 201 203 200 200 201 4 0 8 5 6 4 7 10 3 2 8 5 9 3 4 9 3 10 4 153 158 156 153 160 151 163 157 156 155 157 113 117 114 116 120 121 116 120 271 264 264 269 266 265 262 271 266 265 264 272 268 267 271 91 88 95 88 92 94 89 90 92 88 86 93 92 89 89 91 86 127 121 123 130 128 122 129 125 126 124 127 121 121 120 122 
195 200 192 195 195 198 200 200 194 198 198 200 197 197 198 8 8 0 9 8 10 8 3 12 10 9 9 2 5 4 10 8 4 6 145 149 148 144 151 143 154 149 148 146 148 104 109 105 107 112 112 107 112 270 263 262 268 265 264 261 270 265 264 262 271 267 266 270 87 84 90 84 88 90 85 86 88 84 81 89 88 84 85 87 83 121 115 117 124 122 116 123 119 120 118 122 115 115 114 116 
202 207 199 203 202 205 207 207 201 205 205 207 204 204 205 1 5 9 0 2 2 2 10 5 3 4 0 9 6 6 4 2 9 8 153 157 155 152 159 150 162 156 155 154 156 112 117 113 116 120 120 116 120 276 269 268 274 270 269 267 275 270 270 268 276 273 272 276 87 83 90 83 87 90 85 86 87 83 81 89 88 84 85 86 82 130 124 125 132 130 125 132 127 129 127 130 124 124 123 125 
202 207 199 203 202 205 207 207 201 205 205 207 204 204 205 2 6 8 2 0 4 1 8 7 5 2 2 8 6 6 2 4 7 8 151 155 153 150 157 149 160 155 153 152 154 111 116 112 114 119 119 114 118 276 269 269 275 271 270 267 276 271 270 269 277 273 272 277 85 82 88 82 86 88 83 84 86 82 79 87 86 83 83 84 80 129 123 125 132 130 125 132 127 128 126 130 124 124 122 124 
202 206 199 202 202 205 206 207 201 205 204 207 204 204 205 2 4 10 2 4 0 4 11 3 2 5 2 10 6 7 6 2 10 7 154 158 157 153 161 152 164 158 157 155 157 114 119 115 117 122 122 117 121 275 268 267 273 270 269 266 275 270 269 268 276 272 271 275 89 85 92 85 89 92 86 87 89 85 83 90 90 86 86 88 83 130 124 126 133 131 126 133 128 129 127 131 124 125 124 125 
203 207 199 203 203 205 207 207 201 205 205 207 204 204 205 3 7 8 2 1 4 0 8 8 6 1 2 7 6 6 2 4 7 8 150 155 153 150 157 148 160 154 153 152 154 110 115 111 114 118 118 114 118 277 269 269 275 271 270 267 276 271 271 269 277 274 273 277 85 81 88 81 85 88 83 83 85 81 79 87 86 82 82 84 80 129 123 125 132 130 124 131 127 128 126 130 123 123 122 124 
197 201 193 197 197 199 201 201 196 199 199 201 198 198 199 9 10 3 10 8 11 8 0 13 11 9 9 1 7 6 9 10 2 8 143 147 146 143 150 141 153 147 146 144 147 103 108 104 106 111 111 106 110 272 265 264 270 266 266 263 272 267 266 264 273 269 268 272 84 82 88 81 86 87 83 83 85 81 79 87 85 81 83 84 80 121 116 117 124 122 117 124 119 120 118 122 116 116 115 117 
200 205 197 201 200 203 205 205 199 203 203 205 202 202 203 5 3 12 5 7 3 8 13 0 2 9 5 12 7 7 9 4 13 7 156 161 159 156 163 154 166 160 159 158 160 116 121 117 119 123 124 119 123 273 266 265 271 268 267 264 273 268 267 266 274 270 269 273 92 88 95 88 92 95 90 91 92 88 86 94 93 89 89 91 87 130 124 126 133 131 126 133 128 129 127 131 124 124 124 125 
200 205 197 201 200 203 205 205 199 203 203 205 202 202 203 3 2 10 3 5 2 6 11 2 0 7 3 10 5 6 7 2 11 6 155 159 157 154 161 152 164 158 157 156 158 114 119 115 117 122 122 117 121 273 266 266 271 268 267 264 273 268 267 266 274 270 269 274 90 87 93 87 91 93 88 89 91 87 85 92 91 88 88 90 85 129 123 125 132 130 125 132 127 128 126 130 123 123 123 124 
204 208 200 204 204 207 208 208 203 206 206 208 205 205 206 4 8 9 4 2 5 1 9 9 7 0 4 8 8 8 1 5 7 10 150 154 152 149 157 148 160 154 153 151 153 110 115 111 114 118 118 114 117 278 271 270 276 273 272 269 278 272 272 270 279 275 274 278 83 80 87 80 84 86 81 82 84 80 78 85 84 81 81 83 78 130 124 125 133 130 125 132 127 129 127 130 124 124 123 125 
202 206 199 202 202 205 206 207 201 205 204 206 204 204 205 1 5 9 0 2 2 2 9 5 3 4 0 8 5 6 4 2 9 7 152 156 155 152 159 150 162 156 155 153 156 112 117 113 115 120 120 115 119 275 268 268 274 270 269 266 275 270 269 268 276 272 271 276 87 84 90 84 88 90 85 86 87 83 81 89 88 84 85 86 82 129 123 125 132 130 125 132 127 128 126 130 124 124 123 124 
197 201 193 197 196 199 201 201 195 199 199 201 198 198 199 8 9 2 9 8 10 7 1 12 10 8 8 0 6 5 9 9 2 7 144 149 147 144 151 142 154 148 147 146 148 104 109 105 107 112 112 107 111 272 264 264 270 266 265 262 271 266 265 264 272 268 268 272 85 82 89 82 86 88 84 84 86 82 80 87 86 82 84 85 81 122 116 117 125 122 117 124 119 121 119 122 116 116 115 117 
197 201 193 197 197 199 201 201 195 199 199 201 198 198 199 5 3 5 6 6 6 6 7 7 5 8 5 6 0 1 8 4 7 2 150 154 153 149 157 148 160 154 153 151 153 109 114 110 112 117 117 112 117 270 263 263 269 265 264 261 270 265 264 263 271 267 266 271 90 87 93 86 91 93 88 88 90 86 84 92 91 87 88 89 85 125 118 120 127 125 120 127 122 123 121 125 119 119 118 119 
196 201 193 197 196 199 201 201 195 199 199 201 198 198 199 5 4 4 6 6 7 6 6 7 6 8 6 5 1 0 8 5 7 3 149 153 152 148 156 147 159 153 152 150 152 108 113 109 112 116 116 112 116 270 263 263 268 265 264 261 270 265 264 263 271 267 266 271 89 86 93 86 90 92 87 88 90 86 84 91 90 86 87 89 85 124 118 119 127 124 119 126 121 123 121 124 118 118 117 119 
205 209 201 205 205 207 209 209 203 207 207 209 206 206 207 4 9 10 4 2 6 2 9 9 7 1 4 9 8 8 0 6 8 11 151 155 153 150 157 148 160 154 153 152 154 111 116 112 114 118 118 114 118 279 272 271 277 273 272 270 278 273 273 271 279 276 275 279 83 79 86 79 83 86 81 82 83 79 77 85 84 80 81 82 78 131 125 126 133 131 126 133 128 129 128 131 125 125 124 126 
200 205 197 201 200 203 205 205 199 203 203 205 202 202 203 2 3 8 2 4 2 4 10 4 2 5 2 9 4 5 6 0 9 6 153 157 155 152 159 151 162 157 155 154 156 112 117 113 116 120 120 116 120 274 267 266 272 268 267 265 273 268 268 266 274 271 270 274 89 85 92 85 89 92 87 88 89 85 83 91 90 86 87 88 84 129 122 124 131 129 124 131 126 128 126 129 123 123 122 123 
198 203 195 199 198 201 203 203 197 201 201 203 200 200 201 8 10 4 9 7 10 7 2 13 11 7 9 2 7 7 8 9 0 9 144 148 146 143 150 142 153 148 146 145 147 103 109 105 107 111 111 107 111 274 266 266 272 268 267 264 273 268 267 266 274 271 270 274 83 80 86 80 84 86 81 82 84 80 78 85 84 80 81 83 79 123 117 119 126 124 118 125 121 122 120 124 117 117 116 118 
195 199 191 195 195 197 199 199 193 197 197 199 196 196 197 7 4 6 8 8 7 8 8 7 6 10 7 7 2 3 11 6 9 0 150 154 153 150 157 148 160 154 153 152 154 109 114 110 113 117 117 112 117 268 261 261 266 263 262 259 268 263 262 261 269 265 264 269 92 89 95 88 93 95 90 90 92 88 86 94 93 89 90 91 87 123 117 119 126 124 118 125 121 122 120 124 117 117 117 118 
204 203 198 201 203 204 207 203 202 202 203 204 204 205 203 152 153 145 153 151 154 150 143 156 155 150 152 144 150 149 151 153 144 150 0 4 7 3 7 3 10 4 6 3 5 43 41 43 40 35 35 41 35 292 285 283 292 285 285 283 289 287 285 284 292 290 287 292 127 133 130 129 134 127 133 128 131 131 129 131 128 127 133 134 135 102 109 106 105 106 104 108 106 104 104 108 109 108 101 110 
205 205 200 203 204 205 209 205 204 203 205 205 205 207 204 156 158 149 157 155 158 155 147 161 159 154 156 149 154 153 155 157 148 154 4 0 7 6 4 7 6 1 6 4 4 47 45 47 44 39 39 45 39 294 286 285 294 287 286 284 291 288 286 285 294 291 289 294 130 137 134 133 137 130 136 131 135 135 133 134 132 130 136 137 138 104 111 109 107 109 106 110 108 106 106 110 112 111 103 112 
210 210 205 208 209 211 214 210 209 209 210 211 210 212 210 154 156 148 155 153 157 153 146 159 157 152 155 147 153 152 153 155 146 153 7 7 0 5 6 6 8 8 1 4 3 47 46 48 45 40 39 46 39 299 292 290 299 292 292 290 296 293 291 291 299 297 294 299 125 132 128 128 132 125 131 126 129 130 128 129 127 125 131 132 134 108 115 113 112 113 110 115 113 111 110 115 116 115 108 116 
206 206 201 203 205 206 209 205 204 204 205 206 206 208 205 151 153 144 152 150 153 150 143 156 154 149 152 144 149 148 150 152 143 150 3 6 5 0 7 1 10 6 4 2 4 43 42 44 40 36 35 42 35 294 287 286 294 287 287 285 292 289 287 286 294 292 290 294 125 131 128 127 132 125 131 126 129 129 127 129 126 125 131 132 133 103 110 108 107 108 106 110 108 106 105 110 111 110 103 111 
208 208 203 206 207 209 212 208 207 207 208 209 208 210 208 158 160 151 159 157 161 157 150 163 161 157 159 151 157 156 157 159 150 157 7 4 6 7 0 9 3 5 5 5 4 50 48 50 47 42 42 48 42 297 290 288 297 290 290 288 294 291 289 289 297 295 292 297 131 138 134 133 138 131 137 132 135 135 134 135 132 131 137 138 139 107 115 112 111 112 110 114 112 110 109 114 115 114 107 115 
205 205 200 203 204 206 209 205 204 204 205 206 205 207 205 150 151 143 150 149 152 148 141 154 152 148 150 142 148 147 148 151 142 148 3 7 6 1 9 0 12 7 5 3 5 42 41 43 39 34 34 40 33 294 287 285 294 287 287 284 291 288 286 286 294 292 289 294 124 130 127 126 131 124 129 124 128 128 126 128 125 123 130 131 132 103 110 107 106 107 105 109 107 105 105 109 110 109 102 110 
210 209 205 207 209 210 213 209 208 208 209 210 210 212 209 161 163 154 162 160 164 160 153 166 164 160 162 154 160 159 160 162 153 160 10 6 8 10 3 12 0 7 8 8 6 53 51 53 50 45 44 51 44 298 291 289 298 291 291 289 295 293 290 290 298 296 293 298 133 140 137 136 140 133 139 134 138 138 136 137 135 133 139 140 142 109 117 114 112 114 112 116 114 112 111 116 117 116 109 117 
204 203 199 201 203 204 207 203 202 202 203 204 204 205 203 156 157 149 156 155 158 154 147 160 158 154 156 148 154 153 154 157 148 154 4 1 8 6 5 7 7 0 7 5 5 46 44 46 43 38 38 44 38 292 285 283 292 285 285 283 289 287 284 284 292 290 287 292 131 137 134 133 138 131 137 132 135 135 133 135 132 131 137 138 139 102 110 107 106 107 105 109 107 105 104 109 110 109 102 111 
210 209 204 207 209 210 213 209 208 208 209 210 210 211 209 154 156 148 155 153 157 153 146 159 157 153 155 147 153 152 153 155 146 153 6 6 1 4 5 5 8 7 0 3 2 47 46 48 44 40 39 46 39 298 291 290 298 291 291 289 295 293 291 290 298 296 293 298 126 133 129 128 133 126 132 127 130 130 129 130 127 126 132 133 134 108 115 112 111 112 110 114 112 110 109 114 115 114 107 115 
206 206 201 204 205 207 210 206 205 205 206 206 206 208 205 153 155 146 154 152 155 152 144 158 156 151 153 146 151 150 152 154 145 152 3 4 4 2 5 3 8 5 3 0 3 45 43 45 42 37 36 43 36 295 288 286 295 288 288 285 292 289 287 286 295 293 290 295 127 133 130 129 133 127 132 127 131 131 129 130 128 126 132 134 135 104 111 109 108 109 106 111 109 107 106 111 112 111 104 112 
208 208 203 206 207 209 212 208 207 207 208 209 208 210 208 155 157 148 156 154 157 154 147 160 158 153 156 148 153 152 154 156 147 154 5 4 3 4 4 5 6 5 2 3 0 47 46 48 44 40 39 46 39 297 290 288 297 290 290 288 294 291 289 289 297 295 292 297 127 134 131 130 134 127 133 128 132 132 130 131 129 127 133 134 136 107 114 111 110 111 109 113 111 109 108 113 114 113 106 114 
179 180 174 177 178 180 183 180 178 179 180 181 180 181 179 112 113 104 112 111 114 110 103 116 114 110 112 104 109 108 111 112 103 109 43 47 47 43 50 42 53 46 47 45 47 0 7 3 3 8 8 4 8 267 260 259 267 261 260 258 265 262 260 259 268 265 263 267 106 111 110 107 113 107 111 106 110 109 107 110 108 105 111 112 112 74 78 77 78 78 74 81 77 76 75 80 79 78 71 79 
174 175 169 172 173 175 178 175 173 173 174 175 174 176 174 117 117 109 117 116 119 115 108 121 119 115 117 109 114 113 116 117 109 114 41 45 46 42 48 41 51 44 46 43 46 7 0 5 5 7 9 3 10 263 255 254 262 256 255 253 260 257 255 254 263 260 258 263 113 119 118 114 120 114 118 114 117 116 114 118 115 112 118 120 119 69 74 72 73 74 70 76 72 71 70 75 75 74 67 75 
176 177 171 174 175 177 180 177 175 176 177 178 177 178 176 113 114 105 113 112 115 111 104 117 115 111 113 105 110 109 112 113 105 110 43 47 48 44 50 43 53 46 48 45 48 3 5 0 4 8 9 2 10 265 257 256 264 258 257 255 262 259 257 256 265 262 260 265 109 114 113 110 115 110 114 109 113 112 109 113 111 108 114 115 115 71 75 74 75 75 71 78 74 73 72 77 76 75 68 76 
179 180 174 177 178 180 183 180 178 179 180 181 180 181 179 115 116 107 116 114 117 114 106 119 117 114 115 107 112 112 114 116 107 113 40 44 45 40 47 39 50 43 44 42 44 3 5 4 0 5 6 2 6 268 260 259 267 261 260 258 265 262 260 259 268 265 263 268 109 114 113 109 115 109 113 109 113 112 109 113 110 107 113 115 115 74 79 77 78 79 75 81 77 76 75 80 79 78 71 80 
181 182 176 180 180 182 185 182 180 181 182 183 182 183 181 119 120 112 120 119 122 118 111 123 122 118 120 112 117 116 118 120 111 117 35 39 40 36 42 34 45 38 40 37 40 8 7 8 5 0 2 6 3 270 263 261 270 263 263 260 268 264 262 262 270 267 265 270 111 116 115 112 117 111 116 111 115 114 111 115 112 110 116 117 117 76 81 79 80 81 77 83 80 78 77 83 82 81 74 82 
183 184 178 181 182 184 187 184 182 182 183 184 183 185 183 119 121 112 120 119 122 118 111 124 122 118 120 112 117 116 118 120 111 117 35 39 39 35 42 34 44 38 39 36 39 8 9 9 6 2 0 7 1 271 264 263 271 265 264 262 269 266 264 263 272 269 267 271 110 115 114 111 116 110 115 110 114 113 111 114 111 109 115 116 116 78 83 81 82 82 79 84 81 80 79 84 84 82 75 84 
177 178 172 175 176 178 181 178 176 176 177 178 177 179 177 115 116 107 116 114 117 114 106 119 117 114 115 107 112 112 114 116 107 112 41 45 46 42 48 40 51 44 46 43 46 4 3 2 2 6 7 0 8 265 258 257 265 258 258 256 263 260 258 257 265 263 261 265 110 115 114 111 117 111 115 110 114 113 111 114 112 109 115 117 116 72 76 75 76 76 72 78 75 74 73 78 77 76 69 77 
184 185 179 182 183 185 188 185 183 183 184 185 184 186 184 119 120 112 120 118 121 118 110 123 121 117 119 111 117 116 118 120 111 117 35 39 39 35 42 33 44 38 39 36 39 8 10 10 6 3 1 8 0 273 265 264 272 266 265 263 270 267 265 264 273 270 268 273 108 114 112 109 115 109 113 109 112 112 109 112 110 107 113 115 115 79 84 82 83 84 80 86 82 81 80 85 85 84 77 85 
89 89 94 91 90 88 85 89 90 90 89 88 89 87 89 275 271 270 276 276 275 277 272 273 273 278 275 272 270 270 279 274 274 268 292 294 299 294 297 294 298 292 298 295 297 267 263 265 268 270 271 265 273 0 7 9 3 7 7 10 5 6 8 8 2 3 5 1 344 345 349 342 348 347 345 343 347 343 341 348 346 342 345 347 344 194 189 191 190 189 193 187 190 192 193 187 189 190 196 188 
81 82 87 84 82 81 78 82 83 83 82 81 81 80 82 268 264 263 269 269 268 269 265 266 266 271 268 264 263 263 272 267 266 261 285 286 292 287 290 287 291 285 291 288 290 260 255 257 260 263 264 258 265 7 0 2 7 3 2 2 8 2 3 2 8 5 3 8 337 337 341 335 341 339 338 336 339 336 333 340 338 334 338 340 337 186 182 183 182 182 186 180 183 184 185 180 181 182 189 181 
80 80 85 82 81 79 76 80 81 81 80 80 80 78 81 267 264 262 268 269 267 269 264 265 266 270 268 264 263 263 271 266 266 261 283 285 290 286 288 285 289 283 290 286 288 259 254 256 259 261 263 257 264 9 2 0 9 2 1 2 7 3 1 1 9 7 4 9 336 337 340 334 340 338 337 335 339 335 333 340 338 334 337 339 336 185 181 182 181 180 184 178 182 183 184 179 180 181 188 180 
89 89 94 91 90 88 85 89 90 90 89 89 89 87 89 273 269 268 274 275 273 275 270 271 271 276 274 270 269 268 277 272 272 266 292 294 299 294 297 294 298 292 298 295 297 267 262 264 267 270 271 265 272 3 7 9 0 8 8 9 8 6 9 9 5 3 6 4 343 343 347 341 347 345 344 342 345 342 339 346 344 340 344 346 343 193 189 190 189 189 193 187 190 191 192 187 188 189 196 188 
82 82 87 84 83 81 78 82 83 83 82 81 82 80 82 269 266 265 270 271 270 271 266 268 268 273 270 266 265 265 273 268 268 263 285 287 292 287 290 287 291 285 291 288 290 261 256 258 261 263 265 258 266 7 3 2 8 0 1 4 5 3 1 2 7 6 2 7 338 339 342 336 342 341 339 337 341 338 335 342 340 336 339 341 338 187 183 184 183 182 186 180 184 185 186 181 182 183 190 182 
81 82 87 84 82 81 78 82 83 83 82 81 81 80 82 269 265 264 269 270 269 270 266 267 267 272 269 265 264 264 272 267 267 262 285 286 292 287 290 287 291 285 291 288 290 260 255 257 260 263 264 258 265 7 2 1 8 1 0 3 6 2 1 1 7 6 3 7 337 338 342 336 341 340 339 337 340 337 334 341 339 335 339 340 337 186 182 184 182 182 186 180 183 184 186 180 181 182 189 181 
79 80 84 82 80 79 76 80 81 81 80 79 79 77 80 266 262 261 267 267 266 267 263 264 264 269 266 262 261 261 270 265 264 259 283 284 290 285 288 284 289 283 289 285 288 258 253 255 258 260 262 256 263 10 2 2 9 4 3 0 9 4 4 2 10 7 5 10 335 335 339 333 339 337 336 334 337 334 331 338 336 332 336 338 335 184 180 181 180 180 184 177 181 182 183 178 179 180 187 179 
86 86 91 88 87 85 82 86 88 87 86 86 86 84 87 275 271 270 275 276 275 276 272 273 273 278 275 271 270 270 278 273 273 268 289 291 296 292 294 291 295 289 295 292 294 265 260 262 265 268 269 263 270 5 8 7 8 5 6 9 0 6 6 7 4 7 5 4 343 344 348 341 347 346 344 342 346 343 340 347 345 341 344 346 343 191 187 189 187 187 191 185 188 190 191 185 187 188 194 186 
83 83 88 85 84 83 79 84 84 85 83 83 83 81 84 269 266 265 270 271 270 271 267 268 268 272 270 266 265 265 273 268 268 263 287 288 293 289 291 288 293 287 293 289 291 262 257 259 262 264 266 260 267 6 2 3 6 3 2 4 6 0 3 3 6 4 2 6 339 339 343 337 343 341 340 338 341 338 335 342 340 336 340 342 338 188 184 185 184 183 187 181 185 186 187 182 183 184 191 183 
81 81 86 83 82 80 77 81 82 82 81 81 81 79 82 269 265 264 270 270 269 271 266 267 267 272 269 265 264 264 273 268 267 262 285 286 291 287 289 286 290 284 291 287 289 260 255 257 260 262 264 258 265 8 3 1 9 1 1 4 6 3 0 2 8 6 3 8 337 338 342 336 341 340 339 337 340 337 334 341 339 335 339 340 337 186 182 183 182 182 186 179 183 184 185 180 181 182 189 181 
80 81 86 83 81 80 77 81 82 82 81 80 80 79 81 267 264 262 268 269 268 269 264 266 266 270 268 264 263 263 271 266 266 261 284 285 291 286 289 286 290 284 290 286 289 259 254 256 259 262 263 257 264 8 2 1 9 2 1 2 7 3 2 0 9 6 4 8 336 337 341 334 340 339 338 336 339 336 333 340 338 334 337 339 336 185 181 183 181 181 185 179 182 183 184 179 180 181 188 180 
89 89 94 91 90 88 85 89 90 90 89 88 89 87 89 276 272 271 276 277 276 277 273 274 274 279 276 272 271 271 279 274 274 269 292 294 299 294 297 294 298 292 298 295 297 268 263 265 268 270 272 265 273 2 8 9 5 7 7 10 4 6 8 9 0 4 5 1 345 345 349 343 349 347 346 344 347 344 341 348 346 342 346 348 345 194 190 191 190 189 193 187 191 192 193 188 189 190 197 189 
86 87 92 89 87 86 83 87 88 88 87 86 86 85 87 272 268 267 273 273 272 274 269 270 270 275 272 268 267 267 276 271 271 265 290 291 297 292 295 292 296 290 296 293 295 265 260 262 265 267 269 263 270 3 5 7 3 6 6 7 7 4 6 6 4 0 4 4 341 342 346 339 345 344 342 341 344 341 338 345 343 339 342 344 341 191 187 188 187 187 191 185 188 189 190 185 186 187 194 186 
84 84 89 86 85 83 80 84 85 85 84 84 84 82 85 271 267 266 272 272 271 273 268 269 269 274 271 268 266 266 275 270 270 264 287 289 294 290 292 289 293 287 293 290 292 263 258 260 263 265 267 261 268 5 3 4 6 2 3 5 5 2 3 4 5 4 0 5 340 340 344 338 344 342 341 339 342 339 336 343 341 337 341 343 340 189 185 186 185 184 188 182 186 187 188 183 184 185 192 184 
89 89 94 91 90 88 85 89 90 90 89 88 89 87 89 275 271 270 276 277 275 277 272 273 274 278 276 272 271 271 279 274 274 269 292 294 299 294 297 294 298 292 298 295 297 267 263 265 268 270 271 265 273 1 8 9 4 7 7 10 4 6 8 8 1 4 5 0 344 345 349 343 348 347 346 344 347 344 341 348 346 342 346 347 344 194 189 191 190 189 193 187 190 192 193 187 189 190 196 188 
261 264 257 261 261 264 266 265 260 263 263 265 263 263 263 87 91 87 87 85 89 85 84 92 90 83 87 85 90 89 83 89 83 92 127 130 125 125 131 124 133 131 126 127 127 106 113 109 109 111 110 110 108 344 337 336 343 338 337 335 343 339 337 336 345 341 340 344 0 8 5 4 7 3 6 1 4 6 6 4 2 3 6 7 10 165 164 164 169 168 163 170 166 166 164 169 165 164 160 165 
263 266 259 262 263 265 268 266 262 264 265 266 264 265 265 84 88 84 83 82 85 81 82 88 87 80 84 82 87 86 79 85 80 89 133 137 132 131 138 130 140 137 133 133 134 111 119 114 114 116 115 115 114 345 337 337 343 339 338 335 344 339 338 337 345 342 340 345 8 0 8 5 4 9 2 6 5 2 5 6 7 7 1 3 2 168 167 167 172 171 166 173 168 169 167 172 167 167 162 168 
266 269 262 265 266 268 271 269 265 267 268 269 267 268 268 90 95 90 90 88 92 88 88 95 93 87 90 89 93 93 86 92 86 95 130 134 128 128 134 127 137 134 129 130 131 110 118 113 113 115 114 114 112 349 341 340 347 342 342 339 348 343 342 341 349 346 344 349 5 8 0 7 5 3 6 5 3 7 9 1 3 7 6 6 10 170 169 169 174 173 167 175 170 170 168 174 169 169 164 170 
260 263 256 260 260 262 265 263 259 262 262 264 261 262 262 84 88 84 83 82 85 81 81 88 87 80 84 82 86 86 79 85 80 88 129 133 128 127 133 126 136 133 128 129 130 107 114 110 109 112 111 111 109 342 335 334 341 336 336 333 341 337 336 334 343 339 338 343 4 5 7 0 6 7 4 3 4 2 2 6 4 2 4 6 6 165 164 164 169 168 162 170 165 165 163 168 164 164 159 165 
266 269 262 266 266 268 271 269 265 268 268 270 267 268 268 88 92 88 87 86 89 85 86 92 91 84 88 86 91 90 83 89 84 93 134 137 132 132 138 131 140 138 133 133 134 113 120 115 115 117 116 117 115 348 341 340 347 342 341 339 347 343 341 340 349 345 344 348 7 4 5 6 0 7 3 6 3 5 8 3 5 8 3 1 6 171 170 170 175 174 168 176 171 171 169 175 170 170 165 171 
264 267 260 263 263 266 268 267 263 265 266 267 265 266 265 90 94 90 90 88 92 88 87 95 93 86 90 88 93 92 86 92 86 95 127 130 125 125 131 124 133 131 126 127 127 107 114 110 109 111 110 111 109 347 339 338 345 341 340 337 346 341 340 339 347 344 342 347 3 9 3 7 7 0 8 4 5 8 9 4 2 6 8 8 12 167 166 166 171 170 165 172 168 168 166 171 167 166 162 168 
263 267 259 263 263 266 268 267 262 265 265 267 265 265 265 85 89 85 85 83 86 83 83 90 88 81 85 84 88 87 81 87 81 90 133 136 131 131 137 129 139 137 132 132 133 111 118 114 113 116 115 115 113 345 338 337 344 339 339 336 344 340 339 338 346 342 341 346 6 2 6 4 3 8 0 5 3 2 5 5 6 6 0 2 4 168 167 167 172 171 166 173 169 169 167 172 168 167 163 168 
261 264 257 260 261 263 266 264 260 262 263 264 262 263 263 86 90 86 86 84 87 83 83 91 89 82 86 84 88 88 82 88 82 90 128 131 126 126 132 124 134 132 127 127 128 106 114 109 109 111 110 110 109 343 336 335 342 337 337 334 342 338 337 336 344 341 339 344 1 6 5 3 6 4 5 0 4 4 5 4 2 2 5 6 8 165 164 164 169 168 162 170 165 165 164 169 165 164 159 165 
264 267 260 264 264 267 269 268 263 266 266 268 266 266 266 88 92 88 87 86 89 85 85 92 91 84 87 86 90 90 83 89 84 92 131 135 129 129 135 128 138 135 130 131 132 110 117 113 113 115 114 114 112 347 339 339 345 341 340 337 346 341 340 339 347 344 342 347 4 5 3 4 3 5 3 4 0 4 6 2 3 5 3 3 7 169 168 168 173 172 166 174 169 169 167 172 168 168 163 169 
262 265 257 261 261 264 266 265 260 263 263 265 263 263 263 84 88 84 83 82 85 81 81 88 87 80 83 82 86 86 79 85 80 88 131 135 130 129 135 128 138 135 130 131 132 109 116 112 112 114 113 113 112 343 336 335 342 338 337 334 343 338 337 336 344 341 339 344 6 2 7 2 5 8 2 4 4 0 3 5 5 5 2 4 4 167 165 165 170 169 164 171 167 167 165 170 166 165 161 166 
259 262 255 258 258 261 263 262 257 260 260 262 260 261 260 81 86 81 81 79 83 79 79 86 85 78 81 80 84 84 77 83 78 86 129 133 128 127 134 126 136 133 129 129 130 107 114 109 109 111 111 111 109 341 333 333 339 335 334 331 340 335 334 333 341 338 336 341 6 5 9 2 8 9 5 5 6 3 0 8 7 4 5 7 6 164 162 162 167 166 161 169 164 164 162 167 163 162 158 163 
265 268 261 265 265 268 270 269 264 267 267 269 267 267 267 89 93 89 89 87 90 87 87 94 92 85 89 87 92 91 85 91 85 94 131 134 129 129 135 128 137 135 130 130 131 110 118 113 113 115 114 114 112 348 340 340 346 342 341 338 347 342 341 340 348 345 343 348 4 6 1 6 3 4 5 4 2 5 8 0 3 6 5 4 8 169 168 168 173 172 167 175 170 170 168 173 169 168 164 170 
263 266 259 263 263 265 268 266 262 264 265 266 264 265 265 88 92 88 88 86 90 86 85 93 91 84 88 86 91 90 84 90 84 93 128 132 127 126 132 125 135 132 127 128 129 108 115 111 110 112 111 112 110 346 338 338 344 340 339 336 345 340 339 338 346 343 341 346 2 7 3 4 5 2 6 2 3 5 7 3 0 4 6 6 9 167 166 166 171 170 164 172 167 167 166 171 167 166 161 167 
259 262 255 259 259 261 264 262 258 261 261 263 260 261 261 84 89 84 84 83 86 82 81 89 88 81 84 82 87 86 80 86 80 89 127 130 125 125 131 123 133 131 126 126 127 105 112 108 107 110 109 109 107 342 334 334 340 336 335 332 341 336 335 334 342 339 337 342 3 7 7 2 8 6 6 2 5 5 4 6 4 0 6 7 9 163 162 162 167 166 161 169 164 164 162 167 163 162 158 163 
263 267 259 263 263 266 268 267 262 265 265 267 265 265 265 85 89 85 85 83 86 82 83 89 88 81 85 84 88 87 81 87 81 90 133 136 131 131 137 130 139 137 132 132 133 111 118 114 113 116 115 115 113 345 338 337 344 339 339 336 344 340 339 337 346 342 341 346 6 1 6 4 3 8 0 5 3 2 5 5 6 6 0 2 4 168 167 167 172 171 166 173 169 169 167 172 168 167 163 168 
265 268 261 265 265 267 270 268 264 267 267 269 266 267 267 86 91 87 86 84 88 84 84 91 90 83 86 85 89 89 82 88 83 91 134 137 132 132 138 131 140 138 133 134 134 112 120 115 115 117 116 117 115 347 340 339 346 341 340 338 346 342 340 339 348 344 343 347 7 3 6 6 1 8 2 6 3 4 7 4 6 7 2 0 4 170 169 169 174 173 167 175 170 170 169 174 169 169 164 170 
263 266 258 262 262 265 267 266 261 264 264 266 264 264 264 82 86 83 82 80 83 80 80 87 85 78 82 81 85 85 78 84 79 87 135 138 134 133 139 132 142 139 134 135 136 112 119 115 115 117 116 116 115 344 337 336 343 338 337 335 343 338 337 336 345 341 340 344 10 2 10 6 6 12 4 8 7 4 6 8 9 9 4 4 0 168 167 167 172 171 165 173 168 169 167 172 167 167 162 168 
105 106 100 103 104 106 109 106 104 105 106 107 105 107 105 129 127 121 130 129 130 129 121 130 129 130 129 122 125 124 131 129 123 123 102 104 108 103 107 103 109 102 108 104 107 74 69 71 74 76 78 72 79 194 186 185 193 187 186 184 191 188 186 185 194 191 189 194 165 168 170 165 171 167 168 165 169 167 164 169 167 163 168 170 168 0 10 7 4 5 6 7 5 3 4 7 11 9 7 10 
102 103 97 100 101 103 106 103 100 102 102 104 102 103 102 123 121 115 124 123 124 123 116 124 123 124 123 116 118 118 125 122 117 117 109 111 115 110 115 110 117 110 115 111 114 78 74 75 79 81 83 76 84 189 182 181 189 183 182 180 187 184 182 181 190 187 185 189 164 167 169 164 170 166 167 164 168 165 162 168 166 162 167 169 167 10 0 3 10 8 5 9 5 8 6 7 1 1 8 1 
103 104 98 101 102 104 107 104 102 103 104 105 103 105 103 124 123 117 125 125 126 125 117 126 125 125 125 117 120 119 126 124 119 119 106 109 113 108 112 107 114 107 112 109 111 77 72 74 77 79 81 75 82 191 183 182 190 184 184 181 189 185 183 183 191 188 186 191 164 167 169 164 170 166 167 164 168 165 162 168 166 162 167 169 167 7 3 0 8 5 2 7 2 4 3 5 4 2 6 3 
101 102 96 99 100 102 105 102 100 101 102 103 102 103 101 131 130 124 132 132 133 132 124 133 132 133 132 125 127 127 133 131 126 126 105 107 112 107 111 106 112 106 111 108 110 78 73 75 78 80 82 76 83 190 182 181 189 183 182 180 187 184 182 181 190 187 185 190 169 172 174 169 175 171 172 169 173 170 167 173 171 167 172 174 172 4 10 8 0 3 7 3 5 4 6 4 10 10 10 10 
101 102 96 99 100 102 105 102 99 100 101 102 101 103 101 129 128 122 130 130 131 130 122 131 130 130 130 122 125 124 131 129 124 124 106 109 113 108 112 107 114 107 112 109 111 78 74 75 79 81 82 76 84 189 182 180 189 182 182 180 187 183 182 181 189 187 184 189 168 171 173 168 174 170 171 168 172 169 166 172 170 166 171 173 171 5 8 5 3 0 6 2 3 3 4 2 8 7 9 7 
105 106 100 104 104 106 109 106 104 105 106 107 106 107 105 124 122 116 125 125 126 124 117 126 125 125 125 117 120 119 126 124 118 118 104 106 110 106 110 105 112 105 110 106 109 74 70 71 75 77 79 72 80 193 186 184 193 186 186 184 191 187 186 185 193 191 188 193 163 166 167 162 168 165 166 162 166 164 161 167 164 161 166 167 165 6 5 2 7 6 0 8 3 4 2 6 6 5 3 6 
99 100 94 97 98 100 103 100 97 98 99 100 99 100 99 131 129 123 132 132 133 131 124 133 132 132 132 124 127 126 133 131 125 125 108 110 115 110 114 109 116 109 114 111 113 81 76 78 81 83 84 78 86 187 180 178 187 180 180 177 185 181 179 179 187 185 182 187 170 173 175 170 176 172 173 170 174 171 169 175 172 169 173 175 173 7 9 7 3 2 8 0 5 5 7 2 9 8 11 8 
102 104 97 101 101 103 106 104 101 102 103 104 103 104 103 126 125 119 127 127 128 127 119 128 127 127 127 119 122 121 128 126 121 121 106 108 113 108 112 107 114 107 112 109 111 77 72 74 77 80 81 75 82 190 183 182 190 184 183 181 188 185 183 182 191 188 186 190 166 168 170 165 171 168 169 165 169 167 164 170 167 164 169 170 168 5 5 2 5 3 3 5 0 3 3 3 5 4 6 5 
103 105 98 102 103 105 108 105 102 103 104 105 104 105 104 128 126 120 129 128 129 128 120 129 128 129 128 121 123 123 129 128 122 122 104 106 111 106 110 105 112 105 110 107 109 76 71 73 76 78 80 74 81 192 184 183 191 185 184 182 190 186 184 183 192 189 187 192 166 169 170 165 171 168 169 165 169 167 164 170 167 164 169 170 169 3 8 4 4 3 4 5 3 0 2 4 8 7 6 7 
105 106 100 103 104 106 109 106 103 104 105 106 105 106 105 126 124 118 127 126 127 126 118 127 126 127 126 119 121 121 128 126 120 120 104 106 110 105 109 105 111 104 109 106 108 75 70 72 75 77 79 73 80 193 185 184 192 186 186 183 191 187 185 184 193 190 188 193 164 167 168 163 169 166 167 164 167 165 162 168 166 162 167 169 167 4 6 3 6 4 2 7 3 2 0 5 7 6 4 7 
99 100 94 98 98 100 103 100 98 99 100 101 100 101 99 129 127 122 130 130 131 130 122 131 130 130 130 122 125 124 131 129 124 124 108 110 115 110 114 109 116 109 114 111 113 80 75 77 80 83 84 78 85 187 180 179 187 181 180 178 185 182 180 179 188 185 183 187 169 172 174 168 175 171 172 169 172 170 167 173 171 167 172 174 172 7 7 5 4 2 6 2 3 4 5 0 7 6 10 6 
101 103 96 100 100 102 105 103 100 101 102 103 102 103 102 123 121 115 124 124 124 123 116 124 123 124 124 116 119 118 125 123 117 117 109 112 116 111 115 110 117 110 115 112 114 79 75 76 79 82 84 77 85 189 181 180 188 182 181 179 187 183 181 180 189 186 184 189 165 167 169 164 170 167 168 165 168 166 163 169 167 163 168 169 167 11 1 4 10 8 6 9 5 8 7 7 0 1 8 1 
102 103 97 100 101 103 106 103 101 102 103 104 103 104 102 123 121 115 124 124 125 123 116 124 123 124 124 116 119 118 125 123 117 117 108 111 115 110 114 109 116 109 114 111 113 78 74 75 78 81 82 76 84 190 182 181 189 183 182 180 188 184 182 181 190 187 185 190 164 167 169 164 170 166 167 164 168 165 162 168 166 162 167 169 167 9 1 2 10 7 5 8 4 7 6 6 1 0 7 1 
108 110 103 107 108 110 113 110 107 108 109 110 109 110 109 122 120 114 123 122 124 122 115 124 123 123 123 115 118 117 124 122 116 117 101 103 108 103 107 102 109 102 107 104 106 71 67 68 71 74 75 69 77 196 189 188 196 190 189 187 194 191 189 188 197 194 192 196 160 162 164 159 165 162 163 159 163 161 158 164 161 158 163 164 162 7 8 6 10 9 3 11 6 6 4 10 8 7 0 9 
101 102 96 99 100 102 105 102 99 101 101 103 101 102 101 124 122 116 125 124 125 124 117 125 124 125 124 117 119 119 126 123 118 118 110 112 116 111 115 110 117 111 115 112 114 79 75 76 80 82 84 77 85 188 181 180 188 182 181 179 186 183 181 180 189 186 184 188 165 168 170 165 171 168 168 165 169 166 163 170 167 163 168 170 168 10 1 3 10 7 6 8 5 7 7 6 1 1 9 0 
0 0 94 40 97 74 0 0 31 0 46 75 77 6 43 29 23 0 3 61 0 60 31 65 4 0 27 0 0 0 72 61 1 38 32 0 0 0 0 0 0 0 97 68 13 0 0 0 4 35 45 32 0 0 0 0 0 68 79 97 23 51 0 0 80 0 0 0 0 0 70 31 48 0 0 94 38 0 0 0 0 77 0 32 0 33 0 75 0 0 39 38 0 53 39 98 80 19 0 0 
0 0 0 0 0 0 52 0 0 51 0 0 0 77 79 0 0 0 0 0 0 73 0 0 0 0 0 62 86 0 35 0 0 0 0 0 51 8 71 14 89 34 52 0 0 65 24 95 0 0 0 0 0 26 0 46 46 0 0 0 0 0 88 50 83 81 0 37 3 31 0 0 46 0 63 0 0 0 0 0 0 0 16 0 86 88 84 0 0 0 8 51 69 0 23 0 0 0 12 57 
26 0 0 96 14 5 0 95 1 0 70 91 58 32 97 22 96 0 48 94 98 29 35 91 26 0 93 0 0 71 13 38 82 99 3 0 0 24 0 0 9 0 42 28 57 41 0 0 83 53 80 96 0 3 0 54 0 80 10 18 90 59 63 92 28 0 27 0 14 0 63 13 84 75 46 45 50 46 26 1 52 51 0 68 0 77 0 76 0 0 59 14 0 90 90 58 71 58 0 0 
68 0 98 0 73 3 0 0 42 0 55 32 83 18 62 92 18 61 79 15 27 81 39 80 32 27 22 0 0 0 72 11 82 39 63 82 0 76 0 0 18 0 9 46 98 47 0 0 91 24 43 40 18 38 0 10 0 5 15 70 99 1 12 38 75 0 37 0 21 0 13 50 23 94 80 89 9 0 57 9 0 19 0 98 0 81 0 4 2 59 76 55 0 75 73 69 2 96 0 0 
35 0 32 59 0 50 0 22 67 0 45 45 90 29 40 38 6 0 36 78 93 78 86 15 18 0 0 0 0 4 39 91 63 58 64 0 0 56 0 0 46 29 57 8 60 0 0 0 67 0 2 92 0 30 0 99 0 89 1 67 51 0 56 63 23 0 84 0 57 0 0 42 8 76 74 39 13 59 18 43 15 59 0 85 10 21 0 71 0 0 29 80 0 16 36 31 42 71 0 0 
22 0 50 18 20 0 0 0 60 0 82 4 59 79 46 34 7 0 53 27 0 27 7 76 58 3 74 0 0 0 19 90 6 27 61 50 0 49 0 0 35 0 87 41 92 31 0 0 79 85 90 40 0 71 0 33 0 3 61 84 84 81 99 18 1 0 40 0 59 0 18 85 8 65 56 98 82 0 36 29 0 43 0 82 0 10 0 20 0 7 36 79 0 69 75 50 59 80 0 0 
0 29 0 0 0 0 0 0 0 11 0 0 0 0 0 0 0 0 0 0 0 0 0 0 0 0 0 78 78 0 0 0 0 0 0 0 0 0 10 42 86 15 0 0 0 0 71 94 0 0 0 0 0 80 0 0 57 0 0 0 0 0 47 88 0 87 0 4 50 1 0 0 0 0 0 0 0 0 0 0 0 0 98 0 59 9 0 0 0 0 71 69 70 0 54 0 0 0 77 37 
0 0 11 0 75 0 0 0 0 0 10 0 0 39 0 0 0 0 0 95 2 64 55 0 0 0 0 0 79 82 6 52 0 0 0 0 0 40 0 0 0 1 0 48 0 0 0 0 0 0 93 89 0 80 0 45 0 0 44 0 0 0 0 0 0 0 88 0 0 0 0 55 0 49 10 0 76 4 9 98 52 0 0 0 27 9 0 0 0 0 13 0 0 21 70 0 15 26 0 0 
31 0 1 41 43 15 0 0 0 0 67 17 92 30 88 74 82 47 51 0 0 44 88 78 30 81 20 0 0 0 27 34 33 93 62 16 0 0 0 0 51 0 62 0 74 10 0 0 13 49 95 89 37 36 45 0 0 85 50 80 67 27 66 27 96 0 0 0 45 0 44 0 10 0 0 56 52 0 0 0 0 12 0 77 0 9 0 91 60 44 33 27 0 0 40 79 99 1 0 0 
0 20 0 0 0 0 20 0 0 0 0 0 0 95 75 0 0 0 0 0 24 95 0 0 0 0 0 76 94 70 82 55 0 0 0 0 0 63 20 32 29 30 69 0 0 25 38 63 0 0 0 4 0 4 0 89 52 0 55 0 0 0 92 86 86 71 0 68 25 6 0 0 2 13 67 0 69 35 80 0 66 0 35 0 45 21 48 0 0 0 54 49 10 37 16 0 10 0 2 7 
22 0 45 50 79 36 0 40 76 0 0 49 68 63 46 42 73 0 62 65 96 69 79 84 35 0 91 0 0 32 52 50 63 3 16 0 0 1 70 0 14 0 80 70 93 7 0 0 8 32 18 68 0 15 0 13 2 30 7 43 81 54 26 3 55 0 9 0 75 0 94 19 60 87 66 30 44 76 72 25 19 57 0 46 43 94 0 80 0 0 68 52 0 56 81 37 67 51 0 0 
83 0 53 35 81 47 0 0 51 0 67 0 72 63 43 44 88 13 86 95 46 65 56 14 33 79 24 0 0 0 67 92 75 44 52 28 0 82 28 0 90 0 69 31 40 77 0 0 40 76 13 93 7 82 0 81 9 93 69 85 57 79 55 96 68 0 78 0 8 0 33 6 15 87 30 67 4 0 16 9 0 59 0 93 0 79 0 69 83 89 71 15 0 93 95 8 74 95 0 0 
30 0 49 6 85 33 0 0 75 0 66 21 0 12 57 42 4 0 56 37 18 40 22 33 93 94 45 0 0 0 68 76 31 31 48 64 0 24 0 0 59 0 83 9 57 75 0 0 68 8 45 46 82 31 0 73 0 98 41 72 1 22 13 74 34 0 37 0 92 0 62 28 97 16 68 65 78 0 30 63 0 49 0 51 0 94 0 2 0 58 87 81 0 56 42 11 66 79 0 0 
97 7 22 59 33 20 0 79 51 76 8 19 48 0 76 36 68 14 1 8 98 16 63 23 67 52 42 40 23 80 12 68 78 5 20 52 0 22 92 59 96 20 94 17 95 89 30 79 22 50 70 82 52 69 0 60 9 81 18 51 28 28 85 83 50 9 27 35 85 97 96 44 80 50 50 4 35 1 34 43 29 92 39 74 6 90 75 24 98 87 31 66 99 59 83 58 53 52 2 67 
83 89 71 36 23 34 0 0 31 14 74 78 65 9 0 91 65 46 68 0 0 11 48 57 55 1 56 82 0 0 34 54 15 53 25 63 74 85 13 86 73 0 8 0 29 93 55 70 30 22 95 99 45 9 38 98 69 79 52 97 84 5 21 38 30 0 0 0 91 99 14 0 11 0 35 78 63 0 0 0 0 22 0 94 14 42 39 60 3 95 74 49 0 0 22 16 39 29 66 15 
19 0 45 92 93 10 0 0 44 0 57 2 54 41 68 0 13 0 20 0 0 73 12 6 97 0 91 0 0 0 0 99 1 92 51 0 0 0 0 0 0 0 28 0 12 0 0 0 41 36 80 74 0 0 0 0 0 94 0 28 72 31 0 0 51 0 0 0 0 0 0 78 30 0 0 97 0 0 0 0 0 76 0 4 0 0 0 46 0 0 0 0 0 0 0 64 90 44 0 0 
47 0 18 62 43 2 0 0 22 0 74 70 98 88 19 17 0 45 69 93 0 3 95 53 48 84 76 0 0 0 33 86 66 23 98 99 0 55 0 0 45 0 32 94 85 89 0 0 92 73 56 88 73 85 0 0 0 66 64 62 55 88 0 0 68 0 0 0 15 0 75 47 37 0 68 33 14 0 0 0 0 90 0 57 0 9 0 35 34 98 20 68 0 11 32 24 83 88 0 0 
0 0 0 93 0 0 0 0 23 0 0 1 0 80 77 0 19 0 0 0 0 82 0 50 86 54 68 25 0 0 0 0 43 11 0 15 97 0 61 0 84 0 31 0 58 7 56 0 64 2 0 12 39 72 6 0 2 35 0 0 0 14 50 35 57 0 0 0 71 42 63 0 64 0 0 99 0 0 0 0 0 58 0 66 0 0 15 39 32 18 13 92 0 0 62 83 0 0 91 95 
45 0 30 44 65 78 0 0 83 0 50 44 85 40 1 12 63 0 0 63 0 52 68 83 40 0 9 0 0 0 40 80 76 68 95 0 0 0 0 0 0 0 55 80 36 0 0 0 24 32 49 15 0 0 0 0 0 63 13 36 28 37 0 0 73 0 0 0 0 0 0 3 88 0 0 15 84 0 0 0 0 29 0 69 0 0 0 61 0 0 53 0 0 22 57 9 87 66 0 0 
50 0 84 28 17 80 0 36 0 0 95 68 79 71 0 0 82 0 4 0 71 72 93 0 95 0 0 0 0 82 62 20 0 61 26 0 0 14 0 0 0 95 0 57 76 0 0 0 70 0 26 94 0 72 0 15 0 0 1 0 0 0 51 0 0 0 4 0 0 0 0 81 57 38 45 48 38 34 43 39 34 0 0 5 67 52 0 0 0 0 97 76 0 82 86 0 20 96 0 0 
0 0 96 10 96 0 0 25 0 36 8 50 42 66 0 0 0 0 0 49 0 43 68 0 84 0 0 0 24 63 8 96 0 0 0 0 0 79 0 0 0 94 0 42 95 0 0 18 0 0 41 65 0 44 0 16 0 0 43 0 0 0 74 42 0 0 4 0 0 0 0 78 0 2 25 0 97 74 54 80 79 0 1 22 42 18 0 0 0 0 98 83 37 17 56 0 9 98 0 0 
79 66 54 91 60 60 0 82 6 96 51 77 17 11 33 98 65 48 59 37 35 0 23 6 57 30 9 36 25 72 80 37 41 35 71 73 0 67 24 9 79 28 74 60 57 82 20 95 81 88 85 25 15 21 0 56 59 61 46 92 88 93 72 65 72 27 50 89 55 95 94 34 10 53 51 84 94 58 10 94 73 10 10 22 81 42 42 3 34 75 23 86 74 30 63 96 83 64 61 52 
17 0 45 83 59 49 0 37 2 0 33 49 59 64 17 94 75 0 55 69 88 27 0 65 48 94 50 0 0 60 19 78 91 33 54 0 0 98 75 0 39 0 83 30 43 67 0 0 77 97 62 97 0 97 0 51 20 45 69 20 13 54 13 58 61 0 39 0 6 0 98 75 14 94 80 1 52 40 28 19 21 75 0 39 29 60 0 17 0 0 88 57 0 26 74 35 28 22 0 0 
56 0 21 13 81 49 0 0 59 0 4 11 28 38 85 42 61 49 58 0 0 42 35 0 34 62 8 0 0 0 29 3 6 78 70 25 98 0 68 0 77 0 16 0 98 88 0 0 32 91 63 32 73 30 52 0 0 80 44 24 70 45 18 36 72 0 0 0 21 0 8 0 19 0 0 6 0 0 0 0 0 40 0 29 0 2 73 91 48 39 39 7 0 0 17 84 78 23 36 43 
45 0 52 26 63 29 0 0 70 0 73 21 50 35 79 78 44 13 67 7 71 57 41 86 0 12 85 0 0 0 96 80 41 47 58 46 0 84 92 0 35 0 78 97 66 1 3 0 4 61 68 20 36 42 0 34 95 93 98 99 26 1 56 75 17 0 47 0 34 0 1 82 79 98 22 78 36 0 34 82 0 65 0 75 0 99 0 93 22 90 12 8 0 48 86 44 47 59 0 0 
0 0 0 4 0 9 0 0 93 0 0 35 22 97 7 0 98 3 0 0 0 61 60 34 74 0 20 42 0 0 0 0 34 36 10 51 32 0 43 0 52 0 7 0 30 82 17 0 81 32 0 16 54 0 97 0 22 25 0 34 33 82 57 5 12 0 0 0 86 0 65 0 23 0 0 30 0 0 0 0 0 98 0 63 0 0 31 20 57 23 88 22 0 0 48 99 25 0 43 46 
88 0 54 68 0 94 0 0 98 0 43 42 93 78 34 48 17 40 41 0 0 51 62 69 94 74 0 0 0 0 64 0 8 51 43 58 26 0 60 0 26 0 81 0 2 60 0 0 24 36 61 60 39 0 1 0 0 4 0 5 49 13 0 80 32 0 0 0 44 0 45 0 45 0 0 99 0 0 0 0 0 78 0 42 0 0 15 67 52 31 65 38 0 0 47 18 59 51 0 15 
0 1 0 0 0 0 83 0 0 52 0 0 0 2 88 0 0 25 0 0 0 50 0 0 0 69 0 0 0 0 83 0 79 56 0 56 86 0 42 7 44 0 64 0 0 98 50 40 0 53 0 1 4 65 31 0 56 0 0 0 0 76 24 85 29 19 0 50 63 70 52 0 42 0 0 0 0 0 0 0 0 0 13 0 39 1 26 0 2 71 33 68 50 0 1 0 0 0 74 10 
0 47 0 0 0 0 51 90 0 7 0 0 0 89 0 0 0 0 0 0 36 82 0 0 0 0 0 0 0 70 37 30 0 0 0 0 0 10 80 97 70 76 0 0 0 0 88 24 0 0 0 0 0 11 0 97 76 0 29 0 0 0 23 94 0 15 31 19 0 73 0 0 0 10 65 0 5 32 19 92 72 0 56 0 64 97 0 0 0 0 79 40 11 28 40 0 0 0 90 0 
0 0 41 0 23 0 0 33 0 74 35 0 0 91 0 0 0 0 0 7 87 91 75 0 0 0 0 0 15 0 18 25 0 0 0 0 0 38 0 0 0 8 0 2 0 0 0 0 0 0 43 51 0 58 0 44 0 0 61 0 0 0 28 50 0 0 89 0 0 0 0 89 0 31 7 0 20 49 32 93 60 0 58 0 17 41 0 0 0 0 40 0 89 96 78 0 30 13 0 0 
24 1 61 80 70 34 0 43 78 79 24 7 78 92 13 0 25 0 50 82 23 17 2 18 77 0 37 81 10 81 0 8 11 46 85 0 0 2 83 28 4 44 31 19 72 1 64 16 53 64 37 53 0 78 0 62 32 1 50 88 79 0 20 39 21 36 2 53 31 14 8 74 61 94 86 4 51 79 11 15 59 10 37 24 73 76 0 37 0 0 70 65 26 70 48 91 84 49 84 0 
15 0 62 4 39 56 0 79 46 66 36 98 2 3 64 97 34 0 42 88 99 89 46 32 21 0 0 0 95 15 86 0 50 40 72 0 0 33 0 0 81 92 95 90 98 0 0 0 77 0 31 36 0 50 0 48 46 55 1 35 98 0 92 78 94 0 49 0 8 0 0 46 83 48 62 23 46 60 11 63 76 14 0 13 68 90 0 4 0 0 40 52 0 82 46 14 65 13 0 0 
8 0 85 39 82 25 0 0 51 0 41 40 48 4 43 62 58 53 1 0 0 23 67 48 90 83 8 41 0 0 60 82 0 48 44 71 70 65 66 0 96 0 4 0 87 1 2 0 14 57 4 27 27 34 25 0 5 56 45 22 14 50 22 53 30 0 0 0 59 91 93 0 65 0 15 19 59 0 0 0 0 61 0 16 0 36 98 60 91 14 91 11 0 0 29 1 6 28 52 68 
21 0 39 51 88 1 0 0 61 0 89 46 37 80 22 81 8 89 2 42 0 30 70 8 69 1 89 7 0 0 7 45 45 0 66 46 33 52 97 0 88 0 31 56 61 47 34 0 12 55 59 79 43 11 5 74 36 32 85 24 35 1 37 33 24 0 0 0 93 0 93 98 78 0 27 58 59 0 20 0 0 96 0 42 0 25 44 62 21 59 10 31 0 80 85 55 44 43 91 57 
49 0 30 4 31 3 0 0 18 0 53 80 54 98 76 19 58 0 78 92 0 48 25 46 68 22 37 0 0 0 56 25 60 25 0 0 0 0 0 0 0 0 47 82 37 0 0 0 35 79 37 1 0 0 0 0 0 12 12 13 37 70 0 0 70 0 0 0 0 0 9 89 38 0 0 64 14 0 0 0 0 62 0 33 0 44 0 97 0 0 20 66 0 21 81 27 60 60 0 0 
0 0 0 4 0 98 0 0 70 0 0 3 80 30 51 0 14 2 0 0 0 25 0 68 83 77 26 18 0 0 0 0 63 6 0 0 73 0 11 0 91 0 82 0 29 76 69 0 19 91 0 52 37 0 36 0 97 3 0 0 17 18 11 95 74 0 0 0 45 0 32 0 13 0 0 65 0 0 0 0 0 13 0 64 0 0 34 8 58 79 22 41 0 0 98 74 0 0 67 33 
0 95 0 0 0 0 0 0 0 0 0 0 0 0 56 0 0 92 0 0 0 0 0 78 0 82 10 20 0 0 0 0 13 2 0 30 0 0 86 0 5 0 20 0 0 98 95 26 0 36 0 0 68 0 90 0 96 0 0 0 0 79 17 70 4 0 0 0 63 26 86 0 78 0 0 0 0 0 0 0 0 19 0 0 0 0 51 0 15 75 47 93 0 0 70 0 0 0 59 15 
0 79 30 22 62 40 0 41 0 80 41 90 93 2 98 0 91 0 0 95 67 5 7 0 3 0 0 0 83 69 43 36 29 87 0 0 0 0 49 94 37 59 59 68 73 0 32 10 76 0 36 87 0 33 0 64 8 0 55 0 0 0 6 83 28 68 63 34 44 59 0 2 44 70 95 2 71 5 71 37 74 4 72 96 26 80 0 0 0 0 84 11 94 87 90 0 70 46 2 0 
0 78 0 0 0 0 65 0 0 29 69 57 0 90 44 0 0 17 0 0 0 93 47 18 15 34 13 95 67 0 21 0 25 45 0 39 95 9 0 34 32 74 58 0 30 69 35 73 30 86 0 48 74 90 11 0 34 0 35 0 0 84 58 67 17 68 0 19 65 53 25 0 73 0 93 0 0 0 0 0 0 72 59 75 67 96 33 0 11 24 52 20 35 0 41 0 73 0 37 24 
0 90 0 0 0 0 32 0 0 41 0 0 0 99 57 0 0 0 0 0 0 61 0 0 0 0 0 36 3 0 60 0 0 0 0 0 0 16 39 0 77 19 83 0 0 67 70 70 0 0 0 0 0 24 0 46 12 0 0 0 0 0 95 92 0 21 0 78 92 63 0 0 31 0 76 0 0 0 0 0 0 0 52 0 7 66 6 0 0 0 77 59 92 0 47 0 0 0 33 4 
0 15 58 10 79 82 15 0 40 72 16 13 28 40 22 0 44 94 0 0 0 29 50 69 55 5 40 58 81 0 52 99 50 94 0 59 1 93 24 71 0 90 70 0 10 66 98 52 35 33 79 67 42 63 59 17 9 45 27 0 0 60 34 35 26 19 0 47 64 9 53 0 83 0 90 87 76 0 71 0 0 17 92 73 75 70 36 72 57 53 29 78 40 0 65 0 75 34 31 91 
0 60 0 0 60 0 40 37 0 61 0 0 0 23 0 0 0 0 0 31 11 68 0 0 0 0 0 0 36 98 24 30 0 0 0 0 0 68 61 19 31 0 0 3 0 0 69 44 0 0 42 0 0 64 0 51 64 0 55 0 0 0 39 96 0 41 17 3 91 36 0 0 0 27 44 0 1 27 85 77 31 0 3 0 87 7 0 0 0 0 20 7 63 90 29 0 98 0 84 0 
59 34 9 1 98 89 0 0 48 80 66 96 15 8 1 6 86 44 9 0 0 51 22 65 44 42 44 75 0 0 84 68 50 23 45 28 13 17 45 1 21 0 0 0 19 45 87 47 28 84 85 45 92 54 52 54 98 37 30 28 83 37 80 77 79 0 0 22 55 98 46 0 39 0 62 26 77 0 32 0 0 9 0 4 49 69 53 95 39 85 85 45 0 0 5 38 87 71 64 44 
86 0 90 86 98 87 0 14 0 0 9 35 43 63 0 0 73 0 14 65 16 92 98 0 76 0 0 0 0 82 6 1 0 20 2 0 0 71 0 0 0 94 0 0 64 0 0 0 89 0 1 52 0 62 0 51 0 0 10 15 0 0 0 0 0 0 19 0 0 0 0 85 0 92 19 45 37 24 57 84 99 0 0 63 0 73 0 0 0 0 97 0 0 72 97 0 57 56 0 0 
67 0 78 22 17 56 0 0 46 0 90 50 77 86 26 84 74 27 81 11 80 64 53 16 18 89 70 0 0 0 41 25 15 13 91 27 0 47 66 0 16 0 6 69 0 79 22 0 28 70 52 69 32 87 0 33 38 98 58 11 8 38 65 53 36 0 4 0 34 0 82 15 86 65 1 86 28 0 29 99 0 64 0 35 0 18 0 36 67 49 18 78 0 77 96 40 82 81 0 0 
0 57 71 65 0 55 0 0 85 78 6 2 10 50 44 0 30 82 0 0 0 66 46 11 69 25 1 2 0 0 41 0 43 19 0 41 38 0 62 43 79 0 88 0 19 0 12 46 76 42 0 13 84 40 67 0 99 0 0 0 0 2 43 8 43 38 0 22 2 69 6 0 67 0 0 68 0 0 0 0 0 17 0 79 44 57 70 72 50 32 90 21 0 0 56 0 30 0 45 35 
0 23 0 0 0 0 27 0 0 80 0 0 0 84 32 0 0 16 0 0 0 1 0 0 45 14 0 65 26 0 46 0 33 34 0 3 35 21 23 43 28 25 94 0 53 26 0 1 0 43 0 63 16 25 60 84 37 0 10 0 0 29 99 98 35 12 0 10 13 59 71 0 75 0 5 0 0 0 0 0 0 78 28 61 16 40 47 0 34 1 74 23 79 0 57 0 29 0 58 81 
0 48 0 0 0 0 29 0 0 5 0 0 0 58 21 0 0 0 0 0 39 91 0 0 0 0 0 62 47 0 12 0 0 0 0 0 69 32 42 81 88 90 68 0 0 62 32 0 0 0 0 6 0 74 0 66 44 0 45 0 0 0 55 27 83 28 0 43 1 40 14 0 41 0 69 0 23 0 91 0 0 0 40 0 57 23 66 0 34 0 5 3 82 0 25 0 73 0 54 61 
67 0 14 51 34 61 0 0 28 0 38 77 61 62 96 82 80 28 53 77 0 66 95 77 5 49 61 0 0 0 67 29 20 10 45 8 0 76 67 0 35 0 82 19 78 31 0 0 0 1 49 45 38 82 0 78 0 86 66 97 5 87 43 62 88 0 0 0 56 0 84 1 73 80 35 99 4 0 49 30 0 93 0 64 0 11 0 25 17 79 7 89 0 69 46 71 49 6 0 0 
98 0 96 97 0 81 0 0 13 0 18 60 95 52 22 71 52 34 75 0 0 62 30 43 4 1 99 50 0 0 1 0 40 99 98 6 52 0 49 0 1 0 40 0 65 83 14 0 94 0 10 8 16 69 34 0 82 88 0 40 1 43 83 22 67 0 0 0 95 0 32 0 39 0 0 90 0 0 0 0 0 7 0 22 0 60 77 11 92 57 20 84 0 0 41 98 89 70 4 42 
43 0 59 67 5 70 0 41 75 0 84 75 68 43 96 51 2 0 14 50 75 80 76 96 38 0 96 0 0 25 12 57 74 97 53 0 0 33 0 0 10 2 59 5 15 0 0 0 2 3 0 49 0 77 0 26 0 91 44 93 87 0 14 56 68 0 44 0 34 0 0 22 49 13 3 61 28 31 7 78 91 82 0 49 14 12 0 11 0 0 55 30 0 91 55 97 90 93 0 0 
12 0 93 18 14 67 0 78 46 83 21 70 45 85 27 47 41 62 4 93 14 32 66 75 7 34 30 1 0 74 52 24 60 2 43 31 0 26 1 0 2 0 21 33 66 45 18 1 85 54 44 0 45 9 0 36 68 53 52 4 1 40 31 96 64 0 45 0 73 0 23 66 28 91 77 8 90 75 65 81 0 79 0 84 16 54 74 23 55 9 48 11 0 10 62 72 36 60 28 0 
0 0 0 86 0 0 0 0 11 0 0 16 94 17 52 0 80 80 0 0 0 97 0 50 90 97 5 9 0 0 0 0 46 77 0 29 38 0 84 0 50 0 14 0 88 80 48 0 97 2 0 57 0 0 96 0 49 8 0 0 0 13 16 1 63 0 0 0 27 12 82 0 23 0 0 53 0 0 0 0 0 72 0 32 0 0 99 22 62 1 47 50 0 0 79 79 0 0 83 54 
0 29 69 90 93 1 12 15 82 90 20 19 50 16 13 0 18 73 0 46 79 42 82 55 34 0 0 3 7 81 69 97 15 84 0 0 0 80 43 86 77 60 42 97 14 53 77 45 12 76 52 7 0 0 0 16 96 0 40 0 0 0 81 42 58 2 47 57 48 35 83 91 11 12 33 6 22 97 64 58 78 97 83 69 94 67 30 44 16 52 29 59 61 96 66 0 69 39 94 14 
0 0 0 0 0 0 0 0 16 0 0 0 0 0 25 0 0 7 0 0 0 0 0 60 0 25 79 72 0 0 0 0 79 16 0 87 63 0 50 0 74 0 50 0 0 69 83 0 0 12 0 0 13 0 0 0 18 0 0 0 0 28 37 33 84 0 0 0 7 22 77 0 45 0 0 0 0 0 0 0 0 92 0 0 0 0 61 0 62 85 20 63 0 0 91 0 0 0 85 70 
0 42 28 15 21 23 0 53 0 25 64 69 40 31 90 0 0 0 0 25 74 58 13 0 16 0 0 0 22 28 27 70 0 56 0 0 0 6 0 92 99 62 74 6 68 0 33 63 36 0 64 46 0 34 0 0 17 0 62 0 0 0 61 51 81 3 2 59 32 34 0 37 39 2 68 0 87 75 52 99 25 0 65 98 88 24 0 0 0 0 52 99 64 73 34 0 35 55 0 0 
0 78 0 0 0 0 83 0 0 37 75 56 0 80 90 0 0 65 0 0 0 88 74 0 73 35 0 43 55 0 85 41 92 72 0 17 35 79 42 32 1 71 70 0 73 20 37 22 0 5 0 37 7 65 16 20 0 0 30 0 0 21 60 77 79 1 0 56 43 47 36 0 10 0 34 0 29 0 15 0 0 0 4 18 69 62 90 0 72 32 95 97 71 0 40 0 63 0 30 48 
39 0 26 83 34 15 0 0 1 0 88 89 9 80 65 16 88 20 67 0 0 18 6 48 17 73 73 0 0 0 14 12 76 48 81 70 0 0 0 0 15 0 84 0 99 0 0 0 60 64 32 19 47 0 0 0 0 0 43 76 13 96 0 0 27 0 0 0 85 0 37 0 48 0 0 37 0 0 0 0 0 75 0 22 0 0 0 62 10 12 62 20 0 0 61 46 61 38 0 0 
60 0 12 67 83 98 0 35 10 1 75 32 39 16 45 0 58 0 66 54 23 50 63 81 56 0 0 0 27 11 51 13 94 96 54 0 0 18 67 0 96 34 11 74 97 0 90 59 7 0 78 71 0 65 0 62 1 37 0 70 98 0 49 75 18 0 86 0 99 27 0 76 77 10 62 44 59 72 68 50 5 80 47 39 87 82 0 38 0 0 83 7 22 84 32 73 64 9 0 0 
76 0 88 77 59 55 0 0 15 0 50 28 7 22 23 28 83 0 49 0 0 98 76 34 16 61 11 0 0 0 17 4 42 46 13 0 0 0 0 0 0 0 93 87 95 0 0 0 36 71 78 44 0 0 0 0 0 38 50 0 94 85 0 0 68 0 0 0 0 0 75 59 34 0 0 1 15 0 0 0 0 93 0 73 0 0 0 83 0 0 39 62 0 7 32 11 38 12 0 0 
56 0 38 24 45 13 0 0 82 0 91 92 42 47 8 75 26 0 78 0 0 4 28 59 91 7 56 0 0 0 74 56 28 13 49 15 0 0 0 0 0 0 48 0 50 0 0 0 38 56 86 95 0 0 0 0 0 58 72 1 0 28 0 0 47 0 0 0 0 0 91 6 23 0 0 29 0 0 0 0 0 2 0 22 0 0 0 16 0 0 26 6 0 0 63 70 19 99 0 0 
43 0 29 24 0 7 0 0 75 0 77 64 89 4 89 55 50 14 1 0 0 33 24 66 18 4 6 75 0 0 0 0 66 64 59 25 48 0 4 0 98 0 76 0 51 73 11 0 62 30 0 65 38 0 16 0 71 49 0 24 62 0 16 80 11 0 0 0 35 0 2 0 2 0 0 19 0 0 0 0 0 50 0 84 0 0 39 91 56 26 56 54 0 0 58 69 85 0 38 32 
0 48 46 77 19 36 33 0 25 41 78 8 27 1 10 0 0 78 0 97 35 72 86 19 80 94 0 28 51 50 63 32 16 67 0 88 18 21 73 56 23 37 89 0 80 35 10 39 6 83 73 57 22 58 75 41 44 0 15 0 0 73 0 26 69 20 0 72 54 49 50 0 67 94 99 0 91 93 2 0 70 45 31 81 26 52 99 0 48 1 48 25 3 62 82 0 43 23 78 20 
0 26 80 60 18 43 49 0 52 36 23 27 72 16 78 0 0 6 0 0 76 45 74 94 11 91 87 43 43 34 43 97 40 96 0 83 10 26 9 73 67 48 44 0 14 24 86 75 95 82 99 59 56 47 84 39 99 0 51 0 0 36 13 0 23 37 0 6 95 14 76 0 94 34 62 0 97 40 82 0 95 73 67 67 12 86 97 0 98 93 13 11 80 18 39 0 84 59 17 61 
45 14 34 48 64 42 0 0 55 21 54 30 62 25 48 85 85 8 12 0 0 29 67 91 77 18 19 81 0 0 82 81 54 79 29 4 54 43 88 0 72 0 72 0 81 60 29 21 42 72 33 38 24 88 88 95 30 66 8 36 62 82 32 9 0 0 0 0 68 24 42 0 58 0 27 45 88 0 64 0 0 72 0 1 37 1 89 53 9 15 93 8 0 78 11 72 9 64 75 35 
0 74 0 0 0 0 53 0 0 10 0 0 0 42 0 0 0 0 0 0 0 66 0 0 0 0 0 41 26 0 1 0 0 0 0 0 0 48 19 53 92 1 0 0 0 68 44 89 0 0 0 0 0 56 0 53 34 0 0 0 0 0 86 2 0 0 0 43 58 9 0 0 0 0 6 0 0 0 0 0 0 0 28 0 92 48 0 0 0 0 53 40 74 0 73 0 0 0 11 98 
0 0 58 16 32 65 0 95 0 0 66 44 80 86 0 0 0 0 0 92 20 1 51 0 31 0 0 0 87 36 56 13 0 0 0 0 0 10 0 0 0 15 0 69 7 0 0 0 0 0 98 89 0 36 0 3 0 0 30 0 0 0 0 0 0 0 0 0 0 0 0 92 0 52 22 0 9 46 29 68 68 0 0 0 57 3 0 0 0 0 96 0 0 37 37 0 20 12 0 0 
0 65 0 0 0 0 41 0 0 88 0 0 0 6 0 0 0 0 0 0 0 51 0 0 0 0 0 68 10 0 68 0 0 0 0 0 0 76 16 80 11 40 4 0 0 38 24 12 0 0 0 0 0 1 0 64 63 0 0 0 0 0 33 85 0 69 0 0 87 31 0 0 0 0 59 0 0 0 0 0 0 0 42 0 47 31 84 0 0 0 49 61 28 0 37 0 0 0 40 23 
0 79 5 35 15 16 47 0 8 62 78 50 89 50 75 0 1 74 0 0 0 11 50 45 88 50 19 13 0 0 79 96 63 25 0 35 27 73 92 76 40 36 75 0 37 6 18 41 1 63 16 11 56 71 96 39 61 45 97 0 0 79 58 1 57 44 0 97 0 15 90 0 49 0 85 2 89 0 84 0 0 36 4 80 13 47 80 18 70 69 88 22 7 0 18 38 26 62 71 14 
0 56 0 0 0 0 8 0 0 41 0 0 0 50 57 0 0 34 0 0 0 57 0 0 0 0 0 66 4 0 29 0 27 0 0 0 76 11 40 74 61 83 21 0 0 5 77 80 0 0 0 0 4 91 13 14 96 0 91 0 0 0 23 93 76 35 0 81 7 0 37 0 4 0 84 0 0 0 0 0 0 0 63 0 39 93 29 0 59 96 26 24 12 0 8 0 0 0 66 8 
74 0 9 83 0 54 0 0 50 0 50 23 15 29 78 0 47 96 0 0 0 46 67 43 70 6 69 64 0 0 66 0 55 58 39 36 75 0 8 0 36 0 27 0 96 43 10 84 13 89 0 53 59 25 53 0 85 12 0 32 58 65 49 83 50 0 0 0 1 51 0 0 19 0 0 52 0 0 0 0 0 93 0 89 0 35 5 94 19 62 61 60 0 0 9 63 83 0 56 69 
38 0 9 61 75 21 0 40 0 0 76 35 46 16 0 78 92 0 98 24 70 38 31 0 8 0 0 0 0 71 4 42 0 38 92 0 0 1 0 0 0 0 0 6 92 0 0 0 11 0 28 98 0 66 0 14 0 0 23 31 24 0 0 0 0 0 22 0 0 0 0 0 0 36 65 75 15 17 37 72 94 0 0 14 0 65 0 49 0 0 15 0 0 93 63 0 72 27 0 0 
54 27 88 45 4 34 0 0 30 2 63 95 59 31 75 78 44 20 1 26 0 29 85 40 27 34 34 1 0 0 80 14 33 11 75 53 99 39 52 12 47 0 32 0 75 41 64 24 45 78 58 52 63 38 72 76 67 99 4 97 55 51 79 44 47 0 0 0 26 83 57 0 0 0 5 53 1 0 99 0 0 96 0 46 59 72 33 6 48 57 72 8 50 71 82 29 69 9 30 5 
0 0 2 2 34 49 0 32 0 58 21 43 53 49 0 0 0 0 0 31 14 38 48 0 21 0 0 0 98 81 78 45 0 0 0 0 0 31 0 0 0 48 0 9 84 0 0 0 54 0 27 57 0 61 0 5 0 0 69 0 0 0 56 94 0 0 60 0 0 0 0 47 0 0 20 0 18 20 98 93 77 0 2 62 1 85 0 0 0 0 72 96 37 18 18 0 47 79 0 0 
0 99 23 81 23 76 0 4 0 19 8 95 68 51 7 0 59 0 0 87 35 86 83 0 69 0 0 0 46 36 48 86 75 27 0 0 0 75 74 15 3 75 29 74 23 0 1 2 2 0 86 49 0 82 0 46 1 0 47 0 0 0 40 51 98 68 83 85 78 26 0 75 81 21 0 18 41 3 45 24 84 0 14 67 29 57 0 0 0 0 75 69 1 80 20 0 8 31 37 0 
94 0 64 46 43 75 0 0 29 0 11 80 80 39 28 51 61 42 89 11 0 93 12 73 64 1 51 0 0 0 41 20 44 65 59 51 0 25 0 0 69 0 21 43 54 56 0 0 67 8 98 64 73 87 0 0 0 69 36 95 61 50 0 0 43 0 0 0 68 0 17 23 88 0 1 0 23 0 0 0 0 25 0 55 0 96 0 28 0 50 24 46 0 48 84 47 47 28 0 0 
82 0 69 60 42 98 0 86 15 67 3 79 24 3 58 0 80 0 85 23 28 66 12 0 8 0 0 0 93 11 51 49 74 82 35 0 0 68 0 0 55 57 85 74 5 0 0 96 73 0 85 35 0 85 0 31 34 0 68 69 0 0 11 55 40 0 17 0 80 0 0 78 59 69 8 27 0 34 36 80 68 69 11 7 6 5 0 19 0 0 42 46 2 72 29 0 36 8 0 0 
0 0 77 0 10 0 0 19 0 1 26 0 0 22 0 0 0 0 0 88 78 55 1 0 0 0 0 0 82 1 13 24 0 0 0 0 0 24 0 0 0 19 0 26 0 0 0 0 0 0 18 37 0 65 0 38 0 0 34 0 0 0 29 25 0 0 10 0 0 0 0 51 0 48 31 0 26 0 32 1 95 0 45 0 63 98 0 0 0 0 42 0 76 81 91 0 10 84 0 0 
0 0 23 37 5 70 0 51 0 84 86 30 56 49 0 0 0 0 0 79 82 44 50 0 59 0 0 0 94 94 38 74 0 18 0 0 0 40 0 0 45 20 65 38 72 0 0 75 60 0 69 49 0 75 0 67 82 0 82 0 0 0 36 73 25 0 2 0 72 0 0 19 49 51 3 0 21 42 0 29 22 0 50 45 64 98 0 0 0 0 54 61 82 96 8 0 5 55 0 0 
0 0 82 49 3 1 0 66 0 0 17 17 34 77 0 0 0 0 0 78 85 40 11 0 61 0 0 0 44 19 84 83 0 0 0 0 0 49 0 0 0 95 0 89 85 0 0 0 55 0 92 39 0 62 0 51 0 0 17 0 0 0 0 0 0 0 34 0 0 0 0 46 0 75 77 0 40 82 70 0 45 0 0 67 5 37 0 0 0 0 1 0 0 19 62 0 57 25 0 0 
0 0 74 0 33 0 0 28 0 13 98 0 0 5 0 0 0 0 0 78 70 30 3 0 0 0 0 0 86 82 9 34 0 0 0 0 0 45 0 0 0 56 0 13 0 0 0 0 0 0 23 0 0 57 0 52 0 0 30 0 0 0 23 9 0 0 57 0 0 0 0 53 0 77 21 0 96 32 58 47 0 0 47 0 13 56 0 0 0 0 68 0 97 62 27 0 28 82 0 0 
66 0 9 70 28 97 0 0 55 0 74 68 8 11 90 83 65 7 81 0 0 59 55 31 73 1 30 0 0 0 66 1 28 43 65 22 69 72 42 0 88 0 45 0 33 61 88 0 7 89 43 86 29 52 18 0 0 64 25 44 8 31 23 97 32 0 0 0 21 0 43 0 55 0 0 68 14 0 0 0 0 0 0 19 0 97 46 57 21 36 61 7 0 0 14 16 54 85 96 0 
0 24 0 0 0 0 14 0 0 12 0 0 0 72 0 0 0 0 0 0 4 29 0 0 0 0 0 86 75 60 29 0 0 0 0 0 0 92 26 20 59 5 0 0 0 0 90 40 0 0 0 0 0 48 0 42 37 0 52 0 0 0 15 93 0 90 0 10 30 74 0 0 0 28 49 0 96 82 44 0 58 0 0 0 27 7 0 0 0 0 99 91 53 0 97 0 0 0 5 0 
64 0 8 3 12 79 0 0 71 0 14 95 93 17 50 82 5 85 96 8 39 28 3 23 84 61 73 0 0 0 68 91 70 84 79 37 0 27 61 0 95 0 67 89 40 22 42 0 40 25 42 38 32 52 0 78 95 52 65 15 64 79 56 75 36 0 0 0 62 0 11 92 18 61 53 77 61 0 45 96 0 13 0 0 0 69 0 36 54 17 68 25 0 24 22 63 56 84 8 0 
0 11 0 0 51 0 65 91 0 67 18 0 0 20 81 0 0 0 0 85 67 99 77 0 0 0 0 14 77 97 84 80 0 0 0 0 0 83 3 55 86 30 64 0 0 34 48 55 0 0 21 69 0 15 0 89 14 0 69 0 0 0 65 40 1 1 91 80 45 20 0 0 20 94 33 0 75 32 47 62 39 0 53 0 0 60 0 0 0 0 83 49 89 50 53 0 48 31 42 57 
40 30 25 13 9 51 1 92 65 63 60 12 5 39 29 0 61 0 0 14 81 72 82 56 68 0 0 48 83 5 17 89 70 40 74 0 0 16 78 60 6 46 73 19 31 88 45 21 53 32 82 93 0 89 0 38 58 0 2 0 0 0 19 54 31 3 13 77 44 92 2 12 20 74 47 79 83 28 23 16 62 19 22 64 72 0 0 65 74 0 82 10 22 31 70 0 6 15 56 22 
0 98 0 0 0 0 0 0 0 44 0 0 0 79 27 0 0 62 0 0 0 92 0 86 0 14 1 21 0 0 0 0 83 40 0 87 72 0 58 30 57 0 98 0 0 10 64 33 0 80 0 35 94 27 78 0 53 0 0 0 0 87 25 42 76 0 0 41 32 82 24 0 81 0 0 0 0 0 0 0 0 86 0 0 0 0 0 0 96 78 14 28 0 0 42 0 0 0 43 21 
43 0 15 66 43 26 0 0 59 0 82 83 34 15 98 79 55 35 74 0 0 87 33 70 74 6 42 0 0 0 31 30 14 98 50 12 0 0 0 0 14 0 82 0 91 81 0 0 96 19 50 49 38 71 0 0 0 33 57 33 48 60 0 0 54 0 0 0 1 0 73 53 49 0 0 75 28 0 0 0 0 87 0 47 0 20 0 0 78 44 74 54 0 67 1 8 7 81 0 0 
0 0 0 23 0 0 0 0 45 0 0 60 0 45 59 0 76 81 0 0 0 10 0 38 14 46 92 65 0 0 0 0 85 13 0 96 60 0 86 0 22 0 73 0 25 66 99 52 1 31 0 39 10 11 92 0 91 44 0 0 0 29 26 23 41 0 0 0 45 12 20 0 13 0 0 0 0 0 0 0 0 44 0 19 0 81 72 27 0 45 61 73 0 0 71 0 51 0 29 15 
0 0 0 63 0 99 0 0 22 0 0 41 88 6 40 0 53 25 0 0 0 30 0 16 35 67 2 58 0 0 0 0 12 32 0 50 52 0 50 0 70 0 81 0 32 30 50 0 23 63 0 29 29 9 47 0 30 91 0 0 0 44 82 47 82 0 0 0 78 72 35 0 83 0 0 23 0 0 0 0 0 50 0 22 0 0 82 97 55 0 84 43 0 0 80 15 24 0 42 98 
56 12 20 13 20 12 8 73 56 54 38 16 52 15 21 0 32 23 14 84 33 24 34 61 15 80 18 47 9 39 56 15 66 32 67 22 87 58 42 77 70 65 21 45 31 90 35 32 35 85 36 85 85 31 44 57 21 55 69 86 26 97 53 27 45 69 20 35 81 8 14 36 77 63 18 87 20 40 4 58 12 37 67 28 69 86 26 3 92 33 0 26 12 63 20 57 73 35 30 14 
75 56 49 17 9 23 22 0 68 54 65 93 54 13 57 0 61 80 0 64 76 15 26 50 21 25 12 94 39 0 72 66 66 57 43 75 1 34 69 82 34 21 63 0 23 31 27 15 44 55 87 15 47 6 1 18 65 40 82 24 25 23 16 97 19 46 0 31 9 53 22 0 71 21 98 95 34 0 52 0 0 31 36 93 48 61 76 13 24 89 27 0 91 87 68 31 37 9 89 74 
0 18 0 0 0 0 44 0 0 49 0 0 0 45 0 0 0 0 0 0 72 12 0 0 0 0 0 82 13 22 31 0 0 0 0 0 0 50 19 60 6 26 0 0 0 0 30 32 0 0 0 0 0 57 0 29 19 0 32 0 0 0 63 53 0 55 0 68 94 61 0 0 10 19 58 0 91 58 49 0 10 0 98 0 50 50 0 0 0 0 12 75 0 0 44 0 0 0 62 0 
44 0 86 98 76 92 0 43 0 72 1 12 12 38 0 0 21 0 52 93 59 76 21 0 45 0 0 0 78 48 97 27 0 44 4 0 0 73 0 0 0 98 0 19 23 0 0 0 28 0 86 76 0 37 0 62 0 0 34 57 0 0 86 65 99 0 49 0 0 0 0 43 38 81 26 21 95 40 90 61 17 0 0 68 99 83 0 42 0 0 57 72 0 0 73 0 94 9 0 0 
56 63 84 10 44 3 43 69 74 4 56 33 58 74 47 0 62 2 31 22 9 58 14 54 90 30 68 78 46 34 90 48 33 1 82 24 94 54 46 87 82 31 64 32 65 35 23 24 60 70 19 37 17 70 25 38 11 45 10 6 30 25 99 10 68 77 9 20 1 14 8 70 29 27 33 45 74 72 5 60 90 67 41 33 45 9 8 3 32 29 6 93 61 94 0 77 33 15 32 55 
15 0 20 60 88 10 0 0 22 0 43 36 73 2 86 60 1 57 88 0 0 77 27 98 56 88 33 0 0 0 11 1 13 56 1 46 0 0 0 0 0 0 71 0 61 0 0 0 2 76 42 8 33 0 0 0 0 15 30 28 91 12 0 0 49 0 0 0 84 0 90 0 11 0 0 28 0 0 0 0 0 94 0 42 0 0 0 63 0 13 1 11 0 0 78 0 54 98 0 0 
71 0 68 17 26 83 0 24 41 68 2 60 19 84 79 67 11 0 82 10 45 46 72 18 97 67 91 0 0 43 45 62 74 72 14 0 0 70 44 0 92 90 21 7 10 5 37 32 33 74 78 4 0 64 0 96 28 44 95 62 92 70 99 44 8 0 55 0 59 0 63 12 12 13 33 98 8 76 73 10 11 6 0 35 86 50 0 12 6 11 4 29 0 80 56 65 0 1 45 0 
4 0 96 41 65 13 0 19 14 0 40 7 80 80 3 11 72 0 42 63 10 48 81 70 69 0 75 0 0 17 4 8 66 32 81 0 0 4 0 0 90 0 18 95 83 0 0 0 40 29 63 1 0 41 0 99 0 97 77 45 12 0 80 46 19 0 51 0 61 0 0 97 82 67 99 60 63 97 49 14 31 34 0 75 27 73 0 37 0 0 2 32 0 73 30 84 70 0 0 0 
0 26 0 0 0 0 82 0 0 73 0 0 0 44 86 0 0 73 0 0 0 70 0 44 0 78 0 82 22 0 77 0 82 54 0 6 50 29 16 44 89 43 78 0 0 13 91 51 0 73 0 92 53 36 38 0 56 0 0 0 0 76 39 52 62 65 0 87 37 92 89 0 92 0 19 0 0 0 0 0 0 83 73 63 77 53 20 0 80 64 18 90 35 0 88 0 76 0 0 28 
0 75 0 0 0 0 95 0 0 76 0 0 0 90 31 0 0 51 0 0 0 45 0 24 0 91 87 72 0 0 0 0 77 98 0 99 87 0 43 26 11 0 80 0 0 2 60 9 0 9 0 0 72 94 71 0 40 0 0 0 0 91 17 29 44 55 0 15 59 37 90 0 76 0 0 0 0 0 0 0 0 0 0 0 85 65 29 0 84 52 49 33 0 0 12 0 0 0 45 0 
