100 1000
0 194 200 197 194 156 150 151 153 155 147 155 149 155 150 149 155 154 154 151 153 149 151 116 108 115 112 110 155 159 155 155 155 156 151 156 152 151 159 152 158 177 179 176 179 149 149 152 151 150 150 155 158 149 89 83 99 98 105 103 105 97 98 100 99 106 103 104 104 104 101 105 54 57 56 60 60 55 56 54 55 58 53 58 172 172 173 181 173 176 172 172 174 179 176 180 178 177 173 174 
194 0 7 3 3 234 234 235 234 233 230 235 231 234 232 234 237 234 238 233 233 233 233 80 89 81 86 84 91 90 87 83 90 84 91 87 91 92 85 90 83 41 42 48 38 239 242 236 237 236 241 241 245 238 199 193 291 290 297 295 297 289 291 293 292 298 294 296 295 296 293 297 140 137 138 134 134 139 138 140 139 137 141 136 42 47 48 39 45 41 48 47 41 47 45 38 45 39 45 46 
200 7 0 3 8 238 238 239 238 236 234 239 235 238 236 238 241 238 242 236 237 237 237 86 95 87 92 91 96 95 93 89 96 89 97 93 96 97 91 95 89 43 44 50 40 243 246 240 241 240 245 245 249 242 204 198 297 297 304 301 303 295 297 300 298 305 301 302 302 302 299 303 146 144 145 140 141 146 144 146 145 143 147 143 47 52 53 44 50 46 53 53 46 52 50 43 50 44 50 51 
197 3 3 0 5 235 235 237 236 234 231 237 233 236 234 236 239 236 240 234 235 235 235 83 92 84 89 88 94 93 90 86 93 87 94 90 94 95 88 93 86 42 43 49 39 241 244 238 239 238 243 243 247 240 201 195 294 294 300 298 300 292 294 296 295 301 297 299 298 299 296 300 143 141 142 137 138 142 141 143 142 140 144 139 44 49 50 42 48 43 51 50 44 50 47 41 47 42 48 48 
194 3 8 5 0 236 235 237 236 234 231 237 233 236 234 236 239 236 240 234 235 235 235 81 89 81 86 85 88 87 85 81 88 82 89 85 89 89 83 87 81 43 45 50 41 241 243 237 239 238 243 243 247 240 200 194 291 290 297 295 297 289 291 293 292 298 294 296 295 296 293 297 139 137 138 133 134 139 138 140 139 137 141 136 39 44 45 37 43 38 46 45 38 45 42 36 42 37 43 43 
156 234 238 235 236 0 7 6 3 1 8 2 6 2 7 8 4 2 6 5 2 7 5 171 166 170 164 171 255 258 253 251 255 253 252 254 252 252 255 252 253 195 195 189 198 13 15 7 8 9 15 9 13 12 67 74 176 176 181 177 174 174 179 179 177 181 173 177 174 175 174 177 158 154 162 158 163 155 154 157 161 155 154 158 241 244 246 248 244 244 245 245 242 251 247 246 248 244 244 245 
150 234 238 235 235 7 0 2 3 7 4 6 3 5 1 1 5 5 5 2 5 1 2 169 164 168 162 169 253 256 250 248 252 250 249 252 250 249 253 249 251 196 196 190 199 8 10 2 3 3 10 7 12 6 62 69 169 169 174 171 168 167 173 172 171 174 166 170 167 169 168 170 154 150 158 154 159 152 150 153 157 152 150 154 239 243 244 246 242 242 244 243 241 250 246 245 247 243 243 244 
151 235 239 237 237 6 2 0 3 7 6 5 4 5 3 2 4 5 3 3 5 2 2 170 165 170 164 171 255 257 252 250 254 252 251 253 251 251 255 251 253 197 197 191 200 7 10 1 2 3 9 6 10 5 63 70 169 169 174 171 168 168 173 173 171 175 167 170 168 169 168 171 156 152 159 156 161 153 151 155 158 153 152 156 241 244 246 248 244 244 245 245 242 251 247 247 248 245 244 245 
153 234 238 236 236 3 3 3 0 4 6 2 4 2 4 5 3 2 4 2 2 4 2 170 165 169 164 171 255 258 252 250 254 252 251 253 251 251 255 251 253 196 196 190 199 10 12 3 5 6 12 7 11 8 65 72 172 172 177 174 171 171 176 176 174 178 170 173 171 172 171 174 157 153 160 157 162 154 152 156 159 154 153 157 241 244 245 248 243 244 245 245 242 251 247 246 248 244 244 245 
155 233 236 234 234 1 7 7 4 0 8 3 6 2 6 8 5 2 7 5 2 7 5 170 164 169 163 170 254 257 252 250 254 251 251 253 251 251 254 251 252 194 194 188 197 14 16 7 9 9 15 10 14 12 66 73 176 176 180 177 174 174 179 179 177 181 173 177 174 175 174 177 157 153 161 157 162 154 153 157 160 154 153 157 240 243 245 246 242 243 244 244 241 250 246 245 247 243 243 244 
147 230 234 231 231 8 4 6 6 8 0 8 2 7 3 5 9 7 9 4 6 4 4 165 160 164 158 165 249 252 247 245 248 246 246 248 246 246 249 245 247 192 192 186 195 11 14 6 7 7 13 11 16 9 59 66 169 169 174 171 168 167 172 172 170 174 166 170 167 169 167 170 151 147 154 151 156 148 146 150 153 148 147 151 235 238 240 242 238 238 240 239 237 245 242 241 243 239 239 239 
155 235 239 237 237 2 6 5 2 3 8 0 6 1 6 7 2 1 4 5 3 7 4 172 167 171 165 172 256 259 254 252 256 254 253 255 253 253 256 253 254 197 197 191 200 12 14 5 7 8 13 7 11 10 67 74 174 174 179 176 173 173 178 178 176 180 172 175 173 174 173 176 159 155 162 159 164 156 154 158 161 156 155 159 242 245 247 249 245 245 246 246 243 252 248 248 249 246 245 246 
149 231 235 233 233 6 3 4 4 6 2 6 0 5 1 3 7 5 7 1 4 3 2 167 161 166 160 167 251 254 249 246 250 248 247 250 248 247 251 247 249 193 193 187 196 10 13 5 6 6 12 10 14 8 61 68 170 170 175 172 169 168 174 173 172 176 168 171 168 170 169 172 153 149 156 153 158 150 148 152 155 150 149 153 237 240 242 244 240 240 242 241 239 247 243 243 245 241 240 241 
155 234 238 236 236 2 5 5 2 2 7 1 5 0 5 6 3 0 5 4 2 6 4 171 166 170 164 171 255 258 253 251 255 253 252 254 252 252 256 252 254 196 196 190 199 11 14 5 7 7 13 8 12 10 66 73 174 174 179 176 173 172 178 177 176 179 171 175 172 174 173 175 158 154 161 158 163 155 153 157 160 155 154 158 241 244 246 248 244 244 246 245 243 251 247 247 249 245 244 245 
150 232 236 234 234 7 1 3 4 6 3 6 1 5 0 2 6 5 6 1 4 1 2 168 162 167 161 168 252 255 249 247 251 249 248 250 249 248 252 248 250 194 194 188 197 9 11 3 5 4 11 9 13 7 61 68 169 169 174 171 168 167 173 173 171 175 167 170 168 169 168 171 153 149 157 153 158 151 149 153 156 151 149 154 238 241 243 245 241 241 243 242 240 248 244 244 246 242 241 242 
149 234 238 236 236 8 1 2 5 8 5 7 3 6 2 0 6 6 5 3 6 1 3 169 164 168 162 169 253 256 250 248 252 250 249 252 250 249 253 249 251 196 196 190 199 7 9 2 3 2 9 7 11 5 61 69 168 168 173 170 167 166 171 171 169 173 165 169 166 168 166 169 154 150 157 154 159 151 150 153 156 151 150 154 240 243 244 247 242 243 244 244 241 250 246 245 247 243 243 244 
155 237 241 239 239 4 5 4 3 5 9 2 7 3 6 6 0 3 2 5 4 6 5 173 168 172 167 174 258 261 255 253 257 255 254 256 254 254 258 254 256 199 199 193 202 10 12 4 5 6 11 5 9 8 67 74 173 173 178 175 172 171 177 177 175 179 171 174 171 173 172 174 160 156 163 159 165 157 155 159 162 157 155 160 244 247 248 250 246 247 248 248 245 254 250 249 251 247 247 248 
154 234 238 236 236 2 5 5 2 2 7 1 5 0 5 6 3 0 5 4 1 6 3 170 165 169 164 171 255 258 252 250 254 252 252 254 252 252 255 251 253 196 196 190 199 12 14 5 7 7 13 8 12 10 66 73 174 174 179 176 173 172 178 177 176 179 172 175 172 174 173 175 157 153 161 157 162 155 153 157 160 155 153 158 241 244 245 247 243 244 245 245 242 251 247 246 248 244 244 245 
154 238 242 240 240 6 5 3 4 7 9 4 7 5 6 5 2 5 0 6 6 6 5 174 169 173 167 174 258 261 255 253 257 255 254 257 255 254 258 254 256 200 200 194 203 8 9 3 4 5 9 3 7 6 66 74 171 171 176 173 170 169 175 175 173 176 169 172 169 171 170 172 159 155 163 159 164 156 155 158 162 157 155 159 244 247 249 251 247 247 249 248 246 254 251 250 252 248 247 248 
151 233 236 234 234 5 2 3 2 5 4 5 1 4 1 3 5 4 6 0 3 3 1 168 163 167 161 169 252 255 250 248 252 250 249 251 249 249 253 249 251 194 194 188 197 10 12 4 5 5 12 8 13 8 62 70 171 171 176 173 170 169 174 174 172 176 168 172 169 171 169 172 154 150 158 154 159 152 150 154 157 152 150 154 239 242 243 246 241 242 243 243 240 249 245 244 246 242 242 243 
153 233 237 235 235 2 5 5 2 2 6 3 4 2 4 6 4 1 6 3 0 5 3 169 164 168 163 170 254 257 251 249 253 251 250 252 251 250 254 250 252 195 195 189 198 12 14 5 7 7 13 9 13 10 65 72 174 174 178 175 172 172 177 177 175 179 171 175 172 173 172 175 156 152 160 156 161 154 152 156 159 154 152 156 240 243 244 246 242 243 244 244 241 250 246 245 247 243 243 244 
149 233 237 235 235 7 1 2 4 7 4 7 3 6 1 1 6 6 6 3 5 0 2 168 163 167 162 169 252 255 250 248 251 250 249 251 249 249 252 249 251 195 195 189 198 7 10 3 4 3 9 8 12 6 61 68 168 168 173 170 167 166 172 172 170 174 166 169 167 168 167 170 154 150 157 154 159 151 149 153 156 151 149 154 239 242 244 246 242 242 243 243 240 249 245 245 246 242 242 243 
151 233 237 235 235 5 2 2 2 5 4 4 2 4 2 3 5 3 5 1 3 2 0 169 164 168 162 169 253 256 251 249 252 250 250 252 250 250 253 250 251 195 195 189 198 9 12 3 5 5 11 8 12 7 63 70 171 171 176 172 169 169 174 174 172 176 168 172 169 171 169 172 155 151 158 155 160 152 150 154 157 152 151 155 239 242 244 246 242 242 244 243 241 249 245 245 247 243 242 243 
116 80 86 83 81 171 169 170 170 170 165 172 167 171 168 169 173 170 174 168 169 168 169 0 8 1 7 6 88 90 85 82 87 84 85 86 85 85 87 85 85 62 65 62 64 173 175 171 172 171 175 176 180 172 124 117 211 211 218 215 217 209 211 214 212 219 214 216 215 216 213 217 62 59 62 56 58 61 59 62 62 58 63 59 72 74 76 79 74 75 75 75 73 81 78 78 79 76 74 75 
108 89 95 92 89 166 164 165 165 164 160 167 161 166 162 164 168 165 169 163 164 163 164 8 0 8 6 6 91 94 88 86 90 88 88 89 88 88 91 88 88 70 72 70 72 167 170 166 166 165 169 171 175 167 117 110 203 202 209 207 208 201 203 205 204 210 206 207 207 208 205 209 54 51 54 48 50 53 51 54 54 50 55 51 79 81 82 86 81 82 82 82 80 88 84 85 86 83 81 82 
115 81 87 84 81 170 168 170 169 169 164 171 166 170 167 168 172 169 173 167 168 167 168 1 8 0 6 6 89 91 86 83 88 85 86 87 86 86 88 86 86 62 65 62 64 172 174 170 171 170 174 175 179 171 123 116 211 210 217 215 216 209 210 213 211 218 214 215 215 215 212 217 62 58 61 55 58 61 59 62 61 58 62 58 73 75 77 80 75 76 76 76 74 82 79 79 80 77 75 76 
112 86 92 89 86 164 162 164 164 163 158 165 160 164 161 162 167 164 167 161 163 162 162 7 6 6 0 9 94 97 91 89 93 90 91 92 91 91 93 91 91 65 68 64 67 166 168 164 165 164 168 169 174 165 117 110 206 206 213 210 212 204 206 209 207 214 209 211 211 211 208 213 59 55 59 53 55 58 56 59 59 55 59 55 79 81 83 86 81 82 82 82 80 88 85 85 86 83 81 82 
110 84 91 88 85 171 169 171 171 170 165 172 167 171 168 169 174 171 174 169 170 169 169 6 6 6 9 0 86 88 83 80 85 82 83 84 83 83 85 82 83 68 71 68 70 173 175 171 172 171 175 177 181 172 123 115 207 206 213 210 212 205 206 209 207 214 210 211 211 212 208 213 56 54 56 50 52 56 54 57 56 53 57 53 73 75 77 81 75 76 76 76 75 82 79 80 80 77 76 76 
155 91 96 94 88 255 253 255 255 254 249 256 251 255 252 253 258 255 258 252 254 252 253 88 91 89 94 86 0 4 4 8 1 7 4 3 4 4 6 4 7 112 115 118 112 256 258 255 256 254 258 260 264 255 201 193 252 251 257 256 259 250 250 253 252 258 257 257 258 258 254 259 110 112 107 107 104 112 112 111 108 110 114 108 49 44 43 53 46 51 43 44 50 46 47 54 47 52 46 46 
159 90 95 93 87 258 256 257 258 257 252 259 254 258 255 256 261 258 261 255 257 255 256 90 94 91 97 88 4 0 5 8 4 7 8 4 7 8 5 7 7 112 116 118 112 259 261 258 259 257 261 263 267 258 204 196 255 255 261 259 263 254 254 257 256 262 260 261 261 261 258 262 114 115 111 110 107 115 116 114 112 114 117 112 48 43 42 52 45 49 42 42 49 44 46 53 46 51 45 44 
155 87 93 90 85 253 250 252 252 252 247 254 249 253 249 250 255 252 255 250 251 250 251 85 88 86 91 83 4 5 0 4 3 3 5 1 4 5 4 3 4 108 112 114 108 254 256 253 253 252 256 258 262 253 199 191 252 251 257 256 259 250 250 253 252 258 256 257 257 258 254 258 109 110 106 105 102 110 111 109 107 109 112 107 46 41 40 50 42 47 40 40 46 43 44 51 44 49 42 42 
155 83 89 86 81 251 248 250 250 250 245 252 246 251 247 248 253 250 253 248 249 248 249 82 86 83 89 80 8 8 4 0 7 2 8 4 8 9 5 7 3 104 108 110 104 252 254 251 251 250 254 256 260 251 197 189 252 252 258 256 259 251 251 254 253 259 257 257 258 258 255 259 108 109 105 105 102 110 110 109 106 108 112 106 42 37 36 46 39 43 36 36 43 39 40 47 40 45 39 38 
155 90 96 93 88 255 252 254 254 254 248 256 250 255 251 252 257 254 257 252 253 251 252 87 90 88 93 85 1 4 3 7 0 6 4 3 3 4 6 3 7 111 115 117 111 255 257 254 255 254 257 259 263 255 200 192 251 251 257 255 258 250 250 253 252 258 256 256 257 257 254 258 109 111 106 106 103 111 111 110 107 110 113 107 49 44 43 53 45 50 43 43 49 45 46 53 47 52 45 45 
156 84 89 87 82 253 250 252 252 251 246 254 248 253 249 250 255 252 255 250 251 250 250 84 88 85 90 82 7 7 3 2 6 0 8 3 8 9 3 7 1 106 109 111 105 253 256 252 253 252 255 257 261 253 199 191 254 253 259 258 261 252 252 255 254 260 258 259 259 259 256 260 110 111 107 106 103 111 112 110 108 110 113 108 42 38 37 46 39 44 36 37 43 39 40 47 41 45 39 39 
151 91 97 94 89 252 249 251 251 251 246 253 247 252 248 249 254 252 254 249 250 249 250 85 88 86 91 83 4 8 5 8 4 8 0 6 1 0 9 2 9 111 115 117 111 252 255 252 252 251 254 257 261 252 197 189 248 247 253 252 255 246 246 249 248 254 252 253 253 254 250 254 106 107 103 103 100 108 108 107 104 106 110 104 50 46 45 55 47 52 44 45 51 47 48 55 49 53 47 47 
156 87 93 90 85 254 252 253 253 253 248 255 250 254 250 252 256 254 257 251 252 251 252 86 89 87 92 84 3 4 1 4 3 3 6 0 5 6 3 4 4 109 112 114 108 255 257 254 254 253 257 259 263 254 200 192 253 252 258 257 260 251 251 254 253 259 257 258 258 259 255 259 110 111 107 106 103 111 112 110 108 110 113 108 46 41 40 50 43 47 40 40 47 42 44 51 44 49 43 42 
152 91 96 94 89 252 250 251 251 251 246 253 248 252 249 250 254 252 255 249 251 249 250 85 88 86 91 83 4 7 4 8 3 8 1 5 0 1 8 1 8 111 114 116 111 253 255 252 252 251 255 257 261 252 197 189 248 248 254 252 255 247 247 250 249 255 253 254 254 254 251 255 106 108 104 103 100 108 109 107 105 107 110 105 49 45 44 54 46 51 44 44 50 47 48 55 48 53 46 46 
151 92 97 95 89 252 249 251 251 251 246 253 247 252 248 249 254 252 254 249 250 249 250 85 88 86 91 83 4 8 5 9 4 9 0 6 1 0 9 2 10 111 115 117 111 252 255 252 252 251 254 257 261 252 197 189 247 247 253 251 255 246 246 249 248 254 252 253 253 253 250 254 106 107 103 103 99 108 108 107 104 106 109 104 50 46 45 55 47 52 45 45 51 48 49 56 49 54 47 47 
159 85 91 88 83 255 253 255 255 254 249 256 251 256 252 253 258 255 258 253 254 252 253 87 91 88 93 85 6 5 4 5 6 3 9 3 8 9 0 7 2 108 111 114 107 256 259 255 256 255 258 260 264 256 202 194 256 255 261 260 263 254 254 257 256 262 260 261 261 262 258 262 112 113 109 109 106 114 114 113 110 112 116 110 44 39 38 47 40 45 38 38 45 40 41 48 42 47 40 40 
152 90 95 93 87 252 249 251 251 251 245 253 247 252 248 249 254 251 254 249 250 249 250 85 88 86 91 82 4 7 3 7 3 7 2 4 1 2 7 0 8 110 113 115 110 253 255 252 252 251 254 257 261 252 197 189 249 248 255 253 256 247 247 250 249 255 254 254 255 255 251 256 107 108 104 103 100 108 109 107 105 107 110 105 48 44 43 53 45 50 43 43 49 46 47 54 47 52 45 45 
158 83 89 86 81 253 251 253 253 252 247 254 249 254 250 251 256 253 256 251 252 251 251 85 88 86 91 83 7 7 4 3 7 1 9 4 8 10 2 8 0 106 109 111 105 254 257 253 254 253 256 258 262 254 200 192 255 254 261 259 262 253 253 256 255 261 259 260 260 261 257 262 111 112 108 107 104 112 113 112 109 111 114 109 42 37 36 46 39 43 36 36 43 39 40 47 40 45 39 38 
177 41 43 42 43 195 196 197 196 194 192 197 193 196 194 196 199 196 200 194 195 195 195 62 70 62 65 68 112 112 108 104 111 106 111 109 111 111 108 110 106 0 3 7 3 202 204 198 199 198 204 203 207 200 166 161 270 269 276 273 275 268 270 272 271 277 272 274 273 274 271 275 124 120 123 117 120 123 121 124 124 120 124 120 68 74 75 71 72 69 75 75 69 78 74 69 75 69 73 73 
179 42 44 43 45 195 196 197 196 194 192 197 193 196 194 196 199 196 200 194 195 195 195 65 72 65 68 71 115 116 112 108 115 109 115 112 114 115 111 113 109 3 0 6 4 202 204 198 199 198 204 203 207 200 167 162 272 271 278 276 277 270 272 274 273 279 274 276 275 276 273 278 126 123 126 120 123 125 123 126 126 122 127 123 71 77 78 73 75 72 78 78 72 80 77 72 78 72 76 76 
176 48 50 49 50 189 190 191 190 188 186 191 187 190 188 190 193 190 194 188 189 189 189 62 70 62 64 68 118 118 114 110 117 111 117 114 116 117 114 115 111 7 6 0 10 196 198 192 193 192 198 197 201 194 162 156 267 267 274 271 272 265 268 270 268 275 270 272 271 272 269 273 123 120 123 117 120 122 120 123 123 119 123 120 75 80 82 78 79 76 82 81 75 84 81 76 81 76 79 80 
179 38 40 39 41 198 199 200 199 197 195 200 196 199 197 199 202 199 203 197 198 198 198 64 72 64 67 70 112 112 108 104 111 105 111 108 111 111 107 110 105 3 4 10 0 205 207 201 202 201 207 206 210 203 169 164 272 272 279 276 277 270 272 275 273 280 275 277 276 277 274 278 126 123 126 120 122 125 123 126 126 122 126 123 67 72 74 69 71 68 74 74 68 76 73 68 73 67 71 72 
149 239 243 241 241 13 8 7 10 14 11 12 10 11 9 7 10 12 8 10 12 7 9 173 167 172 166 173 256 259 254 252 255 253 252 255 253 252 256 253 254 202 202 196 205 0 3 7 5 5 2 7 9 2 62 69 163 163 168 165 162 162 167 167 165 169 161 164 162 163 162 165 156 152 159 156 161 153 151 155 158 153 152 156 244 247 248 251 246 247 248 248 245 254 250 250 251 247 247 248 
149 242 246 244 243 15 10 10 12 16 14 14 13 14 11 9 12 14 9 12 14 10 12 175 170 174 168 175 258 261 256 254 257 256 255 257 255 255 259 255 257 204 204 198 207 3 0 9 7 7 1 8 8 4 63 71 162 162 167 164 161 161 166 166 164 168 160 163 160 162 161 164 157 154 161 158 163 155 153 157 160 155 153 158 246 249 251 253 249 249 250 250 248 256 252 252 254 250 249 250 
152 236 240 238 237 7 2 1 3 7 6 5 5 5 3 2 4 5 3 4 5 3 3 171 166 170 164 171 255 258 253 251 254 252 252 254 252 252 255 252 253 198 198 192 201 7 9 0 2 3 8 5 9 5 63 71 169 169 174 171 168 168 173 173 171 175 167 170 168 169 168 171 156 152 160 156 161 154 152 155 159 154 152 156 242 245 246 249 244 245 246 246 243 252 248 247 249 245 245 246 
151 237 241 239 239 8 3 2 5 9 7 7 6 7 5 3 5 7 4 5 7 4 5 172 166 171 165 172 256 259 253 251 255 253 252 254 252 252 256 252 254 199 199 193 202 5 7 2 0 1 6 5 9 3 63 71 168 168 173 170 166 166 171 171 169 173 165 169 166 167 166 169 156 153 160 156 161 154 152 156 159 154 152 157 243 246 247 249 245 246 247 246 244 253 249 248 250 246 246 247 
150 236 240 238 238 9 3 3 6 9 7 8 6 7 4 2 6 7 5 5 7 3 5 171 165 170 164 171 254 257 252 250 254 252 251 253 251 251 255 251 253 198 198 192 201 5 7 3 1 0 6 6 10 3 62 69 167 167 172 169 166 165 171 170 168 172 164 168 165 167 165 168 155 151 158 155 160 152 151 154 157 152 151 155 241 244 246 248 244 244 246 245 243 251 248 247 249 245 245 246 
150 241 245 243 243 15 10 9 12 15 13 13 12 13 11 9 11 13 9 12 13 9 11 175 169 174 168 175 258 261 256 254 257 255 254 257 255 254 258 254 256 204 204 198 207 2 1 8 6 6 0 7 8 4 63 71 163 163 168 165 161 161 167 167 165 168 160 164 161 163 161 164 157 154 160 158 162 155 153 156 159 155 153 158 246 249 250 253 248 249 250 250 247 256 252 252 253 250 249 250 
155 241 245 243 243 9 7 6 7 10 11 7 10 8 9 7 5 8 3 8 9 8 8 176 171 175 169 177 260 263 258 256 259 257 257 259 257 257 260 257 258 203 203 197 206 7 8 5 5 6 7 0 4 6 67 75 170 170 175 172 169 168 174 174 172 175 167 171 168 170 169 171 161 157 164 161 166 158 156 160 163 158 157 161 247 250 251 254 249 250 251 251 248 257 253 252 254 250 250 251 
158 245 249 247 247 13 12 10 11 14 16 11 14 12 13 11 9 12 7 13 13 12 12 180 175 179 174 181 264 267 262 260 263 261 261 263 261 261 264 261 262 207 207 201 210 9 8 9 9 10 8 4 0 9 71 78 170 170 175 172 168 168 174 174 172 175 167 171 168 170 168 171 164 161 168 165 170 162 160 164 167 162 160 165 251 254 256 258 254 254 255 255 252 261 257 257 258 255 254 255 
149 238 242 240 240 12 6 5 8 12 9 10 8 10 7 5 8 10 6 8 10 6 7 172 167 171 165 172 255 258 253 251 255 253 252 254 252 252 256 252 254 200 200 194 203 2 4 5 3 3 4 6 9 0 62 69 165 165 170 167 163 163 169 168 166 170 162 166 163 164 163 166 155 152 159 156 161 153 151 155 158 153 151 156 243 246 248 250 246 246 247 247 244 253 249 249 250 247 246 247 
89 199 204 201 200 67 62 63 65 66 59 67 61 66 61 61 67 66 66 62 65 61 63 124 117 123 117 123 201 204 199 197 200 199 197 200 197 197 202 197 200 166 167 162 169 62 63 63 63 62 63 67 71 62 0 8 130 130 136 133 131 128 132 133 131 136 129 132 130 132 129 133 96 92 99 97 101 93 92 95 98 94 91 96 196 198 199 203 198 199 199 198 197 205 201 202 203 200 198 199 
83 193 198 195 194 74 69 70 72 73 66 74 68 73 68 69 74 73 74 70 72 68 70 117 110 116 110 115 193 196 191 189 192 191 189 192 189 189 194 189 192 161 162 156 164 69 71 71 71 69 71 75 78 69 8 0 129 129 136 132 131 127 132 133 131 136 130 132 131 132 129 133 88 84 91 89 93 85 84 87 90 86 83 88 188 190 192 196 190 192 191 191 190 198 194 195 195 193 191 192 
99 291 297 294 291 176 169 169 172 176 169 174 170 174 169 168 173 174 171 171 174 168 171 211 203 211 206 207 252 255 252 252 251 254 248 253 248 247 256 249 255 270 272 267 272 163 162 169 168 167 163 170 170 165 130 129 0 1 6 4 8 2 5 4 2 7 6 5 7 6 4 7 152 154 154 158 158 152 153 152 153 155 150 155 271 271 271 279 271 274 271 271 273 277 275 279 276 276 272 272 
98 290 297 294 290 176 169 169 172 176 169 174 170 174 169 168 173 174 171 171 174 168 171 211 202 210 206 206 251 255 251 252 251 253 247 252 248 247 255 248 254 269 271 267 272 163 162 169 168 167 163 170 170 165 130 129 1 0 7 5 9 2 4 4 2 8 7 6 8 7 4 7 152 153 153 157 157 152 153 151 153 154 150 155 270 270 271 279 271 274 270 270 272 277 274 278 276 275 271 272 
105 297 304 300 297 181 174 174 177 180 174 179 175 179 174 173 178 179 176 176 178 173 176 218 209 217 213 213 257 261 257 258 257 259 253 258 254 253 261 255 261 276 278 274 279 168 167 174 173 172 168 175 175 170 136 136 6 7 0 3 7 9 8 4 6 1 8 4 7 6 6 4 158 160 160 164 164 158 159 158 159 161 156 161 277 277 278 285 277 280 277 277 279 283 281 285 282 282 278 278 
103 295 301 298 295 177 171 171 174 177 171 176 172 176 171 170 175 176 173 173 175 170 172 215 207 215 210 210 256 259 256 256 255 258 252 257 252 251 260 253 259 273 276 271 276 165 164 171 170 169 165 172 172 167 133 132 4 5 3 0 5 6 7 4 4 4 5 2 5 3 3 3 156 158 158 162 162 156 157 156 157 159 154 159 275 275 276 283 275 278 275 275 277 281 279 283 280 280 276 276 
105 297 303 300 297 174 168 168 171 174 168 173 169 173 168 167 172 173 170 170 172 167 169 217 208 216 212 212 259 263 259 259 258 261 255 260 255 255 263 256 262 275 277 272 277 162 161 168 166 166 161 169 168 163 131 131 8 9 7 5 0 9 12 9 9 7 2 4 1 2 5 3 158 160 160 164 164 158 159 158 159 160 156 161 277 277 278 286 278 281 277 277 279 284 281 285 283 282 278 279 
97 289 295 292 289 174 167 168 171 174 167 173 168 172 167 166 171 172 169 169 172 166 169 209 201 209 204 205 250 254 250 251 250 252 246 251 247 246 254 247 253 268 270 265 270 162 161 168 166 165 161 168 168 163 128 127 2 2 9 6 9 0 6 5 4 10 7 7 8 8 5 9 150 152 152 156 156 150 151 150 151 153 148 153 269 269 270 277 269 272 269 269 271 275 273 277 274 274 270 270 
98 291 297 294 291 179 173 173 176 179 172 178 174 178 173 171 177 178 175 174 177 172 174 211 203 210 206 206 250 254 250 251 250 252 246 251 247 246 254 247 253 270 272 268 272 167 166 173 171 171 167 174 174 169 132 132 5 4 8 7 12 6 0 3 4 8 11 9 11 10 8 10 151 153 153 157 157 151 153 151 152 154 150 155 270 269 270 278 270 273 270 270 272 276 274 278 275 275 271 271 
100 293 300 296 293 179 172 173 176 179 172 178 173 177 173 171 177 177 175 174 177 172 174 214 205 213 209 209 253 257 253 254 253 255 249 254 250 249 257 250 256 272 274 270 275 167 166 173 171 170 167 174 174 168 133 133 4 4 4 4 9 5 3 0 2 5 8 6 8 7 6 7 154 156 156 160 160 154 155 154 155 157 152 157 273 272 273 281 273 276 273 273 275 279 277 281 278 278 273 274 
99 292 298 295 292 177 171 171 174 177 170 176 172 176 171 169 175 176 173 172 175 170 172 212 204 211 207 207 252 256 252 253 252 254 248 253 249 248 256 249 255 271 273 268 273 165 164 171 169 168 165 172 172 166 131 131 2 2 6 4 9 4 4 2 0 7 7 5 8 7 5 7 153 154 154 159 158 153 154 152 154 155 151 156 271 271 272 280 272 275 272 272 273 278 275 279 277 276 272 273 
106 298 305 301 298 181 174 175 178 181 174 180 176 179 175 173 179 179 176 176 179 174 176 219 210 218 214 214 258 262 258 259 258 260 254 259 255 254 262 255 261 277 279 275 280 169 168 175 173 172 168 175 175 170 136 136 7 8 1 4 7 10 8 5 7 0 8 4 7 6 7 4 159 161 161 165 165 159 160 159 160 162 157 162 278 278 279 286 278 281 278 278 280 284 282 286 283 283 279 279 
103 294 301 297 294 173 166 167 170 173 166 172 168 171 167 165 171 172 169 168 171 166 168 214 206 214 209 210 257 260 256 257 256 258 252 257 253 252 260 254 259 272 274 270 275 161 160 167 165 164 160 167 167 162 129 130 6 7 8 5 2 7 11 8 7 8 0 4 1 2 3 4 156 157 157 161 162 156 157 155 157 158 154 159 275 275 276 283 275 278 275 275 277 281 279 283 280 280 276 276 
104 296 302 299 296 177 170 170 173 177 170 175 171 175 170 169 174 175 172 172 175 169 172 216 207 215 211 211 257 261 257 257 256 259 253 258 254 253 261 254 260 274 276 272 277 164 163 170 169 168 164 171 171 166 132 132 5 6 4 2 4 7 9 6 5 4 4 0 3 2 3 2 157 158 159 163 163 157 158 156 158 159 155 160 276 276 276 284 276 279 276 276 278 282 280 284 281 281 277 277 
104 295 302 298 295 174 167 168 171 174 167 173 168 172 168 166 171 172 169 169 172 167 169 215 207 215 211 211 258 261 257 258 257 259 253 258 254 253 261 255 260 273 275 271 276 162 160 168 166 165 161 168 168 163 130 131 7 8 7 5 1 8 11 8 8 7 1 3 0 1 3 3 157 158 159 162 163 157 158 156 158 159 155 160 276 276 277 284 276 279 276 276 278 282 280 284 281 281 277 277 
104 296 302 299 296 175 169 169 172 175 169 174 170 174 169 168 173 174 171 171 173 168 171 216 208 215 211 212 258 261 258 258 257 259 254 259 254 253 262 255 261 274 276 272 277 163 162 169 167 167 163 170 170 164 132 132 6 7 6 3 2 8 10 7 7 6 2 2 1 0 3 2 157 159 159 163 163 157 158 157 158 160 155 160 276 276 277 285 277 280 277 277 278 283 280 284 282 281 277 278 
101 293 299 296 293 174 168 168 171 174 167 173 169 173 168 166 172 173 170 169 172 167 169 213 205 212 208 208 254 258 254 255 254 256 250 255 251 250 258 251 257 271 273 269 274 162 161 168 166 165 161 169 168 163 129 129 4 4 6 3 5 5 8 6 5 7 3 3 3 3 0 4 154 156 156 160 160 154 155 154 155 156 152 157 273 273 274 281 273 277 273 273 275 280 277 281 278 278 274 274 
105 297 303 300 297 177 170 171 174 177 170 176 172 175 171 169 174 175 172 172 175 170 172 217 209 217 213 213 259 262 258 259 258 260 254 259 255 254 262 256 262 275 278 273 278 165 164 171 169 168 164 171 171 166 133 133 7 7 4 3 3 9 10 7 7 4 4 2 3 2 4 0 158 160 160 164 164 158 159 158 159 161 157 162 277 277 278 286 278 281 278 278 279 284 281 285 283 282 278 279 
54 140 146 143 139 158 154 156 157 157 151 159 153 158 153 154 160 157 159 154 156 154 155 62 54 62 59 56 110 114 109 108 109 110 106 110 106 106 112 107 111 124 126 123 126 156 157 156 156 155 157 161 164 155 96 88 152 152 158 156 158 150 151 154 153 159 156 157 157 157 154 158 0 5 3 6 6 3 5 1 2 5 4 3 120 120 121 128 120 123 120 120 121 127 124 127 125 124 121 121 
57 137 144 141 137 154 150 152 153 153 147 155 149 154 149 150 156 153 155 150 152 150 151 59 51 58 55 54 112 115 110 109 111 111 107 111 108 107 113 108 112 120 123 120 123 152 154 152 153 151 154 157 161 152 92 84 154 153 160 158 160 152 153 156 154 161 157 158 158 159 156 160 5 0 8 5 9 3 1 5 7 1 4 4 119 119 120 127 120 122 120 120 121 126 123 126 125 124 120 121 
56 138 145 142 138 162 158 159 160 161 154 162 156 161 157 157 163 161 163 158 160 157 158 62 54 61 59 56 107 111 106 105 106 107 103 107 104 103 109 104 108 123 126 123 126 159 161 160 160 158 160 164 168 159 99 91 154 153 160 158 160 152 153 156 154 161 157 159 159 159 156 160 3 8 0 7 4 6 8 4 1 7 7 4 118 118 119 126 118 121 118 118 119 125 122 125 123 123 119 119 
60 134 140 137 133 158 154 156 157 157 151 159 153 158 153 154 159 157 159 154 156 154 155 56 48 55 53 50 107 110 105 105 106 106 103 106 103 103 109 103 107 117 120 117 120 156 158 156 156 155 158 161 165 156 97 89 158 157 164 162 164 156 157 160 159 165 161 163 162 163 160 164 6 5 7 0 6 6 5 6 7 4 8 3 114 115 116 123 115 118 115 115 116 122 119 122 120 119 116 116 
60 134 141 138 134 163 159 161 162 162 156 164 158 163 158 159 165 162 164 159 161 159 160 58 50 58 55 52 104 107 102 102 103 103 100 103 100 99 106 100 104 120 123 120 122 161 163 161 161 160 162 166 170 161 101 93 158 157 164 162 164 156 157 160 158 165 162 163 163 163 160 164 6 9 4 6 0 8 10 7 5 8 10 5 113 114 115 122 114 117 114 114 115 121 118 121 119 118 114 115 
55 139 146 142 139 155 152 153 154 154 148 156 150 155 151 151 157 155 156 152 154 151 152 61 53 61 58 56 112 115 110 110 111 111 108 111 108 108 114 108 112 123 125 122 125 153 155 154 154 152 155 158 162 153 93 85 152 152 158 156 158 150 151 154 153 159 156 157 157 157 154 158 3 3 6 6 8 0 3 2 5 3 2 4 120 120 122 128 121 124 121 121 122 127 125 128 126 125 121 122 
56 138 144 141 138 154 150 151 152 153 146 154 148 153 149 150 155 153 155 150 152 149 150 59 51 59 56 54 112 116 111 110 111 112 108 112 109 108 114 109 113 121 123 120 123 151 153 152 152 151 153 156 160 151 92 84 153 153 159 157 159 151 153 155 154 160 157 158 158 158 155 159 5 1 8 5 10 3 0 5 7 2 3 5 119 120 121 128 120 123 121 120 121 127 124 127 125 124 121 121 
54 140 146 143 140 157 153 155 156 157 150 158 152 157 153 153 159 157 158 154 156 153 154 62 54 62 59 57 111 114 109 109 110 110 107 110 107 107 113 107 112 124 126 123 126 155 157 155 156 154 156 160 164 155 95 87 152 151 158 156 158 150 151 154 152 159 155 156 156 157 154 158 1 5 4 6 7 2 5 0 3 4 3 4 120 120 121 128 121 124 121 121 122 127 125 128 126 125 121 122 
55 139 145 142 139 161 157 158 159 160 153 161 155 160 156 156 162 160 162 157 159 156 157 62 54 61 59 56 108 112 107 106 107 108 104 108 105 104 110 105 109 124 126 123 126 158 160 159 159 157 159 163 167 158 98 90 153 153 159 157 159 151 152 155 154 160 157 158 158 158 155 159 2 7 1 7 5 5 7 3 0 6 6 4 118 118 119 127 119 122 119 119 120 125 123 126 124 123 119 120 
58 137 143 140 137 155 152 153 154 154 148 156 150 155 151 151 157 155 157 152 154 151 152 58 50 58 55 53 110 114 109 108 110 110 106 110 107 106 112 107 111 120 122 119 122 153 155 154 154 152 155 158 162 153 94 86 155 154 161 159 160 153 154 157 155 162 158 159 159 160 156 161 5 1 7 4 8 3 2 4 6 0 4 3 118 118 119 126 119 121 119 119 120 125 122 125 124 123 119 120 
53 141 147 144 141 154 150 152 153 153 147 155 149 154 149 150 155 153 155 150 152 149 151 63 55 62 59 57 114 117 112 112 113 113 110 113 110 109 116 110 114 124 127 123 126 152 153 152 152 151 153 157 160 151 91 83 150 150 156 154 156 148 150 152 151 157 154 155 155 155 152 157 4 4 7 8 10 2 3 3 6 4 0 6 122 122 123 130 123 126 123 123 124 129 127 130 128 127 123 124 
58 136 143 139 136 158 154 156 157 157 151 159 153 158 154 154 160 158 159 154 156 154 155 59 51 58 55 53 108 112 107 106 107 108 104 108 105 104 110 105 109 120 123 120 123 156 158 156 157 155 158 161 165 156 96 88 155 155 161 159 161 153 155 157 156 162 159 160 160 160 157 162 3 4 4 3 5 4 5 4 4 3 6 0 117 117 118 125 117 120 117 117 118 124 121 124 122 122 118 118 
172 42 47 44 39 241 239 241 241 240 235 242 237 241 238 240 244 241 244 239 240 239 239 72 79 73 79 73 49 48 46 42 49 42 50 46 49 50 44 48 42 68 71 75 67 244 246 242 243 241 246 247 251 243 196 188 271 270 277 275 277 269 270 273 271 278 275 276 276 276 273 277 120 119 118 114 113 120 119 120 118 118 122 117 0 5 7 8 4 4 7 6 2 10 6 8 7 5 4 5 
172 47 52 49 44 244 243 244 244 243 238 245 240 244 241 243 247 244 247 242 243 242 242 74 81 75 81 75 44 43 41 37 44 38 46 41 45 46 39 44 37 74 77 80 72 247 249 245 246 244 249 250 254 246 198 190 271 270 277 275 277 269 269 272 271 278 275 276 276 276 273 277 120 119 118 115 114 120 120 120 118 118 122 117 5 0 2 10 2 6 2 1 6 7 4 10 5 8 2 2 
173 48 53 50 45 246 244 246 245 245 240 247 242 246 243 244 248 245 249 243 244 244 244 76 82 77 83 77 43 42 40 36 43 37 45 40 44 45 38 43 36 75 78 82 74 248 251 246 247 246 250 251 256 248 199 192 271 271 278 276 278 270 270 273 272 279 276 276 277 277 274 278 121 120 119 116 115 122 121 121 119 119 123 118 7 2 0 10 3 7 1 1 7 6 4 11 5 9 3 2 
181 39 44 42 37 248 246 248 248 246 242 249 244 248 245 247 250 247 251 246 246 246 246 79 86 80 86 81 53 52 50 46 53 46 55 50 54 55 47 53 46 71 73 78 69 251 253 249 249 248 253 254 258 250 203 196 279 279 285 283 286 277 278 281 280 286 283 284 284 285 281 286 128 127 126 123 122 128 128 128 127 126 130 125 8 10 10 0 9 5 10 10 7 8 6 1 6 4 8 8 
173 45 50 48 43 244 242 244 243 242 238 245 240 244 241 242 246 243 247 241 242 242 242 74 81 75 81 75 46 45 42 39 45 39 47 43 46 47 40 45 39 72 75 79 71 246 249 244 245 244 248 249 254 246 198 190 271 271 277 275 278 269 270 273 272 278 275 276 276 277 273 278 120 120 118 115 114 121 120 121 119 119 123 117 4 2 3 9 0 5 3 3 4 7 4 9 5 6 0 1 
176 41 46 43 38 244 242 244 244 243 238 245 240 244 241 243 247 244 247 242 243 242 242 75 82 76 82 76 51 49 47 43 50 44 52 47 51 52 45 50 43 69 72 76 68 247 249 245 246 244 249 250 254 246 199 192 274 274 280 278 281 272 273 276 275 281 278 279 279 280 277 281 123 122 121 118 117 124 123 124 122 121 126 120 4 6 7 5 5 0 7 7 2 8 5 5 5 2 5 5 
172 48 53 51 46 245 244 245 245 244 240 246 242 246 243 244 248 245 249 243 244 243 244 75 82 76 82 76 43 42 40 36 43 36 44 40 44 45 38 43 36 75 78 82 74 248 250 246 247 246 250 251 255 247 199 191 271 270 277 275 277 269 270 273 272 278 275 276 276 277 273 278 120 120 118 115 114 121 121 121 119 119 123 117 7 2 1 10 3 7 0 1 7 6 4 11 5 9 3 2 
172 47 53 50 45 245 243 245 245 244 239 246 241 245 242 244 248 245 248 243 244 243 243 75 82 76 82 76 44 42 40 36 43 37 45 40 44 45 38 43 36 75 78 81 74 248 250 246 246 245 250 251 255 247 198 191 271 270 277 275 277 269 270 273 272 278 275 276 276 277 273 278 120 120 118 115 114 121 120 121 119 119 123 117 6 1 1 10 3 7 1 0 7 7 4 11 5 9 2 2 
174 41 46 44 38 242 241 242 242 241 237 243 239 243 240 241 245 242 246 240 241 240 241 73 80 74 80 75 50 49 46 43 49 43 51 47 50 51 45 49 43 69 72 75 68 245 248 243 244 243 247 248 252 244 197 190 273 272 279 277 279 271 272 275 273 280 277 278 278 278 275 279 121 121 119 116 115 122 121 122 120 120 124 118 2 6 7 7 4 2 7 7 0 9 5 6 6 3 4 5 
179 47 52 50 45 251 250 251 251 250 245 252 247 251 248 250 254 251 254 249 250 249 249 81 88 82 88 82 46 44 43 39 45 39 47 42 47 48 40 46 39 78 80 84 76 254 256 252 253 251 256 257 261 253 205 198 277 277 283 281 284 275 276 279 278 284 281 282 282 283 280 284 127 126 125 122 121 127 127 127 125 125 129 124 10 7 6 8 7 8 6 7 9 0 4 9 3 9 7 6 
176 45 50 47 42 247 246 247 247 246 242 248 243 247 244 246 250 247 251 245 246 245 245 78 84 79 85 79 47 46 44 40 46 40 48 44 48 49 41 47 40 74 77 81 73 250 252 248 249 248 252 253 257 249 201 194 275 274 281 279 281 273 274 277 275 282 279 280 280 280 277 281 124 123 122 119 118 125 124 125 123 122 127 121 6 4 4 6 4 5 4 4 5 4 0 7 1 6 3 3 
180 38 43 41 36 246 245 247 246 245 241 248 243 247 244 245 249 246 250 244 245 245 245 78 85 79 85 80 54 53 51 47 53 47 55 51 55 56 48 54 47 69 72 76 68 250 252 247 248 247 252 252 257 249 202 195 279 278 285 283 285 277 278 281 279 286 283 284 284 284 281 285 127 126 125 122 121 128 127 128 126 125 130 124 8 10 11 1 9 5 11 11 6 9 7 0 7 3 9 9 
178 45 50 47 42 248 247 248 248 247 243 249 245 249 246 247 251 248 252 246 247 246 247 79 86 80 86 80 47 46 44 40 47 41 49 44 48 49 42 47 40 75 78 81 73 251 254 249 250 249 253 254 258 250 203 195 276 276 282 280 283 274 275 278 277 283 280 281 281 282 278 283 125 125 123 120 119 126 125 126 124 124 128 122 7 5 5 6 5 5 5 5 6 3 1 7 0 6 5 4 
177 39 44 42 37 244 243 245 244 243 239 246 241 245 242 243 247 244 248 242 243 242 243 76 83 77 83 77 52 51 49 45 52 45 53 49 53 54 47 52 45 69 72 76 67 247 250 245 246 245 250 250 255 247 200 193 276 275 282 280 282 274 275 278 276 283 280 281 281 281 278 282 124 124 123 119 118 125 124 125 123 123 127 122 5 8 9 4 6 2 9 9 3 9 6 3 6 0 6 7 
173 45 50 48 43 244 243 244 244 243 239 245 240 244 241 243 247 244 247 242 243 242 242 74 81 75 81 76 46 45 42 39 45 39 47 43 46 47 40 45 39 73 76 79 71 247 249 245 246 245 249 250 254 246 198 191 272 271 278 276 278 270 271 273 272 279 276 277 277 277 274 278 121 120 119 116 114 121 121 121 119 119 123 118 4 2 3 8 0 5 3 2 4 7 3 9 5 6 0 1 
174 46 51 48 43 245 244 245 245 244 239 246 241 245 242 244 248 245 248 243 244 243 243 75 82 76 82 76 46 44 42 38 45 39 47 42 46 47 40 45 38 73 76 80 72 248 250 246 247 246 250 251 255 247 199 192 272 272 278 276 279 270 271 274 273 279 276 277 277 278 274 279 121 121 119 116 115 122 121 122 120 120 124 118 5 2 2 8 1 5 2 2 5 6 3 9 4 7 1 0 
0 0 5 0 0 0 0 0 7 0 0 0 0 0 0 0 60 0 45 62 0 66 78 15 0 0 88 32 84 0 0 0 0 0 28 0 0 0 0 0 0 0 0 84 71 0 0 94 0 68 0 74 0 84 0 19 13 84 0 0 0 62 0 0 0 0 39 0 0 54 0 54 45 0 0 0 89 0 66 4 13 1 0 0 0 0 0 62 0 0 88 0 49 72 0 0 0 26 0 32 
0 0 0 28 0 0 0 43 0 0 79 1 93 0 8 69 0 11 0 0 36 0 0 0 78 73 0 0 0 0 0 38 48 0 0 0 0 0 1 22 0 37 95 0 0 0 9 0 16 0 0 0 0 0 88 0 0 0 74 20 0 0 59 78 0 0 0 71 0 0 84 0 0 26 0 0 0 0 0 0 0 0 61 0 0 0 0 0 25 72 0 41 0 0 0 0 0 0 94 0 
23 0 0 0 39 0 0 0 0 0 50 0 0 0 0 0 0 0 0 69 0 13 68 4 0 0 0 84 0 0 56 0 0 0 28 64 0 0 0 0 0 0 0 0 95 0 0 0 35 0 0 94 0 55 0 0 0 0 0 0 32 0 0 0 45 0 0 0 0 0 0 0 0 0 95 26 39 0 0 0 81 0 0 25 52 24 0 0 0 0 0 0 50 0 0 0 0 0 15 0 
0 50 0 0 0 24 0 9 0 0 18 0 53 0 32 97 0 45 0 0 0 0 0 0 0 0 0 0 0 0 0 0 6 0 0 0 0 0 26 29 0 83 52 0 0 0 13 0 25 0 0 0 0 0 0 0 0 0 6 0 85 0 24 69 0 0 0 26 0 0 66 0 0 4 12 33 0 0 0 0 0 0 15 86 0 0 0 0 0 0 0 0 0 0 49 0 0 0 82 0 
0 0 36 0 0 13 0 0 0 0 23 0 0 0 68 0 0 0 0 19 0 85 0 66 0 0 0 34 0 0 3 0 0 0 62 94 0 0 0 0 0 0 0 0 93 0 0 0 78 0 0 63 0 0 0 0 0 0 0 0 21 0 0 0 55 0 0 0 0 0 0 0 0 0 75 14 0 0 0 0 42 0 0 22 54 96 0 0 0 0 0 0 9 0 14 0 0 0 63 0 
0 0 0 24 15 0 0 52 0 0 62 0 54 0 19 79 0 86 0 0 0 81 0 0 0 0 0 0 0 0 48 0 97 0 0 0 0 0 0 54 0 0 67 0 79 0 9 0 45 0 0 28 0 0 99 0 0 0 0 0 52 0 22 77 23 0 0 0 0 0 0 0 0 4 26 75 0 0 0 0 0 0 29 50 0 0 0 0 0 0 0 0 90 0 73 0 0 0 69 0 
0 0 0 0 0 0 0 0 0 92 0 33 0 50 0 0 0 0 0 0 47 0 0 0 71 26 0 0 0 0 0 75 0 4 0 0 44 0 38 0 46 96 0 0 0 14 0 0 0 0 85 0 7 0 0 0 0 0 0 30 0 0 0 0 0 0 0 55 0 0 88 0 0 0 0 0 0 66 0 0 0 0 0 0 0 0 0 0 76 58 0 95 0 0 0 0 34 0 0 0 
0 38 0 24 0 28 0 0 0 0 64 0 92 0 79 81 0 25 0 0 0 0 0 0 0 0 0 0 0 0 0 62 64 0 0 0 0 0 40 38 0 44 23 0 89 0 8 0 77 0 0 0 0 0 60 0 0 0 51 0 41 0 62 60 0 0 0 50 0 0 94 0 0 79 46 7 0 0 0 0 0 0 83 48 0 0 0 0 97 42 0 0 0 0 25 0 0 0 23 0 
94 0 0 0 0 0 0 0 0 0 0 0 0 0 0 0 33 0 24 0 0 0 14 0 0 0 13 40 34 0 0 0 0 0 0 0 0 62 0 0 0 0 0 84 0 0 0 46 0 41 0 0 0 32 0 31 32 71 0 0 0 65 0 0 0 0 21 0 0 5 0 0 63 0 0 0 37 0 97 35 8 17 0 0 0 0 0 86 0 0 0 0 0 95 0 0 0 73 0 71 
0 0 0 0 0 0 36 0 0 0 0 31 0 1 0 0 0 0 0 0 41 0 0 0 1 2 0 0 0 0 0 56 0 34 0 0 99 0 83 0 64 61 0 0 0 23 0 0 0 0 66 0 10 0 0 0 0 0 0 54 0 0 0 0 0 66 0 11 0 0 12 0 0 0 0 0 0 34 0 0 0 0 0 0 0 0 0 0 74 72 0 66 0 0 0 11 68 0 0 0 
0 86 39 85 83 77 0 1 0 0 0 0 81 0 1 70 0 49 0 6 0 54 0 0 0 0 0 0 0 0 44 31 9 0 0 0 0 0 0 93 0 0 40 0 84 0 12 0 67 0 0 49 0 0 15 0 0 0 8 0 76 0 50 51 5 0 0 1 0 0 0 0 0 81 62 60 0 0 0 0 0 0 56 21 0 0 0 0 0 0 0 0 49 0 59 0 0 0 45 0 
0 41 0 0 0 0 19 0 0 38 0 0 0 15 47 29 94 0 0 0 23 59 0 0 27 55 0 0 0 0 0 8 48 0 0 0 0 0 66 12 43 91 0 39 0 7 88 0 0 0 21 0 16 0 19 0 0 17 0 66 0 0 0 20 0 23 0 28 35 72 31 64 0 0 95 0 14 38 0 69 0 0 69 69 0 0 88 0 39 34 61 20 0 7 0 62 34 0 28 0 
0 44 0 7 0 21 0 18 0 0 65 0 0 0 35 93 0 62 0 0 0 92 0 0 0 0 0 0 0 0 26 0 10 0 0 0 0 0 0 25 0 0 90 0 96 0 97 0 82 0 0 0 0 0 47 0 0 0 6 0 49 0 75 66 94 0 0 98 0 0 0 0 0 85 34 8 0 0 0 0 0 0 74 91 0 0 0 0 0 0 0 0 0 0 5 0 0 0 42 0 
0 0 0 0 0 0 63 0 0 52 0 52 0 0 0 0 37 0 0 0 55 0 0 0 0 51 0 0 0 12 0 0 0 33 0 0 36 0 0 0 74 0 0 0 0 8 0 0 0 0 78 0 86 0 0 0 0 0 0 0 0 0 0 0 0 37 6 0 46 0 0 30 0 0 0 0 0 61 0 0 0 0 0 0 0 0 91 0 0 0 23 33 0 0 0 78 63 0 0 0 
0 65 0 78 85 51 0 67 0 0 50 85 52 0 0 6 0 84 0 33 0 47 0 0 50 0 0 0 0 0 86 63 31 0 0 0 0 0 31 68 0 44 72 0 37 0 61 0 83 0 0 97 0 0 95 0 0 0 33 19 1 0 84 63 4 0 0 69 0 0 28 0 0 67 16 52 0 0 0 0 0 0 36 88 0 0 0 0 81 0 0 0 21 0 86 0 0 0 1 0 
0 29 0 91 0 27 0 93 0 0 26 30 15 0 44 0 0 71 0 0 0 21 0 0 98 0 0 0 0 0 17 8 99 0 0 0 0 0 21 92 0 99 1 0 11 0 96 0 87 0 0 0 0 0 37 0 0 0 15 74 57 0 60 49 29 0 0 75 0 0 15 0 0 13 53 14 0 0 0 0 0 0 31 69 0 0 0 0 60 45 0 0 7 0 23 0 0 0 88 0 
33 0 0 0 0 0 0 0 55 0 0 84 0 47 0 0 0 0 6 0 0 0 0 0 10 0 71 0 63 68 0 0 0 0 0 0 0 50 0 0 78 0 0 9 0 0 0 88 0 0 60 0 0 39 19 26 64 91 0 0 0 20 0 0 0 92 48 0 32 11 0 81 71 0 0 0 91 44 39 15 0 18 0 0 0 0 83 10 0 0 69 0 0 17 0 78 0 20 0 52 
0 56 0 10 0 76 0 4 0 0 28 0 93 0 76 40 0 0 0 0 0 0 0 0 0 0 0 0 0 0 0 0 75 0 0 0 0 0 0 21 0 5 41 0 0 0 84 0 72 0 0 0 0 0 0 0 0 0 94 0 7 0 36 19 0 0 0 97 0 0 0 0 0 10 0 21 0 0 0 0 0 0 23 0 0 0 0 0 0 0 0 0 0 0 35 0 0 0 46 0 
20 0 0 0 0 0 0 0 20 0 0 0 0 0 0 0 57 0 0 69 0 18 88 16 0 0 34 8 53 0 0 0 0 0 29 0 0 0 0 0 0 0 0 34 0 0 0 91 0 20 0 0 0 76 0 69 54 58 0 0 0 41 0 0 0 0 9 0 0 52 0 72 59 0 0 0 34 0 22 21 8 24 0 0 0 0 0 70 0 0 48 0 0 27 0 0 0 8 0 10 
67 0 47 0 84 0 0 0 0 0 91 0 0 0 11 0 0 0 19 0 0 95 67 37 0 0 0 68 46 0 2 0 0 0 56 59 0 0 0 0 0 0 0 11 86 0 0 0 99 38 0 71 0 87 42 42 0 65 0 0 83 0 0 0 17 0 0 0 0 22 0 0 0 0 37 32 52 0 0 0 73 0 0 64 67 29 0 0 0 0 0 0 72 55 0 0 0 0 2 0 
0 8 0 0 0 0 16 0 0 14 0 89 0 99 0 0 0 0 0 0 0 0 0 0 4 77 0 0 0 0 0 97 0 66 0 0 20 0 93 0 38 66 0 0 0 94 0 0 0 0 57 0 29 0 10 0 0 0 0 14 0 0 0 0 0 51 0 58 0 0 53 56 0 0 0 0 0 40 0 0 0 0 0 0 0 0 57 0 88 56 79 20 0 0 0 74 89 0 0 0 
36 0 32 0 8 45 0 0 0 0 39 77 99 0 55 52 0 0 93 4 0 0 57 67 47 0 0 94 0 0 94 0 0 0 49 92 0 0 0 15 0 0 0 0 63 0 0 0 68 0 0 82 0 70 80 0 0 0 0 0 63 0 5 37 45 0 0 0 0 28 0 0 0 36 95 85 69 0 0 0 65 0 17 6 61 52 0 0 0 0 0 0 31 18 82 0 0 0 56 0 
3 0 42 0 0 0 0 0 93 0 0 0 0 0 0 0 0 0 10 15 0 62 0 33 0 0 0 80 44 0 0 0 0 0 36 74 0 0 0 0 0 0 0 87 55 0 0 0 0 74 0 51 0 10 0 47 0 23 0 0 0 0 0 0 16 0 0 0 0 20 0 0 57 0 22 0 18 0 0 0 57 0 0 69 39 99 0 0 0 0 0 0 8 1 0 0 0 0 0 1 
54 0 81 0 38 0 0 0 0 0 0 0 0 0 0 0 0 0 42 4 0 92 99 0 0 0 0 2 0 0 37 0 0 0 13 81 0 0 0 0 0 0 0 0 76 0 0 0 0 45 0 66 0 6 0 0 0 0 0 0 0 0 0 0 49 0 0 0 0 0 0 0 0 0 96 15 43 0 0 0 60 0 0 28 99 37 0 0 0 0 0 0 44 0 0 0 0 0 0 0 
0 21 0 0 0 0 39 0 0 84 0 46 0 0 70 25 5 0 0 0 67 53 0 0 0 96 0 0 0 0 0 8 48 0 0 0 0 0 96 10 17 75 0 60 0 12 70 0 0 0 66 0 74 0 57 0 0 99 0 9 0 0 0 53 0 46 0 55 5 75 11 29 0 90 7 0 58 34 0 14 0 0 56 62 0 0 26 0 65 15 96 48 0 71 0 62 88 0 13 0 
0 22 0 0 0 0 97 0 0 36 0 4 0 93 0 0 0 0 0 0 74 0 0 0 79 0 0 0 0 0 0 97 75 14 0 0 99 0 98 51 94 14 0 0 0 99 63 0 0 0 1 0 66 0 5 0 0 0 0 40 0 0 0 0 0 65 0 20 0 0 87 24 0 0 0 0 0 89 0 0 0 0 0 0 0 0 99 0 93 36 54 67 0 0 0 85 26 0 0 0 
84 0 0 0 0 0 0 0 41 0 0 0 0 0 0 0 62 0 38 0 0 0 0 0 0 0 0 0 58 85 0 0 0 0 0 0 0 80 0 0 0 0 0 28 0 0 0 33 0 0 70 0 0 0 0 74 95 42 0 0 0 11 0 0 0 99 78 0 60 54 0 31 51 0 0 0 0 0 40 31 0 16 0 0 0 0 56 59 0 0 79 0 0 33 0 28 0 72 0 63 
52 0 9 0 24 0 0 0 26 0 0 0 0 0 0 0 0 0 85 34 0 54 40 19 0 0 0 0 45 0 0 0 0 0 43 14 0 0 0 0 0 0 0 0 30 0 0 0 0 88 0 65 0 15 0 57 0 0 0 0 0 0 0 0 55 0 0 0 0 32 0 0 0 0 0 0 56 0 0 0 91 0 0 0 74 8 0 0 0 0 0 0 84 0 0 0 0 0 0 0 
47 0 0 0 0 0 0 0 20 0 0 0 0 0 0 0 52 0 5 30 0 0 62 0 0 0 95 64 0 0 0 0 0 0 64 0 0 69 0 0 0 0 0 31 0 0 0 55 0 97 0 0 0 71 0 35 50 53 0 0 0 18 0 0 0 0 74 0 0 52 0 0 59 0 0 0 60 0 60 12 24 78 0 0 0 0 0 18 0 0 0 0 0 46 0 0 0 22 0 36 
0 0 0 0 0 0 0 0 0 0 0 0 0 13 0 0 85 0 0 0 0 0 0 0 0 0 7 0 0 0 0 0 0 0 0 0 0 80 0 0 87 0 0 55 0 0 0 83 0 0 51 0 0 0 0 0 88 4 0 0 0 40 0 0 0 13 37 0 9 91 0 54 86 0 0 0 0 98 1 72 0 67 0 0 0 0 68 14 0 0 53 0 0 5 0 99 0 45 0 0 
0 0 79 0 67 9 0 0 0 0 45 0 75 0 38 34 0 0 0 58 0 80 0 1 0 0 0 0 0 0 0 0 0 0 74 71 0 0 0 0 0 0 0 0 66 0 0 0 71 0 0 37 0 0 0 0 0 0 0 0 3 0 29 76 1 0 0 0 0 0 0 0 0 21 3 24 0 0 0 0 9 0 0 42 80 76 0 0 0 0 0 0 30 0 54 0 0 0 43 0 
0 53 0 0 0 0 29 96 0 2 17 27 0 0 51 73 0 0 0 0 36 0 0 0 27 1 0 0 0 0 0 0 15 0 0 0 0 0 37 44 24 99 21 0 0 8 33 0 5 0 0 0 66 0 79 0 0 0 11 77 0 0 83 73 0 0 0 81 0 0 37 1 0 92 48 0 0 83 0 0 0 0 63 75 0 0 0 0 73 64 33 51 0 0 0 66 94 0 53 0 
0 79 0 13 0 86 0 39 0 0 57 39 57 0 97 51 0 2 0 0 0 0 0 0 20 37 0 0 0 0 0 66 0 0 0 0 0 0 43 40 0 58 15 0 0 0 9 0 81 0 0 0 0 0 29 0 0 0 40 25 66 0 73 9 0 0 0 7 0 0 27 0 0 37 6 0 0 0 0 0 0 0 67 49 0 0 0 0 50 64 0 45 0 0 66 0 0 0 85 0 
0 0 0 0 0 0 5 0 0 91 0 0 0 63 0 0 0 0 0 0 23 0 0 0 0 98 0 0 0 0 0 0 0 0 0 0 95 0 0 0 82 0 0 0 0 73 0 0 0 0 92 0 69 0 0 0 0 0 0 5 0 0 0 0 0 78 0 0 0 0 0 0 0 0 0 0 0 34 0 0 0 0 0 0 0 0 3 0 0 0 0 19 0 0 0 0 7 0 0 0 
82 0 59 0 31 0 0 0 0 0 0 0 0 0 0 0 0 0 91 3 0 17 86 13 0 0 0 88 52 0 80 0 0 0 0 92 0 0 0 0 0 0 0 0 65 0 0 0 0 73 0 59 0 1 0 0 0 0 0 0 0 0 0 0 11 0 0 0 0 0 0 0 0 0 0 0 13 0 0 0 45 0 0 0 53 74 0 0 0 0 0 0 87 0 0 0 0 0 0 0 
0 0 71 0 21 0 0 0 0 0 0 0 0 0 0 0 0 0 0 75 0 15 58 88 0 0 0 35 0 0 9 0 0 0 63 0 0 0 0 0 0 0 0 0 82 0 0 0 0 0 0 15 0 0 0 0 0 0 0 0 0 0 0 0 84 0 0 0 0 0 0 0 0 0 0 33 0 0 0 0 50 0 0 0 94 1 0 0 0 0 0 0 45 0 0 0 0 0 0 0 
0 0 0 0 0 0 95 0 0 28 0 0 0 43 0 0 0 0 0 0 6 0 0 0 0 49 0 0 0 0 0 0 0 32 0 0 0 0 0 0 72 0 0 0 0 72 0 0 0 0 98 0 67 0 0 0 0 0 0 0 0 0 0 0 0 26 0 0 0 0 0 0 0 0 0 0 0 10 0 0 0 0 0 0 0 0 0 0 0 0 0 51 0 0 0 0 22 0 0 0 
0 0 0 0 0 0 0 0 9 0 0 0 0 0 0 0 99 0 0 0 0 0 0 0 0 0 86 0 21 32 0 0 0 0 0 0 0 0 0 0 0 0 0 14 0 0 0 78 0 0 48 0 0 0 0 3 60 32 0 0 0 1 0 0 0 63 99 0 47 31 0 97 57 0 0 0 0 0 76 6 0 13 0 0 0 0 70 94 0 0 5 0 0 33 0 66 0 83 0 86 
0 95 0 55 0 0 12 51 0 87 0 32 0 0 45 4 0 0 0 0 40 0 0 0 94 42 0 0 0 0 0 78 3 0 0 0 0 0 0 2 75 84 61 0 0 83 26 0 0 0 0 0 19 0 12 0 0 0 65 25 0 0 72 1 0 0 0 91 0 0 94 0 0 73 38 0 0 0 0 0 0 0 65 70 0 0 0 0 59 21 0 85 0 0 0 11 41 0 20 0 
0 50 0 69 0 71 0 55 0 0 15 42 9 0 15 32 0 19 0 0 0 74 0 0 73 6 0 0 0 0 0 34 61 0 0 0 0 0 10 0 0 91 38 0 78 0 62 0 94 0 0 0 0 0 58 0 0 0 48 54 89 0 9 87 0 0 0 36 0 0 94 0 0 65 37 0 0 0 0 0 0 0 46 31 0 0 0 0 28 15 0 53 0 0 51 0 0 0 40 0 
0 0 0 0 0 0 27 0 0 66 0 87 0 92 0 0 86 0 0 0 67 0 0 0 2 36 0 0 0 29 0 90 0 56 0 0 14 0 13 0 0 0 0 0 0 47 0 0 0 0 44 0 22 0 0 0 0 0 0 50 0 0 0 0 0 33 93 0 74 0 7 41 0 0 0 0 0 17 0 0 0 0 0 0 0 0 22 0 98 0 54 85 0 0 0 50 29 0 0 0 
0 80 0 80 0 0 8 55 0 7 0 57 0 0 1 14 0 8 0 0 34 0 0 0 43 11 0 0 0 0 0 25 49 0 0 0 0 0 46 84 0 0 88 0 0 27 84 0 0 0 0 0 50 0 73 0 0 0 2 9 0 0 8 46 0 0 0 34 0 0 54 0 0 79 0 0 0 0 0 0 0 0 96 0 0 0 0 0 89 68 0 15 0 0 0 0 0 0 81 0 
0 97 0 78 0 20 0 41 0 0 37 0 75 0 35 75 0 97 0 0 0 0 0 0 0 0 0 0 0 0 0 51 70 0 0 0 0 0 67 60 0 25 0 0 0 0 97 0 96 0 0 0 0 0 0 0 0 0 76 77 0 0 1 43 0 0 0 3 0 0 25 0 0 98 0 0 0 0 0 0 0 0 90 0 0 0 0 0 74 57 0 82 0 0 90 0 0 0 43 0 
94 0 0 0 0 0 0 0 63 0 0 33 0 0 0 0 87 0 9 98 0 0 71 0 47 0 87 0 96 3 0 0 0 0 0 0 0 18 0 0 0 0 0 0 0 0 0 84 0 68 0 0 0 78 0 74 48 61 0 0 0 20 0 0 0 82 9 0 79 60 0 53 2 0 0 0 90 0 83 62 0 64 0 0 0 0 17 8 0 0 79 0 0 45 0 1 0 18 0 48 
28 0 41 0 3 51 0 12 0 0 16 0 67 0 56 70 0 0 0 97 0 39 74 24 0 0 0 50 0 0 46 0 0 0 99 72 0 0 0 33 0 0 0 0 0 0 23 0 67 0 0 3 0 29 53 0 0 0 0 0 80 0 94 37 86 0 0 0 0 0 0 0 0 66 11 40 89 0 0 0 17 0 14 79 16 2 0 0 0 0 0 0 65 0 74 0 0 0 13 0 
0 0 0 0 0 0 63 0 0 51 0 42 0 75 0 0 0 0 0 0 33 0 0 0 75 65 0 0 0 0 0 86 0 34 0 0 61 0 79 0 7 62 0 0 0 0 0 0 0 0 56 0 29 0 0 0 0 0 0 15 0 0 0 0 0 13 0 0 0 0 37 0 0 0 0 0 0 50 0 0 0 0 0 0 0 0 0 0 87 6 0 64 0 0 0 0 24 0 0 0 
0 74 0 3 0 55 0 81 0 0 19 52 62 0 53 46 0 52 0 0 0 0 0 0 47 11 0 0 0 0 0 33 29 0 0 0 0 0 61 85 0 38 59 0 89 0 0 0 88 0 0 0 0 0 48 0 0 0 38 34 8 0 91 50 0 0 0 49 0 0 81 0 0 60 27 0 0 0 0 0 0 0 89 93 0 0 0 0 20 77 0 25 0 0 96 0 0 0 45 0 
55 0 0 0 0 0 0 0 23 0 0 0 0 0 0 0 83 0 53 0 0 0 0 0 0 0 75 0 95 61 0 0 0 0 0 0 0 72 0 0 0 0 0 3 0 0 0 0 0 88 0 0 0 2 0 31 79 31 0 0 0 51 0 0 0 0 87 0 0 96 0 0 10 0 0 0 1 0 27 64 0 69 0 0 0 0 0 26 0 0 0 0 0 30 0 0 0 24 0 79 
0 53 48 31 94 82 0 51 0 0 74 0 16 0 81 67 0 56 0 35 0 69 0 0 0 0 0 0 0 0 15 87 76 0 0 0 0 0 0 48 0 0 41 0 93 0 56 0 0 0 0 8 0 0 84 0 0 0 21 0 91 0 7 84 58 0 0 73 0 0 78 0 0 19 17 69 0 0 0 0 0 0 68 75 0 0 0 0 0 0 0 0 89 0 92 0 0 0 54 0 
71 0 0 0 0 0 0 0 44 0 0 0 0 0 0 0 0 0 8 52 0 0 80 44 0 0 0 73 66 0 0 0 0 0 84 0 0 0 0 0 0 0 0 78 0 0 0 94 0 0 0 33 0 11 0 20 1 39 0 0 0 11 0 0 0 0 0 0 0 61 0 0 74 0 0 0 61 0 0 86 84 0 0 0 0 0 0 0 0 0 0 0 0 29 0 0 0 2 0 82 
0 0 0 0 0 0 5 0 0 91 0 22 0 97 0 0 79 0 0 0 58 0 0 0 84 85 52 0 0 76 0 0 0 47 0 0 88 90 0 0 77 0 0 0 0 58 0 0 0 0 0 0 82 0 0 0 1 0 0 68 0 0 0 0 0 46 24 0 39 0 0 31 0 0 0 0 0 99 14 15 0 57 0 0 0 0 99 0 0 0 80 15 0 35 0 81 83 0 0 0 
72 0 15 0 31 61 0 0 0 0 11 0 0 0 63 0 0 0 0 35 0 8 24 6 0 0 0 93 0 0 33 0 0 0 89 1 0 0 0 0 0 0 0 0 64 0 0 0 48 55 0 0 0 28 0 0 0 0 0 0 66 0 0 0 50 0 0 0 0 0 0 0 0 0 19 47 18 0 0 0 84 0 0 65 99 8 0 0 0 0 0 0 16 0 70 0 0 0 14 0 
0 0 0 0 0 0 41 0 0 21 0 52 0 70 0 0 0 0 0 0 37 0 0 0 13 22 0 0 0 0 0 78 0 28 0 0 39 0 73 0 76 53 0 0 0 40 0 0 0 0 74 0 0 0 35 0 0 0 0 11 0 0 0 0 0 7 0 85 79 0 27 50 0 0 0 0 0 31 0 0 0 0 0 0 0 0 59 0 70 87 91 37 0 0 0 52 91 0 0 0 
74 0 45 0 0 0 0 0 52 0 0 0 0 0 0 0 47 0 83 55 0 58 6 27 0 0 0 28 41 0 0 0 0 0 50 0 0 0 0 0 0 0 0 98 42 0 0 29 0 60 0 47 0 0 0 74 50 60 0 0 0 15 0 0 0 0 0 0 0 24 0 66 36 0 84 0 61 0 0 80 89 0 0 67 1 0 0 0 0 0 14 0 27 13 0 0 0 48 0 96 
0 18 0 0 0 56 0 20 0 0 6 91 34 0 1 36 50 0 0 71 72 49 0 0 22 62 0 0 0 0 0 62 1 0 0 0 0 0 22 67 0 43 0 0 17 0 26 0 64 0 0 0 51 0 0 0 0 0 0 95 74 0 70 22 26 0 0 88 0 92 31 5 0 70 69 0 39 0 0 0 0 0 71 87 0 0 0 0 50 70 71 23 11 62 80 12 0 0 86 0 
59 0 0 0 0 0 0 0 42 0 0 0 0 0 0 0 53 0 48 8 0 0 97 0 0 0 17 90 30 0 0 0 0 0 0 0 0 31 0 0 0 0 0 51 0 0 0 84 0 64 0 0 0 84 0 0 51 40 0 0 0 8 0 0 0 0 24 0 0 26 0 72 21 0 0 0 44 0 75 11 7 50 0 0 0 0 0 53 0 0 45 0 0 31 0 0 0 78 0 1 
17 0 0 0 0 0 0 0 94 0 0 0 0 0 0 0 49 0 89 0 0 0 0 0 0 0 42 0 4 73 0 0 0 0 0 0 0 62 0 0 0 0 0 82 0 0 0 62 0 1 72 0 0 67 0 97 0 80 0 0 0 72 0 0 0 7 43 0 14 90 0 32 86 0 0 0 80 0 31 25 0 19 0 0 0 0 77 80 0 0 92 0 0 69 0 36 0 90 0 42 
10 0 0 0 0 0 0 0 85 0 0 99 0 0 0 0 40 0 3 93 0 0 85 0 31 0 62 0 84 55 0 0 0 0 0 0 0 22 0 0 0 0 0 92 0 0 0 12 0 83 0 0 0 51 0 61 92 0 0 0 0 1 0 0 0 21 91 0 26 95 0 1 76 0 0 0 82 0 64 97 0 48 0 0 0 0 66 75 0 0 68 0 0 86 0 44 0 5 0 6 
0 30 0 90 0 0 0 62 0 0 4 0 57 0 76 39 0 28 0 0 0 0 0 0 0 0 0 0 0 0 0 46 19 0 0 0 0 0 89 82 0 29 40 0 0 0 9 0 69 0 0 0 0 0 0 0 0 0 0 88 0 0 17 24 0 0 0 56 0 0 39 0 0 86 0 0 0 0 0 0 0 0 17 0 0 0 0 0 31 59 0 93 0 0 0 0 0 0 55 0 
0 56 0 0 0 0 42 0 0 36 0 88 0 0 99 35 0 0 0 0 1 0 0 0 37 90 0 0 0 0 0 3 93 95 0 0 0 0 95 57 57 35 66 0 0 90 5 0 0 0 9 0 3 0 27 0 0 0 64 0 0 0 77 81 0 76 0 77 0 0 63 27 0 27 10 0 0 63 0 0 0 0 98 58 0 0 0 0 92 27 91 56 0 0 0 23 81 0 82 0 
0 0 37 14 43 53 0 46 0 0 46 0 97 0 20 47 0 8 0 30 0 71 0 0 0 0 0 0 0 0 65 0 77 0 0 0 0 0 0 40 0 0 0 0 16 0 36 0 14 0 0 74 0 0 94 0 0 0 0 0 0 0 25 88 67 0 0 67 0 0 0 0 0 59 23 98 0 0 0 0 0 0 42 23 87 85 0 0 0 0 0 0 85 0 83 0 0 0 35 0 
78 0 0 0 0 0 0 0 55 0 0 0 0 0 0 0 65 0 91 0 0 0 0 0 0 0 22 0 83 6 0 0 0 0 0 0 0 79 0 0 0 0 0 29 0 0 0 53 0 78 0 0 0 20 0 73 55 79 0 0 0 0 0 0 0 0 85 0 48 98 0 73 45 0 0 0 28 0 44 54 0 18 0 0 0 0 17 37 0 0 52 0 0 74 0 33 0 54 0 31 
0 44 0 59 0 84 0 30 0 0 64 0 48 0 10 75 0 32 0 0 0 66 0 0 0 0 0 0 0 0 27 26 67 0 0 0 0 0 81 81 0 14 71 0 92 0 5 0 57 0 0 0 0 0 46 0 0 0 48 84 44 0 0 33 20 0 0 6 0 0 61 0 0 95 90 34 0 0 0 0 0 0 53 20 0 0 0 0 33 20 0 0 55 0 67 0 0 0 84 0 
0 6 0 35 0 57 0 78 0 0 36 98 37 0 34 16 0 19 0 0 0 30 0 0 12 0 0 0 0 0 87 33 61 0 0 0 0 0 37 85 0 13 74 0 33 0 64 0 90 0 0 0 0 0 86 0 0 0 16 42 13 0 31 0 36 0 0 90 0 0 98 0 0 30 10 96 0 0 0 0 0 0 85 57 0 0 0 0 98 17 0 0 41 0 64 0 0 0 74 0 
0 0 74 0 35 72 0 0 0 0 5 0 67 0 53 72 0 0 0 37 0 95 95 38 0 0 0 59 0 0 61 0 0 0 78 31 0 0 0 0 0 0 0 0 95 0 0 0 39 0 0 68 0 0 4 0 0 0 0 0 93 0 7 35 0 0 0 0 0 0 0 0 0 76 23 89 0 0 0 0 21 0 0 56 2 6 0 0 0 0 0 0 1 0 92 0 0 0 70 0 
0 0 0 0 0 0 0 0 0 14 0 50 0 94 0 0 54 0 0 0 80 0 0 0 35 69 25 0 0 46 0 0 0 99 0 0 68 48 0 0 37 0 0 97 0 58 0 0 0 0 2 0 35 0 0 0 56 23 0 18 0 0 0 0 0 0 74 0 32 0 0 87 0 0 0 0 0 34 47 35 0 16 0 0 0 0 95 0 0 0 47 80 0 62 0 18 4 0 0 0 
74 0 0 0 0 0 0 0 6 0 0 0 0 41 0 0 85 0 43 0 0 0 0 0 0 0 63 0 77 4 0 0 0 0 0 0 0 84 0 0 3 0 0 45 0 0 0 12 0 0 11 0 0 0 0 13 1 27 0 0 0 98 0 0 0 68 0 0 89 6 0 8 20 0 0 0 2 90 5 98 0 49 0 0 0 0 19 67 0 0 75 0 0 87 0 42 0 35 0 31 
0 15 0 29 0 0 6 27 0 89 51 29 3 0 16 93 0 76 0 0 84 0 0 0 86 50 0 0 0 0 0 75 43 0 0 0 0 0 59 95 0 65 90 0 0 0 99 0 93 0 0 0 80 0 96 0 0 0 50 51 52 0 38 34 0 0 0 0 0 0 68 0 0 49 84 0 0 0 0 0 0 0 6 61 0 0 0 0 93 49 0 30 0 0 38 77 0 0 82 0 
0 0 0 0 0 0 0 0 0 0 0 73 0 72 0 0 15 0 0 0 0 0 0 0 17 0 84 0 0 44 0 0 0 0 0 0 0 41 0 0 92 0 0 21 0 0 0 0 0 0 21 0 70 0 0 0 64 36 0 0 0 62 0 0 0 29 42 0 0 82 0 9 69 0 0 0 0 27 19 81 0 55 0 0 0 0 94 76 0 0 6 0 0 71 0 14 38 50 0 0 
72 0 0 0 0 0 0 0 34 0 0 18 0 0 0 0 85 0 92 27 0 48 66 0 75 0 84 15 10 1 0 0 0 0 0 0 0 14 0 0 0 0 0 2 0 0 0 72 0 32 0 0 0 85 82 87 70 50 0 0 0 69 0 0 0 0 53 0 52 0 0 41 30 0 51 0 60 0 65 20 83 75 0 14 0 0 20 84 0 0 84 0 68 17 0 58 0 35 0 9 
0 27 0 77 0 0 71 51 0 67 0 93 0 0 28 45 0 0 0 0 51 0 0 0 92 84 0 0 0 0 0 36 24 0 0 0 0 0 54 35 98 72 28 0 0 4 29 0 40 0 0 0 49 0 61 0 0 0 73 40 0 0 9 2 0 0 0 73 0 0 0 0 0 18 96 0 0 11 0 0 0 0 31 84 0 0 0 0 29 23 0 65 0 0 0 73 78 0 31 0 
50 0 0 0 0 0 0 0 0 0 0 72 0 33 0 0 7 0 71 0 79 0 0 0 14 39 43 0 0 32 0 37 0 0 0 0 0 34 0 0 35 0 0 97 0 0 0 0 0 0 61 0 64 11 91 7 79 11 0 56 0 54 0 0 0 67 73 0 47 19 0 0 93 0 0 0 91 68 1 88 0 68 0 0 0 0 99 32 0 0 93 0 0 46 0 60 97 0 0 0 
12 0 0 0 0 0 0 0 52 0 0 0 0 0 0 0 80 0 80 0 0 0 27 0 0 0 50 0 55 14 0 0 0 0 0 0 0 9 0 0 0 0 0 50 0 0 0 50 0 40 0 0 0 46 0 67 40 12 0 0 0 81 0 0 0 0 82 0 6 52 0 50 0 0 0 0 68 0 72 38 0 52 0 0 0 0 57 51 0 0 5 0 0 7 0 61 0 59 0 62 
0 43 0 8 0 41 0 91 0 0 38 0 91 0 44 36 0 72 0 0 0 83 0 0 6 0 0 0 0 0 6 29 34 0 0 0 0 0 66 3 0 64 8 0 4 0 33 0 9 0 0 0 0 0 57 0 0 0 32 17 21 0 15 22 27 0 0 60 0 0 80 0 0 0 10 63 0 0 0 0 0 0 9 72 0 0 0 0 45 13 0 0 24 0 61 0 0 0 77 0 
0 0 39 52 96 97 0 93 0 0 33 43 36 0 36 22 0 0 0 47 0 12 67 18 89 0 0 0 0 0 2 75 32 0 0 0 0 0 59 5 0 0 0 0 48 0 98 0 31 0 0 67 0 82 9 0 0 0 0 47 86 0 86 44 74 0 0 68 0 23 92 0 0 60 0 47 85 0 0 0 46 0 9 84 27 0 0 0 88 0 0 0 4 0 12 0 0 0 16 0 
0 0 96 2 38 55 0 61 0 0 43 0 11 0 6 48 0 83 0 66 0 41 0 76 0 0 0 0 0 0 57 0 0 0 0 95 0 0 0 0 0 0 0 0 28 0 0 0 90 0 0 25 0 0 0 0 0 0 0 0 8 0 14 48 33 0 0 0 0 0 0 0 0 75 96 0 0 0 0 0 0 0 0 90 44 93 0 0 0 0 0 0 79 0 42 0 0 0 70 0 
37 0 82 0 0 0 0 0 10 0 0 5 0 0 0 0 73 0 60 32 0 98 67 46 4 0 0 46 91 0 0 0 0 0 16 0 0 0 0 0 0 0 0 16 85 0 0 4 0 96 0 63 0 22 20 51 11 28 0 0 0 29 0 0 0 0 53 0 0 35 0 66 32 0 24 0 0 0 0 76 11 0 0 9 56 0 0 0 0 0 6 0 63 88 0 22 0 0 77 35 
0 0 0 0 0 0 88 0 0 9 0 93 0 7 0 0 20 0 0 0 7 0 0 0 83 30 0 0 0 12 0 8 0 54 0 0 6 0 0 0 25 0 0 0 0 91 0 0 0 0 82 0 70 0 0 0 0 0 0 84 0 0 0 0 0 74 29 0 37 0 3 28 0 0 0 0 0 0 0 0 0 0 0 0 0 0 31 0 39 0 73 11 0 0 0 11 86 0 0 0 
81 0 0 0 0 0 0 0 75 0 0 0 0 0 0 0 57 0 89 0 0 0 0 0 0 0 7 0 45 67 0 0 0 0 0 0 0 73 0 0 0 0 0 81 0 0 0 21 0 0 37 0 0 0 0 39 61 18 0 0 0 46 0 0 0 82 30 0 83 45 0 14 37 0 0 0 0 0 0 17 0 28 0 0 0 0 5 85 0 0 5 0 0 46 0 19 0 29 0 57 
64 0 0 0 0 0 0 0 63 0 0 25 0 0 0 0 64 0 67 0 0 0 0 0 95 0 5 0 79 38 0 0 0 0 0 0 0 98 0 0 0 0 0 53 0 0 0 83 0 41 43 0 0 5 0 2 93 90 0 0 0 36 0 0 0 96 90 0 56 64 0 60 80 0 0 0 22 0 86 0 0 30 0 0 0 0 14 23 0 0 26 0 0 24 0 71 0 66 0 44 
27 0 28 0 76 0 0 0 83 0 0 0 0 0 0 0 0 0 50 73 0 83 47 81 0 0 0 19 41 0 7 0 0 0 86 45 0 0 0 0 0 0 0 0 64 0 0 0 0 59 0 2 0 86 0 75 0 0 0 0 0 0 0 0 59 0 0 0 0 77 0 0 0 0 22 0 57 0 0 0 0 0 0 80 65 99 0 0 0 0 0 0 25 0 0 0 0 0 0 0 
23 0 0 0 0 0 0 0 2 0 0 0 0 0 0 0 38 0 54 0 0 0 0 0 0 0 10 0 46 62 0 0 0 0 0 0 0 29 0 0 0 0 0 86 0 0 0 84 0 0 18 0 0 0 0 97 42 55 0 0 0 18 0 0 0 96 32 0 83 68 0 56 94 0 0 0 0 0 9 43 0 0 0 0 0 0 59 79 0 0 78 0 0 59 0 83 0 89 0 84 
0 95 0 72 0 18 0 44 0 0 84 32 55 0 9 10 0 54 0 0 0 87 0 0 31 0 0 0 0 0 0 25 97 0 0 0 0 0 19 19 0 58 42 0 22 0 82 0 69 0 0 0 0 0 25 0 0 0 75 44 43 0 33 4 0 0 0 58 0 0 48 0 0 47 20 0 0 0 0 0 0 0 0 9 0 0 0 0 3 85 0 49 0 0 45 0 0 0 2 0 
0 0 98 94 85 13 0 59 0 0 14 71 49 0 55 25 0 0 0 67 0 85 41 70 43 0 0 0 0 0 39 70 90 0 0 0 0 0 64 13 0 0 0 0 85 0 48 0 8 0 0 54 0 73 38 0 0 0 0 62 20 0 72 14 65 0 0 75 0 48 99 0 0 89 36 92 30 0 0 0 71 0 21 0 87 0 0 0 71 0 0 0 51 0 48 5 0 0 26 0 
0 0 97 0 38 0 0 0 0 0 0 0 0 0 0 0 0 0 0 56 0 77 66 4 0 0 0 2 0 0 67 0 0 0 71 83 0 0 0 0 0 0 0 0 82 0 0 0 0 0 0 27 0 35 0 0 0 0 0 0 42 0 0 0 2 0 0 0 0 0 0 0 0 0 57 3 49 0 0 0 81 0 0 55 0 31 0 0 0 0 0 0 22 0 0 0 0 0 0 0 
0 0 92 0 1 0 0 0 0 0 0 0 0 0 0 0 0 0 0 72 0 47 64 98 0 0 0 39 0 0 52 0 0 0 54 58 0 0 0 0 0 0 0 0 20 0 0 0 0 0 0 45 0 0 0 0 0 0 0 0 7 0 0 0 38 0 0 0 0 0 0 0 0 0 0 29 0 0 0 0 3 0 0 0 43 0 0 0 0 0 0 0 13 0 0 0 0 0 0 0 
0 0 0 0 0 0 0 0 0 0 0 63 0 90 0 0 46 0 0 0 18 0 0 0 96 47 73 0 0 55 0 0 0 36 0 0 0 75 0 0 59 0 0 79 0 0 0 0 0 0 77 0 83 0 0 0 11 83 0 0 0 11 0 0 0 67 49 0 58 80 0 19 95 0 0 0 0 88 68 59 0 53 0 0 0 0 0 9 0 0 34 0 0 6 0 58 48 0 0 0 
53 0 0 0 0 0 0 0 96 0 0 0 0 0 0 0 72 0 1 0 0 0 0 0 0 0 57 0 84 99 0 0 0 0 0 0 0 31 0 0 0 0 0 68 0 0 0 51 0 0 0 0 0 0 0 6 69 16 0 0 0 71 0 0 0 0 1 0 61 49 0 1 84 0 0 0 0 0 10 63 0 73 0 0 0 0 59 0 0 0 60 0 0 11 0 0 0 54 0 37 
0 78 0 0 0 0 92 5 0 16 0 10 0 0 51 57 0 0 0 0 1 0 0 0 26 64 0 0 0 0 0 46 21 0 0 0 0 0 13 49 2 21 68 0 0 46 27 0 0 0 0 0 99 0 32 0 0 0 10 89 0 0 43 37 0 0 0 52 0 0 69 0 0 74 71 0 0 79 0 0 0 0 61 27 0 0 0 0 0 58 0 30 0 0 0 71 60 0 8 0 
0 7 0 0 0 0 9 9 0 38 0 80 0 0 0 4 0 0 0 0 35 0 0 0 51 68 0 0 0 0 0 99 94 0 0 0 0 0 60 49 0 23 53 0 0 42 30 0 0 0 0 0 76 0 22 0 0 0 26 4 0 0 38 54 0 0 0 81 0 0 58 0 0 91 0 0 0 0 0 0 0 0 35 0 0 0 0 0 80 0 0 6 0 0 0 0 56 0 0 0 
42 0 0 0 0 0 0 0 0 0 0 52 0 43 0 0 2 0 95 0 44 0 0 0 52 39 35 0 0 65 0 88 0 0 0 0 0 62 0 0 31 0 0 37 0 0 0 0 0 0 73 0 41 73 84 45 15 12 0 7 0 90 0 0 0 46 84 0 61 65 0 63 46 0 0 0 91 27 1 93 0 66 0 0 0 0 14 60 0 0 0 0 0 97 0 66 47 0 0 0 
0 41 0 0 0 0 56 0 0 89 0 51 0 11 0 0 0 0 0 0 67 0 0 0 21 52 0 0 0 0 0 4 40 70 0 0 95 0 5 99 65 12 76 0 0 84 1 0 0 0 67 0 75 0 45 0 0 0 36 59 0 0 0 0 0 10 0 35 0 0 59 0 0 0 0 0 0 84 0 0 0 0 8 0 0 0 0 0 10 45 0 0 0 0 0 9 20 0 0 0 
84 0 91 0 66 61 0 0 0 0 76 0 0 0 60 77 0 0 0 97 0 33 94 5 0 0 0 12 0 0 21 0 0 0 47 72 0 0 0 0 0 0 0 0 38 0 0 0 95 0 0 66 0 20 43 0 0 0 0 0 47 0 93 65 98 0 0 0 0 66 0 0 0 83 22 66 79 0 0 0 42 0 0 46 19 81 0 0 0 0 0 0 0 0 61 0 0 0 89 0 
97 0 0 0 0 0 0 0 14 0 0 46 0 0 0 0 41 0 30 98 0 68 25 0 26 0 35 0 92 72 0 0 0 0 0 0 0 38 0 0 0 0 0 6 0 0 0 55 0 53 96 0 0 46 93 93 81 21 0 0 0 88 0 0 0 64 86 0 98 69 0 25 89 0 0 0 74 0 70 12 0 54 0 0 0 0 90 72 0 0 83 0 0 0 0 2 0 35 0 45 
0 0 0 57 33 51 0 11 0 0 98 0 9 0 43 78 0 55 0 0 0 49 0 0 0 0 0 0 0 0 88 0 55 0 0 0 0 0 0 27 0 0 68 0 65 0 7 0 74 0 0 6 0 0 91 0 0 0 0 0 50 0 96 4 60 0 0 59 0 0 0 0 0 89 59 23 0 0 0 0 0 0 48 95 0 0 0 0 0 0 0 0 20 0 0 0 0 0 93 0 
0 0 0 0 0 0 0 0 0 53 0 68 0 61 0 0 85 0 0 0 90 0 0 0 75 94 99 0 0 93 0 84 0 0 0 0 0 95 3 0 51 0 0 35 0 0 0 0 0 0 35 0 41 0 39 0 95 46 0 90 0 34 0 0 0 1 60 16 84 34 92 96 82 0 0 0 64 97 48 45 0 35 0 22 0 0 52 0 52 0 68 8 0 71 0 0 98 0 0 0 
0 0 0 0 0 0 70 0 0 66 0 74 0 93 0 0 0 0 0 0 94 0 0 0 86 53 0 0 0 0 0 9 0 33 0 0 59 0 14 0 24 0 0 0 0 58 0 0 0 0 11 0 74 0 0 0 0 0 0 68 0 0 0 0 0 59 0 0 68 0 12 20 0 0 0 0 0 85 0 0 0 0 0 0 0 0 63 0 88 39 87 67 0 0 0 56 0 0 0 0 
91 0 0 0 0 0 0 0 66 0 0 0 0 0 0 0 23 0 47 0 0 0 0 0 0 0 34 0 69 38 0 0 0 0 0 0 0 39 0 0 0 0 0 51 0 0 0 60 0 54 0 0 0 64 0 20 27 52 0 0 0 13 0 0 0 0 53 0 39 29 0 0 61 0 0 0 0 0 68 34 0 73 0 0 0 0 0 67 0 0 0 0 0 25 0 0 0 0 0 46 
0 47 86 37 54 11 0 65 0 0 91 13 97 0 24 62 0 1 0 49 0 48 0 0 80 0 0 0 0 0 66 1 13 0 0 0 0 0 72 63 0 54 19 0 46 0 48 0 38 0 0 97 0 0 96 0 0 0 51 92 93 0 48 36 61 0 0 15 0 0 42 0 0 39 62 82 55 0 0 0 0 0 75 9 0 0 0 0 11 0 0 0 27 0 91 0 0 0 0 0 
25 0 0 0 0 0 0 0 16 0 0 0 0 0 0 0 72 0 45 0 0 0 4 0 0 0 60 0 27 0 0 0 0 0 0 0 0 77 0 0 0 0 0 93 0 0 0 24 0 90 0 0 0 30 0 85 7 10 0 0 0 94 0 0 0 0 50 0 0 45 0 0 66 0 0 0 95 0 23 37 0 69 0 0 0 0 0 41 0 0 0 0 0 91 0 0 0 54 0 0 
