100 1000
0 1 2 3 4 5 6 7 8 9 1 2 3 4 5 6 7 8 9 10 2 3 4 5 6 7 8 9 10 11 3 4 5 6 7 8 9 10 11 12 4 5 6 7 8 9 10 11 12 13 5 6 7 8 9 10 11 12 13 14 6 7 8 9 10 11 12 13 14 15 7 8 9 10 11 12 13 14 15 16 8 9 10 11 12 13 14 15 16 17 9 10 11 12 13 14 15 16 17 18 
1 0 1 2 3 4 5 6 7 8 2 1 2 3 4 5 6 7 8 9 3 2 3 4 5 6 7 8 9 10 4 3 4 5 6 7 8 9 10 11 5 4 5 6 7 8 9 10 11 12 6 5 6 7 8 9 10 11 12 13 7 6 7 8 9 10 11 12 13 14 8 7 8 9 10 11 12 13 14 15 9 8 9 10 11 12 13 14 15 16 10 9 10 11 12 13 14 15 16 17 
2 1 0 1 2 3 4 5 6 7 3 2 1 2 3 4 5 6 7 8 4 3 2 3 4 5 6 7 8 9 5 4 3 4 5 6 7 8 9 10 6 5 4 5 6 7 8 9 10 11 7 6 5 6 7 8 9 10 11 12 8 7 6 7 8 9 10 11 12 13 9 8 7 8 9 10 11 12 13 14 10 9 8 9 10 11 12 13 14 15 11 10 9 10 11 12 13 14 15 16 
3 2 1 0 1 2 3 4 5 6 4 3 2 1 2 3 4 5 6 7 5 4 3 2 3 4 5 6 7 8 6 5 4 3 4 5 6 7 8 9 7 6 5 4 5 6 7 8 9 10 8 7 6 5 6 7 8 9 10 11 9 8 7 6 7 8 9 10 11 12 10 9 8 7 8 9 10 11 12 13 11 10 9 8 9 10 11 12 13 14 12 11 10 9 10 11 12 13 14 15 
4 3 2 1 0 1 2 3 4 5 5 4 3 2 1 2 3 4 5 6 6 5 4 3 2 3 4 5 6 7 7 6 5 4 3 4 5 6 7 8 8 7 6 5 4 5 6 7 8 9 9 8 7 6 5 6 7 8 9 10 10 9 8 7 6 7 8 9 10 11 11 10 9 8 7 8 9 10 11 12 12 11 10 9 8 9 10 11 12 13 13 12 11 10 9 10 11 12 13 14 
5 4 3 2 1 0 1 2 3 4 6 5 4 3 2 1 2 3 4 5 7 6 5 4 3 2 3 4 5 6 8 7 6 5 4 3 4 5 6 7 9 8 7 6 5 4 5 6 7 8 10 9 8 7 6 5 6 7 8 9 11 10 9 8 7 6 7 8 9 10 12 11 10 9 8 7 8 9 10 11 13 12 11 10 9 8 9 10 11 12 14 13 12 11 10 9 10 11 12 13 
6 5 4 3 2 1 0 1 2 3 7 6 5 4 3 2 1 2 3 4 8 7 6 5 4 3 2 3 4 5 9 8 7 6 5 4 3 4 5 6 10 9 8 7 6 5 4 5 6 7 11 10 9 8 7 6 5 6 7 8 12 11 10 9 8 7 6 7 8 9 13 12 11 10 9 8 7 8 9 10 14 13 12 11 10 9 8 9 10 11 15 14 13 12 11 10 9 10 11 12 
7 6 5 4 3 2 1 0 1 2 8 7 6 5 4 3 2 1 2 3 9 8 7 6 5 4 3 2 3 4 10 9 8 7 6 5 4 3 4 5 11 10 9 8 7 6 5 4 5 6 12 11 10 9 8 7 6 5 6 7 13 12 11 10 9 8 7 6 7 8 14 13 12 11 10 9 8 7 8 9 15 14 13 12 11 10 9 8 9 10 16 15 14 13 12 11 10 9 10 11 
8 7 6 5 4 3 2 1 0 1 9 8 7 6 5 4 3 2 1 2 10 9 8 7 6 5 4 3 2 3 11 10 9 8 7 6 5 4 3 4 12 11 10 9 8 7 6 5 4 5 13 12 11 10 9 8 7 6 5 6 14 13 12 11 10 9 8 7 6 7 15 14 13 12 11 10 9 8 7 8 16 15 14 13 12 11 10 9 8 9 17 16 15 14 13 12 11 10 9 10 
9 8 7 6 5 4 3 2 1 0 10 9 8 7 6 5 4 3 2 1 11 10 9 8 7 6 5 4 3 2 12 11 10 9 8 7 6 5 4 3 13 12 11 10 9 8 7 6 5 4 14 13 12 11 10 9 8 7 6 5 15 14 13 12 11 10 9 8 7 6 16 15 14 13 12 11 10 9 8 7 17 16 15 14 13 12 11 10 9 8 18 17 16 15 14 13 12 11 10 9 
1 2 3 4 5 6 7 8 9 10 0 1 2 3 4 5 6 7 8 9 1 2 3 4 5 6 7 8 9 10 2 3 4 5 6 7 8 9 10 11 3 4 5 6 7 8 9 10 11 12 4 5 6 7 8 9 10 11 12 13 5 6 7 8 9 10 11 12 13 14 6 7 8 9 10 11 12 13 14 15 7 8 9 10 11 12 13 14 15 16 8 9 10 11 12 13 14 15 16 17 
2 1 2 3 4 5 6 7 8 9 1 0 1 2 3 4 5 6 7 8 2 1 2 3 4 5 6 7 8 9 3 2 3 4 5 6 7 8 9 10 4 3 4 5 6 7 8 9 10 11 5 4 5 6 7 8 9 10 11 12 6 5 6 7 8 9 10 11 12 13 7 6 7 8 9 10 11 12 13 14 8 7 8 9 10 11 12 13 14 15 9 8 9 10 11 12 13 14 15 16 
3 2 1 2 3 4 5 6 7 8 2 1 0 1 2 3 4 5 6 7 3 2 1 2 3 4 5 6 7 8 4 3 2 3 4 5 6 7 8 9 5 4 3 4 5 6 7 8 9 10 6 5 4 5 6 7 8 9 10 11 7 6 5 6 7 8 9 10 11 12 8 7 6 7 8 9 10 11 12 13 9 8 7 8 9 10 11 12 13 14 10 9 8 9 10 11 12 13 14 15 
4 3 2 1 2 3 4 5 6 7 3 2 1 0 1 2 3 4 5 6 4 3 2 1 2 3 4 5 6 7 5 4 3 2 3 4 5 6 7 8 6 5 4 3 4 5 6 7 8 9 7 6 5 4 5 6 7 8 9 10 8 7 6 5 6 7 8 9 10 11 9 8 7 6 7 8 9 10 11 12 10 9 8 7 8 9 10 11 12 13 11 10 9 8 9 10 11 12 13 14 
5 4 3 2 1 2 3 4 5 6 4 3 2 1 0 1 2 3 4 5 5 4 3 2 1 2 3 4 5 6 6 5 4 3 2 3 4 5 6 7 7 6 5 4 3 4 5 6 7 8 8 7 6 5 4 5 6 7 8 9 9 8 7 6 5 6 7 8 9 10 10 9 8 7 6 7 8 9 10 11 11 10 9 8 7 8 9 10 11 12 12 11 10 9 8 9 10 11 12 13 
6 5 4 3 2 1 2 3 4 5 5 4 3 2 1 0 1 2 3 4 6 5 4 3 2 1 2 3 4 5 7 6 5 4 3 2 3 4 5 6 8 7 6 5 4 3 4 5 6 7 9 8 7 6 5 4 5 6 7 8 10 9 8 7 6 5 6 7 8 9 11 10 9 8 7 6 7 8 9 10 12 11 10 9 8 7 8 9 10 11 13 12 11 10 9 8 9 10 11 12 
7 6 5 4 3 2 1 2 3 4 6 5 4 3 2 1 0 1 2 3 7 6 5 4 3 2 1 2 3 4 8 7 6 5 4 3 2 3 4 5 9 8 7 6 5 4 3 4 5 6 10 9 8 7 6 5 4 5 6 7 11 10 9 8 7 6 5 6 7 8 12 11 10 9 8 7 6 7 8 9 13 12 11 10 9 8 7 8 9 10 14 13 12 11 10 9 8 9 10 11 
8 7 6 5 4 3 2 1 2 3 7 6 5 4 3 2 1 0 1 2 8 7 6 5 4 3 2 1 2 3 9 8 7 6 5 4 3 2 3 4 10 9 8 7 6 5 4 3 4 5 11 10 9 8 7 6 5 4 5 6 12 11 10 9 8 7 6 5 6 7 13 12 11 10 9 8 7 6 7 8 14 13 12 11 10 9 8 7 8 9 15 14 13 12 11 10 9 8 9 10 
9 8 7 6 5 4 3 2 1 2 8 7 6 5 4 3 2 1 0 1 9 8 7 6 5 4 3 2 1 2 10 9 8 7 6 5 4 3 2 3 11 10 9 8 7 6 5 4 3 4 12 11 10 9 8 7 6 5 4 5 13 12 11 10 9 8 7 6 5 6 14 13 12 11 10 9 8 7 6 7 15 14 13 12 11 10 9 8 7 8 16 15 14 13 12 11 10 9 8 9 
10 9 8 7 6 5 4 3 2 1 9 8 7 6 5 4 3 2 1 0 10 9 8 7 6 5 4 3 2 1 11 10 9 8 7 6 5 4 3 2 12 11 10 9 8 7 6 5 4 3 13 12 11 10 9 8 7 6 5 4 14 13 12 11 10 9 8 7 6 5 15 14 13 12 11 10 9 8 7 6 16 15 14 13 12 11 10 9 8 7 17 16 15 14 13 12 11 10 9 8 
2 3 4 5 6 7 8 9 10 11 1 2 3 4 5 6 7 8 9 10 0 1 2 3 4 5 6 7 8 9 1 2 3 4 5 6 7 8 9 10 2 3 4 5 6 7 8 9 10 11 3 4 5 6 7 8 9 10 11 12 4 5 6 7 8 9 10 11 12 13 5 6 7 8 9 10 11 12 13 14 6 7 8 9 10 11 12 13 14 15 7 8 9 10 11 12 13 14 15 16 
3 2 3 4 5 6 7 8 9 10 2 1 2 3 4 5 6 7 8 9 1 0 1 2 3 4 5 6 7 8 2 1 2 3 4 5 6 7 8 9 3 2 3 4 5 6 7 8 9 10 4 3 4 5 6 7 8 9 10 11 5 4 5 6 7 8 9 10 11 12 6 5 6 7 8 9 10 11 12 13 7 6 7 8 9 10 11 12 13 14 8 7 8 9 10 11 12 13 14 15 
4 3 2 3 4 5 6 7 8 9 3 2 1 2 3 4 5 6 7 8 2 1 0 1 2 3 4 5 6 7 3 2 1 2 3 4 5 6 7 8 4 3 2 3 4 5 6 7 8 9 5 4 3 4 5 6 7 8 9 10 6 5 4 5 6 7 8 9 10 11 7 6 5 6 7 8 9 10 11 12 8 7 6 7 8 9 10 11 12 13 9 8 7 8 9 10 11 12 13 14 
5 4 3 2 3 4 5 6 7 8 4 3 2 1 2 3 4 5 6 7 3 2 1 0 1 2 3 4 5 6 4 3 2 1 2 3 4 5 6 7 5 4 3 2 3 4 5 6 7 8 6 5 4 3 4 5 6 7 8 9 7 6 5 4 5 6 7 8 9 10 8 7 6 5 6 7 8 9 10 11 9 8 7 6 7 8 9 10 11 12 10 9 8 7 8 9 10 11 12 13 
6 5 4 3 2 3 4 5 6 7 5 4 3 2 1 2 3 4 5 6 4 3 2 1 0 1 2 3 4 5 5 4 3 2 1 2 3 4 5 6 6 5 4 3 2 3 4 5 6 7 7 6 5 4 3 4 5 6 7 8 8 7 6 5 4 5 6 7 8 9 9 8 7 6 5 6 7 8 9 10 10 9 8 7 6 7 8 9 10 11 11 10 9 8 7 8 9 10 11 12 
7 6 5 4 3 2 3 4 5 6 6 5 4 3 2 1 2 3 4 5 5 4 3 2 1 0 1 2 3 4 6 5 4 3 2 1 2 3 4 5 7 6 5 4 3 2 3 4 5 6 8 7 6 5 4 3 4 5 6 7 9 8 7 6 5 4 5 6 7 8 10 9 8 7 6 5 6 7 8 9 11 10 9 8 7 6 7 8 9 10 12 11 10 9 8 7 8 9 10 11 
8 7 6 5 4 3 2 3 4 5 7 6 5 4 3 2 1 2 3 4 6 5 4 3 2 1 0 1 2 3 7 6 5 4 3 2 1 2 3 4 8 7 6 5 4 3 2 3 4 5 9 8 7 6 5 4 3 4 5 6 10 9 8 7 6 5 4 5 6 7 11 10 9 8 7 6 5 6 7 8 12 11 10 9 8 7 6 7 8 9 13 12 11 10 9 8 7 8 9 10 
9 8 7 6 5 4 3 2 3 4 8 7 6 5 4 3 2 1 2 3 7 6 5 4 3 2 1 0 1 2 8 7 6 5 4 3 2 1 2 3 9 8 7 6 5 4 3 2 3 4 10 9 8 7 6 5 4 3 4 5 11 10 9 8 7 6 5 4 5 6 12 11 10 9 8 7 6 5 6 7 13 12 11 10 9 8 7 6 7 8 14 13 12 11 10 9 8 7 8 9 
10 9 8 7 6 5 4 3 2 3 9 8 7 6 5 4 3 2 1 2 8 7 6 5 4 3 2 1 0 1 9 8 7 6 5 4 3 2 1 2 10 9 8 7 6 5 4 3 2 3 11 10 9 8 7 6 5 4 3 4 12 11 10 9 8 7 6 5 4 5 13 12 11 10 9 8 7 6 5 6 14 13 12 11 10 9 8 7 6 7 15 14 13 12 11 10 9 8 7 8 
11 10 9 8 7 6 5 4 3 2 10 9 8 7 6 5 4 3 2 1 9 8 7 6 5 4 3 2 1 0 10 9 8 7 6 5 4 3 2 1 11 10 9 8 7 6 5 4 3 2 12 11 10 9 8 7 6 5 4 3 13 12 11 10 9 8 7 6 5 4 14 13 12 11 10 9 8 7 6 5 15 14 13 12 11 10 9 8 7 6 16 15 14 13 12 11 10 9 8 7 
3 4 5 6 7 8 9 10 11 12 2 3 4 5 6 7 8 9 10 11 1 2 3 4 5 6 7 8 9 10 0 1 2 3 4 5 6 7 8 9 1 2 3 4 5 6 7 8 9 10 2 3 4 5 6 7 8 9 10 11 3 4 5 6 7 8 9 10 11 12 4 5 6 7 8 9 10 11 12 13 5 6 7 8 9 10 11 12 13 14 6 7 8 9 10 11 12 13 14 15 
4 3 4 5 6 7 8 9 10 11 3 2 3 4 5 6 7 8 9 10 2 1 2 3 4 5 6 7 8 9 1 0 1 2 3 4 5 6 7 8 2 1 2 3 4 5 6 7 8 9 3 2 3 4 5 6 7 8 9 10 4 3 4 5 6 7 8 9 10 11 5 4 5 6 7 8 9 10 11 12 6 5 6 7 8 9 10 11 12 13 7 6 7 8 9 10 11 12 13 14 
5 4 3 4 5 6 7 8 9 10 4 3 2 3 4 5 6 7 8 9 3 2 1 2 3 4 5 6 7 8 2 1 0 1 2 3 4 5 6 7 3 2 1 2 3 4 5 6 7 8 4 3 2 3 4 5 6 7 8 9 5 4 3 4 5 6 7 8 9 10 6 5 4 5 6 7 8 9 10 11 7 6 5 6 7 8 9 10 11 12 8 7 6 7 8 9 10 11 12 13 
6 5 4 3 4 5 6 7 8 9 5 4 3 2 3 4 5 6 7 8 4 3 2 1 2 3 4 5 6 7 3 2 1 0 1 2 3 4 5 6 4 3 2 1 2 3 4 5 6 7 5 4 3 2 3 4 5 6 7 8 6 5 4 3 4 5 6 7 8 9 7 6 5 4 5 6 7 8 9 10 8 7 6 5 6 7 8 9 10 11 9 8 7 6 7 8 9 10 11 12 
7 6 5 4 3 4 5 6 7 8 6 5 4 3 2 3 4 5 6 7 5 4 3 2 1 2 3 4 5 6 4 3 2 1 0 1 2 3 4 5 5 4 3 2 1 2 3 4 5 6 6 5 4 3 2 3 4 5 6 7 7 6 5 4 3 4 5 6 7 8 8 7 6 5 4 5 6 7 8 9 9 8 7 6 5 6 7 8 9 10 10 9 8 7 6 7 8 9 10 11 
8 7 6 5 4 3 4 5 6 7 7 6 5 4 3 2 3 4 5 6 6 5 4 3 2 1 2 3 4 5 5 4 3 2 1 0 1 2 3 4 6 5 4 3 2 1 2 3 4 5 7 6 5 4 3 2 3 4 5 6 8 7 6 5 4 3 4 5 6 7 9 8 7 6 5 4 5 6 7 8 10 9 8 7 6 5 6 7 8 9 11 10 9 8 7 6 7 8 9 10 
9 8 7 6 5 4 3 4 5 6 8 7 6 5 4 3 2 3 4 5 7 6 5 4 3 2 1 2 3 4 6 5 4 3 2 1 0 1 2 3 7 6 5 4 3 2 1 2 3 4 8 7 6 5 4 3 2 3 4 5 9 8 7 6 5 4 3 4 5 6 10 9 8 7 6 5 4 5 6 7 11 10 9 8 7 6 5 6 7 8 12 11 10 9 8 7 6 7 8 9 
10 9 8 7 6 5 4 3 4 5 9 8 7 6 5 4 3 2 3 4 8 7 6 5 4 3 2 1 2 3 7 6 5 4 3 2 1 0 1 2 8 7 6 5 4 3 2 1 2 3 9 8 7 6 5 4 3 2 3 4 10 9 8 7 6 5 4 3 4 5 11 10 9 8 7 6 5 4 5 6 12 11 10 9 8 7 6 5 6 7 13 12 11 10 9 8 7 6 7 8 
11 10 9 8 7 6 5 4 3 4 10 9 8 7 6 5 4 3 2 3 9 8 7 6 5 4 3 2 1 2 8 7 6 5 4 3 2 1 0 1 9 8 7 6 5 4 3 2 1 2 10 9 8 7 6 5 4 3 2 3 11 10 9 8 7 6 5 4 3 4 12 11 10 9 8 7 6 5 4 5 13 12 11 10 9 8 7 6 5 6 14 13 12 11 10 9 8 7 6 7 
12 11 10 9 8 7 6 5 4 3 11 10 9 8 7 6 5 4 3 2 10 9 8 7 6 5 4 3 2 1 9 8 7 6 5 4 3 2 1 0 10 9 8 7 6 5 4 3 2 1 11 10 9 8 7 6 5 4 3 2 12 11 10 9 8 7 6 5 4 3 13 12 11 10 9 8 7 6 5 4 14 13 12 11 10 9 8 7 6 5 15 14 13 12 11 10 9 8 7 6 
4 5 6 7 8 9 10 11 12 13 3 4 5 6 7 8 9 10 11 12 2 3 4 5 6 7 8 9 10 11 1 2 3 4 5 6 7 8 9 10 0 1 2 3 4 5 6 7 8 9 1 2 3 4 5 6 7 8 9 10 2 3 4 5 6 7 8 9 10 11 3 4 5 6 7 8 9 10 11 12 4 5 6 7 8 9 10 11 12 13 5 6 7 8 9 10 11 12 13 14 
5 4 5 6 7 8 9 10 11 12 4 3 4 5 6 7 8 9 10 11 3 2 3 4 5 6 7 8 9 10 2 1 2 3 4 5 6 7 8 9 1 0 1 2 3 4 5 6 7 8 2 1 2 3 4 5 6 7 8 9 3 2 3 4 5 6 7 8 9 10 4 3 4 5 6 7 8 9 10 11 5 4 5 6 7 8 9 10 11 12 6 5 6 7 8 9 10 11 12 13 
6 5 4 5 6 7 8 9 10 11 5 4 3 4 5 6 7 8 9 10 4 3 2 3 4 5 6 7 8 9 3 2 1 2 3 4 5 6 7 8 2 1 0 1 2 3 4 5 6 7 3 2 1 2 3 4 5 6 7 8 4 3 2 3 4 5 6 7 8 9 5 4 3 4 5 6 7 8 9 10 6 5 4 5 6 7 8 9 10 11 7 6 5 6 7 8 9 10 11 12 
7 6 5 4 5 6 7 8 9 10 6 5 4 3 4 5 6 7 8 9 5 4 3 2 3 4 5 6 7 8 4 3 2 1 2 3 4 5 6 7 3 2 1 0 1 2 3 4 5 6 4 3 2 1 2 3 4 5 6 7 5 4 3 2 3 4 5 6 7 8 6 5 4 3 4 5 6 7 8 9 7 6 5 4 5 6 7 8 9 10 8 7 6 5 6 7 8 9 10 11 
8 7 6 5 4 5 6 7 8 9 7 6 5 4 3 4 5 6 7 8 6 5 4 3 2 3 4 5 6 7 5 4 3 2 1 2 3 4 5 6 4 3 2 1 0 1 2 3 4 5 5 4 3 2 1 2 3 4 5 6 6 5 4 3 2 3 4 5 6 7 7 6 5 4 3 4 5 6 7 8 8 7 6 5 4 5 6 7 8 9 9 8 7 6 5 6 7 8 9 10 
9 8 7 6 5 4 5 6 7 8 8 7 6 5 4 3 4 5 6 7 7 6 5 4 3 2 3 4 5 6 6 5 4 3 2 1 2 3 4 5 5 4 3 2 1 0 1 2 3 4 6 5 4 3 2 1 2 3 4 5 7 6 5 4 3 2 3 4 5 6 8 7 6 5 4 3 4 5 6 7 9 8 7 6 5 4 5 6 7 8 10 9 8 7 6 5 6 7 8 9 
10 9 8 7 6 5 4 5 6 7 9 8 7 6 5 4 3 4 5 6 8 7 6 5 4 3 2 3 4 5 7 6 5 4 3 2 1 2 3 4 6 5 4 3 2 1 0 1 2 3 7 6 5 4 3 2 1 2 3 4 8 7 6 5 4 3 2 3 4 5 9 8 7 6 5 4 3 4 5 6 10 9 8 7 6 5 4 5 6 7 11 10 9 8 7 6 5 6 7 8 
11 10 9 8 7 6 5 4 5 6 10 9 8 7 6 5 4 3 4 5 9 8 7 6 5 4 3 2 3 4 8 7 6 5 4 3 2 1 2 3 7 6 5 4 3 2 1 0 1 2 8 7 6 5 4 3 2 1 2 3 9 8 7 6 5 4 3 2 3 4 10 9 8 7 6 5 4 3 4 5 11 10 9 8 7 6 5 4 5 6 12 11 10 9 8 7 6 5 6 7 
12 11 10 9 8 7 6 5 4 5 11 10 9 8 7 6 5 4 3 4 10 9 8 7 6 5 4 3 2 3 9 8 7 6 5 4 3 2 1 2 8 7 6 5 4 3 2 1 0 1 9 8 7 6 5 4 3 2 1 2 10 9 8 7 6 5 4 3 2 3 11 10 9 8 7 6 5 4 3 4 12 11 10 9 8 7 6 5 4 5 13 12 11 10 9 8 7 6 5 6 
13 12 11 10 9 8 7 6 5 4 12 11 10 9 8 7 6 5 4 3 11 10 9 8 7 6 5 4 3 2 10 9 8 7 6 5 4 3 2 1 9 8 7 6 5 4 3 2 1 0 10 9 8 7 6 5 4 3 2 1 11 10 9 8 7 6 5 4 3 2 12 11 10 9 8 7 6 5 4 3 13 12 11 10 9 8 7 6 5 4 14 13 12 11 10 9 8 7 6 5 
5 6 7 8 9 10 11 12 13 14 4 5 6 7 8 9 10 11 12 13 3 4 5 6 7 8 9 10 11 12 2 3 4 5 6 7 8 9 10 11 1 2 3 4 5 6 7 8 9 10 0 1 2 3 4 5 6 7 8 9 1 2 3 4 5 6 7 8 9 10 2 3 4 5 6 7 8 9 10 11 3 4 5 6 7 8 9 10 11 12 4 5 6 7 8 9 10 11 12 13 
6 5 6 7 8 9 10 11 12 13 5 4 5 6 7 8 9 10 11 12 4 3 4 5 6 7 8 9 10 11 3 2 3 4 5 6 7 8 9 10 2 1 2 3 4 5 6 7 8 9 1 0 1 2 3 4 5 6 7 8 2 1 2 3 4 5 6 7 8 9 3 2 3 4 5 6 7 8 9 10 4 3 4 5 6 7 8 9 10 11 5 4 5 6 7 8 9 10 11 12 
7 6 5 6 7 8 9 10 11 12 6 5 4 5 6 7 8 9 10 11 5 4 3 4 5 6 7 8 9 10 4 3 2 3 4 5 6 7 8 9 3 2 1 2 3 4 5 6 7 8 2 1 0 1 2 3 4 5 6 7 3 2 1 2 3 4 5 6 7 8 4 3 2 3 4 5 6 7 8 9 5 4 3 4 5 6 7 8 9 10 6 5 4 5 6 7 8 9 10 11 
8 7 6 5 6 7 8 9 10 11 7 6 5 4 5 6 7 8 9 10 6 5 4 3 4 5 6 7 8 9 5 4 3 2 3 4 5 6 7 8 4 3 2 1 2 3 4 5 6 7 3 2 1 0 1 2 3 4 5 6 4 3 2 1 2 3 4 5 6 7 5 4 3 2 3 4 5 6 7 8 6 5 4 3 4 5 6 7 8 9 7 6 5 4 5 6 7 8 9 10 
9 8 7 6 5 6 7 8 9 10 8 7 6 5 4 5 6 7 8 9 7 6 5 4 3 4 5 6 7 8 6 5 4 3 2 3 4 5 6 7 5 4 3 2 1 2 3 4 5 6 4 3 2 1 0 1 2 3 4 5 5 4 3 2 1 2 3 4 5 6 6 5 4 3 2 3 4 5 6 7 7 6 5 4 3 4 5 6 7 8 8 7 6 5 4 5 6 7 8 9 
10 9 8 7 6 5 6 7 8 9 9 8 7 6 5 4 5 6 7 8 8 7 6 5 4 3 4 5 6 7 7 6 5 4 3 2 3 4 5 6 6 5 4 3 2 1 2 3 4 5 5 4 3 2 1 0 1 2 3 4 6 5 4 3 2 1 2 3 4 5 7 6 5 4 3 2 3 4 5 6 8 7 6 5 4 3 4 5 6 7 9 8 7 6 5 4 5 6 7 8 
11 10 9 8 7 6 5 6 7 8 10 9 8 7 6 5 4 5 6 7 9 8 7 6 5 4 3 4 5 6 8 7 6 5 4 3 2 3 4 5 7 6 5 4 3 2 1 2 3 4 6 5 4 3 2 1 0 1 2 3 7 6 5 4 3 2 1 2 3 4 8 7 6 5 4 3 2 3 4 5 9 8 7 6 5 4 3 4 5 6 10 9 8 7 6 5 4 5 6 7 
12 11 10 9 8 7 6 5 6 7 11 10 9 8 7 6 5 4 5 6 10 9 8 7 6 5 4 3 4 5 9 8 7 6 5 4 3 2 3 4 8 7 6 5 4 3 2 1 2 3 7 6 5 4 3 2 1 0 1 2 8 7 6 5 4 3 2 1 2 3 9 8 7 6 5 4 3 2 3 4 10 9 8 7 6 5 4 3 4 5 11 10 9 8 7 6 5 4 5 6 
13 12 11 10 9 8 7 6 5 6 12 11 10 9 8 7 6 5 4 5 11 10 9 8 7 6 5 4 3 4 10 9 8 7 6 5 4 3 2 3 9 8 7 6 5 4 3 2 1 2 8 7 6 5 4 3 2 1 0 1 9 8 7 6 5 4 3 2 1 2 10 9 8 7 6 5 4 3 2 3 11 10 9 8 7 6 5 4 3 4 12 11 10 9 8 7 6 5 4 5 
14 13 12 11 10 9 8 7 6 5 13 12 11 10 9 8 7 6 5 4 12 11 10 9 8 7 6 5 4 3 11 10 9 8 7 6 5 4 3 2 10 9 8 7 6 5 4 3 2 1 9 8 7 6 5 4 3 2 1 0 10 9 8 7 6 5 4 3 2 1 11 10 9 8 7 6 5 4 3 2 12 11 10 9 8 7 6 5 4 3 13 12 11 10 9 8 7 6 5 4 
6 7 8 9 10 11 12 13 14 15 5 6 7 8 9 10 11 12 13 14 4 5 6 7 8 9 10 11 12 13 3 4 5 6 7 8 9 10 11 12 2 3 4 5 6 7 8 9 10 11 1 2 3 4 5 6 7 8 9 10 0 1 2 3 4 5 6 7 8 9 1 2 3 4 5 6 7 8 9 10 2 3 4 5 6 7 8 9 10 11 3 4 5 6 7 8 9 10 11 12 
7 6 7 8 9 10 11 12 13 14 6 5 6 7 8 9 10 11 12 13 5 4 5 6 7 8 9 10 11 12 4 3 4 5 6 7 8 9 10 11 3 2 3 4 5 6 7 8 9 10 2 1 2 3 4 5 6 7 8 9 1 0 1 2 3 4 5 6 7 8 2 1 2 3 4 5 6 7 8 9 3 2 3 4 5 6 7 8 9 10 4 3 4 5 6 7 8 9 10 11 
8 7 6 7 8 9 10 11 12 13 7 6 5 6 7 8 9 10 11 12 6 5 4 5 6 7 8 9 10 11 5 4 3 4 5 6 7 8 9 10 4 3 2 3 4 5 6 7 8 9 3 2 1 2 3 4 5 6 7 8 2 1 0 1 2 3 4 5 6 7 3 2 1 2 3 4 5 6 7 8 4 3 2 3 4 5 6 7 8 9 5 4 3 4 5 6 7 8 9 10 
9 8 7 6 7 8 9 10 11 12 8 7 6 5 6 7 8 9 10 11 7 6 5 4 5 6 7 8 9 10 6 5 4 3 4 5 6 7 8 9 5 4 3 2 3 4 5 6 7 8 4 3 2 1 2 3 4 5 6 7 3 2 1 0 1 2 3 4 5 6 4 3 2 1 2 3 4 5 6 7 5 4 3 2 3 4 5 6 7 8 6 5 4 3 4 5 6 7 8 9 
10 9 8 7 6 7 8 9 10 11 9 8 7 6 5 6 7 8 9 10 8 7 6 5 4 5 6 7 8 9 7 6 5 4 3 4 5 6 7 8 6 5 4 3 2 3 4 5 6 7 5 4 3 2 1 2 3 4 5 6 4 3 2 1 0 1 2 3 4 5 5 4 3 2 1 2 3 4 5 6 6 5 4 3 2 3 4 5 6 7 7 6 5 4 3 4 5 6 7 8 
11 10 9 8 7 6 7 8 9 10 10 9 8 7 6 5 6 7 8 9 9 8 7 6 5 4 5 6 7 8 8 7 6 5 4 3 4 5 6 7 7 6 5 4 3 2 3 4 5 6 6 5 4 3 2 1 2 3 4 5 5 4 3 2 1 0 1 2 3 4 6 5 4 3 2 1 2 3 4 5 7 6 5 4 3 2 3 4 5 6 8 7 6 5 4 3 4 5 6 7 
12 11 10 9 8 7 6 7 8 9 11 10 9 8 7 6 5 6 7 8 10 9 8 7 6 5 4 5 6 7 9 8 7 6 5 4 3 4 5 6 8 7 6 5 4 3 2 3 4 5 7 6 5 4 3 2 1 2 3 4 6 5 4 3 2 1 0 1 2 3 7 6 5 4 3 2 1 2 3 4 8 7 6 5 4 3 2 3 4 5 9 8 7 6 5 4 3 4 5 6 
13 12 11 10 9 8 7 6 7 8 12 11 10 9 8 7 6 5 6 7 11 10 9 8 7 6 5 4 5 6 10 9 8 7 6 5 4 3 4 5 9 8 7 6 5 4 3 2 3 4 8 7 6 5 4 3 2 1 2 3 7 6 5 4 3 2 1 0 1 2 8 7 6 5 4 3 2 1 2 3 9 8 7 6 5 4 3 2 3 4 10 9 8 7 6 5 4 3 4 5 
14 13 12 11 10 9 8 7 6 7 13 12 11 10 9 8 7 6 5 6 12 11 10 9 8 7 6 5 4 5 11 10 9 8 7 6 5 4 3 4 10 9 8 7 6 5 4 3 2 3 9 8 7 6 5 4 3 2 1 2 8 7 6 5 4 3 2 1 0 1 9 8 7 6 5 4 3 2 1 2 10 9 8 7 6 5 4 3 2 3 11 10 9 8 7 6 5 4 3 4 
15 14 13 12 11 10 9 8 7 6 14 13 12 11 10 9 8 7 6 5 13 12 11 10 9 8 7 6 5 4 12 11 10 9 8 7 6 5 4 3 11 10 9 8 7 6 5 4 3 2 10 9 8 7 6 5 4 3 2 1 9 8 7 6 5 4 3 2 1 0 10 9 8 7 6 5 4 3 2 1 11 10 9 8 7 6 5 4 3 2 12 11 10 9 8 7 6 5 4 3 
7 8 9 10 11 12 13 14 15 16 6 7 8 9 10 11 12 13 14 15 5 6 7 8 9 10 11 12 13 14 4 5 6 7 8 9 10 11 12 13 3 4 5 6 7 8 9 10 11 12 2 3 4 5 6 7 8 9 10 11 1 2 3 4 5 6 7 8 9 10 0 1 2 3 4 5 6 7 8 9 1 2 3 4 5 6 7 8 9 10 2 3 4 5 6 7 8 9 10 11 
8 7 8 9 10 11 12 13 14 15 7 6 7 8 9 10 11 12 13 14 6 5 6 7 8 9 10 11 12 13 5 4 5 6 7 8 9 10 11 12 4 3 4 5 6 7 8 9 10 11 3 2 3 4 5 6 7 8 9 10 2 1 2 3 4 5 6 7 8 9 1 0 1 2 3 4 5 6 7 8 2 1 2 3 4 5 6 7 8 9 3 2 3 4 5 6 7 8 9 10 
9 8 7 8 9 10 11 12 13 14 8 7 6 7 8 9 10 11 12 13 7 6 5 6 7 8 9 10 11 12 6 5 4 5 6 7 8 9 10 11 5 4 3 4 5 6 7 8 9 10 4 3 2 3 4 5 6 7 8 9 3 2 1 2 3 4 5 6 7 8 2 1 0 1 2 3 4 5 6 7 3 2 1 2 3 4 5 6 7 8 4 3 2 3 4 5 6 7 8 9 
10 9 8 7 8 9 10 11 12 13 9 8 7 6 7 8 9 10 11 12 8 7 6 5 6 7 8 9 10 11 7 6 5 4 5 6 7 8 9 10 6 5 4 3 4 5 6 7 8 9 5 4 3 2 3 4 5 6 7 8 4 3 2 1 2 3 4 5 6 7 3 2 1 0 1 2 3 4 5 6 4 3 2 1 2 3 4 5 6 7 5 4 3 2 3 4 5 6 7 8 
11 10 9 8 7 8 9 10 11 12 10 9 8 7 6 7 8 9 10 11 9 8 7 6 5 6 7 8 9 10 8 7 6 5 4 5 6 7 8 9 7 6 5 4 3 4 5 6 7 8 6 5 4 3 2 3 4 5 6 7 5 4 3 2 1 2 3 4 5 6 4 3 2 1 0 1 2 3 4 5 5 4 3 2 1 2 3 4 5 6 6 5 4 3 2 3 4 5 6 7 
12 11 10 9 8 7 8 9 10 11 11 10 9 8 7 6 7 8 9 10 10 9 8 7 6 5 6 7 8 9 9 8 7 6 5 4 5 6 7 8 8 7 6 5 4 3 4 5 6 7 7 6 5 4 3 2 3 4 5 6 6 5 4 3 2 1 2 3 4 5 5 4 3 2 1 0 1 2 3 4 6 5 4 3 2 1 2 3 4 5 7 6 5 4 3 2 3 4 5 6 
13 12 11 10 9 8 7 8 9 10 12 11 10 9 8 7 6 7 8 9 11 10 9 8 7 6 5 6 7 8 10 9 8 7 6 5 4 5 6 7 9 8 7 6 5 4 3 4 5 6 8 7 6 5 4 3 2 3 4 5 7 6 5 4 3 2 1 2 3 4 6 5 4 3 2 1 0 1 2 3 7 6 5 4 3 2 1 2 3 4 8 7 6 5 4 3 2 3 4 5 
14 13 12 11 10 9 8 7 8 9 13 12 11 10 9 8 7 6 7 8 12 11 10 9 8 7 6 5 6 7 11 10 9 8 7 6 5 4 5 6 10 9 8 7 6 5 4 3 4 5 9 8 7 6 5 4 3 2 3 4 8 7 6 5 4 3 2 1 2 3 7 6 5 4 3 2 1 0 1 2 8 7 6 5 4 3 2 1 2 3 9 8 7 6 5 4 3 2 3 4 
15 14 13 12 11 10 9 8 7 8 14 13 12 11 10 9 8 7 6 7 13 12 11 10 9 8 7 6 5 6 12 11 10 9 8 7 6 5 4 5 11 10 9 8 7 6 5 4 3 4 10 9 8 7 6 5 4 3 2 3 9 8 7 6 5 4 3 2 1 2 8 7 6 5 4 3 2 1 0 1 9 8 7 6 5 4 3 2 1 2 10 9 8 7 6 5 4 3 2 3 
16 15 14 13 12 11 10 9 8 7 15 14 13 12 11 10 9 8 7 6 14 13 12 11 10 9 8 7 6 5 13 12 11 10 9 8 7 6 5 4 12 11 10 9 8 7 6 5 4 3 11 10 9 8 7 6 5 4 3 2 10 9 8 7 6 5 4 3 2 1 9 8 7 6 5 4 3 2 1 0 10 9 8 7 6 5 4 3 2 1 11 10 9 8 7 6 5 4 3 2 
8 9 10 11 12 13 14 15 16 17 7 8 9 10 11 12 13 14 15 16 6 7 8 9 10 11 12 13 14 15 5 6 7 8 9 10 11 12 13 14 4 5 6 7 8 9 10 11 12 13 3 4 5 6 7 8 9 10 11 12 2 3 4 5 6 7 8 9 10 11 1 2 3 4 5 6 7 8 9 10 0 1 2 3 4 5 6 7 8 9 1 2 3 4 5 6 7 8 9 10 
9 8 9 10 11 12 13 14 15 16 8 7 8 9 10 11 12 13 14 15 7 6 7 8 9 10 11 12 13 14 6 5 6 7 8 9 10 11 12 13 5 4 5 6 7 8 9 10 11 12 4 3 4 5 6 7 8 9 10 11 3 2 3 4 5 6 7 8 9 10 2 1 2 3 4 5 6 7 8 9 1 0 1 2 3 4 5 6 7 8 2 1 2 3 4 5 6 7 8 9 
10 9 8 9 10 11 12 13 14 15 9 8 7 8 9 10 11 12 13 14 8 7 6 7 8 9 10 11 12 13 7 6 5 6 7 8 9 10 11 12 6 5 4 5 6 7 8 9 10 11 5 4 3 4 5 6 7 8 9 10 4 3 2 3 4 5 6 7 8 9 3 2 1 2 3 4 5 6 7 8 2 1 0 1 2 3 4 5 6 7 3 2 1 2 3 4 5 6 7 8 
11 10 9 8 9 10 11 12 13 14 10 9 8 7 8 9 10 11 12 13 9 8 7 6 7 8 9 10 11 12 8 7 6 5 6 7 8 9 10 11 7 6 5 4 5 6 7 8 9 10 6 5 4 3 4 5 6 7 8 9 5 4 3 2 3 4 5 6 7 8 4 3 2 1 2 3 4 5 6 7 3 2 1 0 1 2 3 4 5 6 4 3 2 1 2 3 4 5 6 7 
12 11 10 9 8 9 10 11 12 13 11 10 9 8 7 8 9 10 11 12 10 9 8 7 6 7 8 9 10 11 9 8 7 6 5 6 7 8 9 10 8 7 6 5 4 5 6 7 8 9 7 6 5 4 3 4 5 6 7 8 6 5 4 3 2 3 4 5 6 7 5 4 3 2 1 2 3 4 5 6 4 3 2 1 0 1 2 3 4 5 5 4 3 2 1 2 3 4 5 6 
13 12 11 10 9 8 9 10 11 12 12 11 10 9 8 7 8 9 10 11 11 10 9 8 7 6 7 8 9 10 10 9 8 7 6 5 6 7 8 9 9 8 7 6 5 4 5 6 7 8 8 7 6 5 4 3 4 5 6 7 7 6 5 4 3 2 3 4 5 6 6 5 4 3 2 1 2 3 4 5 5 4 3 2 1 0 1 2 3 4 6 5 4 3 2 1 2 3 4 5 
14 13 12 11 10 9 8 9 10 11 13 12 11 10 9 8 7 8 9 10 12 11 10 9 8 7 6 7 8 9 11 10 9 8 7 6 5 6 7 8 10 9 8 7 6 5 4 5 6 7 9 8 7 6 5 4 3 4 5 6 8 7 6 5 4 3 2 3 4 5 7 6 5 4 3 2 1 2 3 4 6 5 4 3 2 1 0 1 2 3 7 6 5 4 3 2 1 2 3 4 
15 14 13 12 11 10 9 8 9 10 14 13 12 11 10 9 8 7 8 9 13 12 11 10 9 8 7 6 7 8 12 11 10 9 8 7 6 5 6 7 11 10 9 8 7 6 5 4 5 6 10 9 8 7 6 5 4 3 4 5 9 8 7 6 5 4 3 2 3 4 8 7 6 5 4 3 2 1 2 3 7 6 5 4 3 2 1 0 1 2 8 7 6 5 4 3 2 1 2 3 
16 15 14 13 12 11 10 9 8 9 15 14 13 12 11 10 9 8 7 8 14 13 12 11 10 9 8 7 6 7 13 12 11 10 9 8 7 6 5 6 12 11 10 9 8 7 6 5 4 5 11 10 9 8 7 6 5 4 3 4 10 9 8 7 6 5 4 3 2 3 9 8 7 6 5 4 3 2 1 2 8 7 6 5 4 3 2 1 0 1 9 8 7 6 5 4 3 2 1 2 
17 16 15 14 13 12 11 10 9 8 16 15 14 13 12 11 10 9 8 7 15 14 13 12 11 10 9 8 7 6 14 13 12 11 10 9 8 7 6 5 13 12 11 10 9 8 7 6 5 4 12 11 10 9 8 7 6 5 4 3 11 10 9 8 7 6 5 4 3 2 10 9 8 7 6 5 4 3 2 1 9 8 7 6 5 4 3 2 1 0 10 9 8 7 6 5 4 3 2 1 
9 10 11 12 13 14 15 16 17 18 8 9 10 11 12 13 14 15 16 17 7 8 9 10 11 12 13 14 15 16 6 7 8 9 10 11 12 13 14 15 5 6 7 8 9 10 11 12 13 14 4 5 6 7 8 9 10 11 12 13 3 4 5 6 7 8 9 10 11 12 2 3 4 5 6 7 8 9 10 11 1 2 3 4 5 6 7 8 9 10 0 1 2 3 4 5 6 7 8 9 
10 9 10 11 12 13 14 15 16 17 9 8 9 10 11 12 13 14 15 16 8 7 8 9 10 11 12 13 14 15 7 6 7 8 9 10 11 12 13 14 6 5 6 7 8 9 10 11 12 13 5 4 5 6 7 8 9 10 11 12 4 3 4 5 6 7 8 9 10 11 3 2 3 4 5 6 7 8 9 10 2 1 2 3 4 5 6 7 8 9 1 0 1 2 3 4 5 6 7 8 
11 10 9 10 11 12 13 14 15 16 10 9 8 9 10 11 12 13 14 15 9 8 7 8 9 10 11 12 13 14 8 7 6 7 8 9 10 11 12 13 7 6 5 6 7 8 9 10 11 12 6 5 4 5 6 7 8 9 10 11 5 4 3 4 5 6 7 8 9 10 4 3 2 3 4 5 6 7 8 9 3 2 1 2 3 4 5 6 7 8 2 1 0 1 2 3 4 5 6 7 
12 11 10 9 10 11 12 13 14 15 11 10 9 8 9 10 11 12 13 14 10 9 8 7 8 9 10 11 12 13 9 8 7 6 7 8 9 10 11 12 8 7 6 5 6 7 8 9 10 11 7 6 5 4 5 6 7 8 9 10 6 5 4 3 4 5 6 7 8 9 5 4 3 2 3 4 5 6 7 8 4 3 2 1 2 3 4 5 6 7 3 2 1 0 1 2 3 4 5 6 
13 12 11 10 9 10 11 12 13 14 12 11 10 9 8 9 10 11 12 13 11 10 9 8 7 8 9 10 11 12 10 9 8 7 6 7 8 9 10 11 9 8 7 6 5 6 7 8 9 10 8 7 6 5 4 5 6 7 8 9 7 6 5 4 3 4 5 6 7 8 6 5 4 3 2 3 4 5 6 7 5 4 3 2 1 2 3 4 5 6 4 3 2 1 0 1 2 3 4 5 
14 13 12 11 10 9 10 11 12 13 13 12 11 10 9 8 9 10 11 12 12 11 10 9 8 7 8 9 10 11 11 10 9 8 7 6 7 8 9 10 10 9 8 7 6 5 6 7 8 9 9 8 7 6 5 4 5 6 7 8 8 7 6 5 4 3 4 5 6 7 7 6 5 4 3 2 3 4 5 6 6 5 4 3 2 1 2 3 4 5 5 4 3 2 1 0 1 2 3 4 
15 14 13 12 11 10 9 10 11 12 14 13 12 11 10 9 8 9 10 11 13 12 11 10 9 8 7 8 9 10 12 11 10 9 8 7 6 7 8 9 11 10 9 8 7 6 5 6 7 8 10 9 8 7 6 5 4 5 6 7 9 8 7 6 5 4 3 4 5 6 8 7 6 5 4 3 2 3 4 5 7 6 5 4 3 2 1 2 3 4 6 5 4 3 2 1 0 1 2 3 
16 15 14 13 12 11 10 9 10 11 15 14 13 12 11 10 9 8 9 10 14 13 12 11 10 9 8 7 8 9 13 12 11 10 9 8 7 6 7 8 12 11 10 9 8 7 6 5 6 7 11 10 9 8 7 6 5 4 5 6 10 9 8 7 6 5 4 3 4 5 9 8 7 6 5 4 3 2 3 4 8 7 6 5 4 3 2 1 2 3 7 6 5 4 3 2 1 0 1 2 
17 16 15 14 13 12 11 10 9 10 16 15 14 13 12 11 10 9 8 9 15 14 13 12 11 10 9 8 7 8 14 13 12 11 10 9 8 7 6 7 13 12 11 10 9 8 7 6 5 6 12 11 10 9 8 7 6 5 4 5 11 10 9 8 7 6 5 4 3 4 10 9 8 7 6 5 4 3 2 3 9 8 7 6 5 4 3 2 1 2 8 7 6 5 4 3 2 1 0 1 
18 17 16 15 14 13 12 11 10 9 17 16 15 14 13 12 11 10 9 8 16 15 14 13 12 11 10 9 8 7 15 14 13 12 11 10 9 8 7 6 14 13 12 11 10 9 8 7 6 5 13 12 11 10 9 8 7 6 5 4 12 11 10 9 8 7 6 5 4 3 11 10 9 8 7 6 5 4 3 2 10 9 8 7 6 5 4 3 2 1 9 8 7 6 5 4 3 2 1 0 
0 6 0 0 0 0 0 0 39 2 0 0 0 0 19 28 48 66 0 94 0 0 0 0 0 1 4 0 80 0 0 39 0 0 0 66 57 37 70 0 0 0 0 0 0 0 0 47 0 0 0 69 0 16 0 0 4 19 5 27 73 42 50 0 0 73 33 0 33 0 77 22 0 0 6 78 0 0 0 24 6 0 0 0 0 0 0 41 71 0 75 0 0 0 0 0 0 0 26 0 
0 0 0 25 47 44 0 0 39 0 0 0 0 0 85 0 0 41 1 0 41 61 22 35 40 0 53 0 78 0 88 0 0 99 0 71 90 0 0 1 0 52 0 2 0 10 0 0 0 0 69 0 0 0 0 0 69 0 7 83 0 0 27 0 0 0 0 0 64 0 0 0 75 0 0 0 0 0 0 0 0 0 91 0 0 0 16 0 0 0 0 0 68 0 0 0 0 0 0 0 
0 66 0 0 0 0 0 0 0 0 0 84 0 0 0 0 36 0 60 0 0 0 0 60 0 21 35 0 70 0 0 86 0 0 0 0 0 64 43 74 0 0 0 0 10 0 86 0 29 0 0 6 56 0 0 89 0 30 28 30 0 0 0 3 0 0 0 18 0 85 77 91 60 0 0 0 74 30 73 95 0 34 0 0 0 14 6 87 0 0 50 0 0 0 0 0 0 8 0 0 
81 39 0 0 0 0 0 0 43 41 96 0 0 0 0 0 0 0 0 0 0 0 0 98 92 0 9 0 0 0 0 10 69 62 0 0 0 52 0 0 0 0 0 0 0 0 0 5 0 0 0 74 0 0 48 0 69 12 0 0 0 2 67 0 0 0 0 0 71 44 90 0 0 98 24 81 0 0 98 4 0 0 75 0 0 0 0 0 0 0 0 0 0 0 0 8 0 95 87 0 
0 0 0 0 0 76 0 0 19 0 0 0 33 0 66 0 0 0 0 0 0 46 97 0 0 0 0 0 0 0 64 0 65 0 0 0 0 0 0 4 0 0 0 0 42 0 0 0 34 99 0 0 0 0 0 83 0 0 0 0 61 0 0 0 1 0 0 60 0 0 0 36 0 0 67 1 92 0 0 0 0 50 0 0 0 22 0 0 73 0 0 4 0 86 0 0 0 0 0 0 
0 13 0 0 12 0 0 0 0 79 53 0 45 0 0 0 0 51 0 58 0 0 0 0 75 0 69 0 0 0 72 0 0 0 0 39 89 0 38 0 16 30 0 0 0 0 0 57 0 84 0 0 0 34 0 75 0 59 0 30 0 0 67 0 44 0 0 13 50 0 55 96 58 0 0 0 31 0 0 0 17 0 0 27 78 36 0 76 0 0 0 1 0 0 46 0 0 0 0 0 
86 92 7 0 0 0 0 0 91 86 28 0 0 0 0 79 0 0 18 58 38 0 78 0 0 0 0 27 25 54 0 15 0 97 0 0 0 87 0 43 0 47 0 0 0 0 0 16 34 0 4 35 0 0 0 0 73 0 0 0 0 0 71 0 34 0 0 42 0 7 4 0 0 1 0 0 0 0 0 0 0 0 0 0 97 0 0 0 0 0 0 44 0 0 0 7 0 0 0 0 
41 2 0 0 0 64 0 0 24 0 60 0 0 0 0 12 0 2 0 0 0 74 0 67 0 0 56 0 0 28 90 0 0 33 0 0 0 0 24 0 0 0 84 0 34 0 0 0 17 31 0 66 45 0 0 84 0 14 0 0 56 0 0 23 0 0 54 67 39 82 29 53 0 0 0 0 0 0 0 0 0 0 0 0 0 46 0 0 0 0 0 49 0 22 51 0 0 0 0 0 
0 0 0 0 36 12 73 90 0 51 0 32 26 0 28 0 0 0 0 0 64 97 0 0 0 11 36 0 92 90 46 5 0 0 58 0 40 0 84 0 0 67 35 34 0 12 0 44 0 0 0 0 0 0 0 0 0 0 0 0 10 0 44 0 7 0 4 0 0 84 0 54 0 0 71 77 0 0 0 84 0 0 0 76 81 29 0 0 0 68 52 0 0 0 44 0 0 0 0 53 
0 0 0 0 7 0 0 0 0 0 0 0 0 46 8 0 0 0 0 54 81 0 0 0 0 0 0 54 62 0 0 62 0 0 1 0 0 0 0 0 0 0 0 0 0 0 0 0 16 0 0 39 0 52 0 0 70 0 0 0 0 42 0 81 0 0 82 0 0 0 0 1 0 0 0 39 0 0 47 0 0 0 55 2 0 0 0 0 35 6 0 0 0 0 0 52 0 97 61 0 
0 44 75 0 0 0 31 43 44 0 0 0 0 9 0 0 0 0 41 0 91 0 0 0 0 0 0 0 0 96 0 28 75 0 81 0 0 0 0 44 0 0 0 0 0 0 5 97 0 62 0 0 3 0 15 96 0 0 0 0 0 31 0 1 25 0 15 0 77 0 66 0 0 45 79 94 0 0 0 0 0 0 0 0 0 73 0 0 0 0 0 17 2 12 30 0 51 0 0 0 
27 0 0 0 59 0 0 0 0 0 0 0 0 0 57 0 0 0 47 0 86 60 0 0 76 32 0 0 2 0 0 0 98 0 40 0 82 99 34 0 0 0 24 0 0 71 1 0 0 15 0 0 0 50 0 0 0 36 0 0 0 0 59 0 0 23 67 0 0 0 0 43 0 11 68 54 0 41 69 18 0 0 24 0 0 0 0 0 6 73 0 67 0 0 0 54 0 0 0 65 
0 0 52 0 0 0 27 0 0 97 41 0 0 0 0 20 81 0 6 0 0 0 0 0 0 0 59 0 16 0 0 0 0 41 44 0 94 96 0 0 58 0 34 9 0 0 0 0 0 0 0 95 0 0 78 40 53 0 88 0 0 60 0 0 73 0 55 0 0 33 71 40 84 0 51 1 0 0 0 0 0 0 0 11 0 0 77 59 97 3 26 82 92 0 0 0 0 0 80 0 
58 0 0 0 0 0 0 0 0 88 0 99 83 0 0 0 7 0 0 0 22 23 91 82 0 0 0 0 0 0 0 0 37 0 0 0 0 45 18 0 0 0 0 0 0 5 0 0 14 0 0 0 0 0 0 0 0 0 38 56 0 0 0 72 0 0 0 0 76 4 0 0 5 0 15 0 31 66 0 25 0 0 55 0 0 0 0 0 0 0 0 26 0 0 0 42 75 0 98 0 
47 76 4 0 0 4 0 14 0 0 0 0 51 75 0 0 0 0 60 0 54 0 0 0 0 0 0 0 0 64 0 62 0 7 0 0 40 0 0 0 22 0 61 0 53 0 0 0 95 0 49 69 0 0 0 5 0 0 0 0 0 0 99 29 49 0 0 84 0 0 0 0 51 0 0 0 0 0 29 72 0 0 32 67 0 89 0 0 53 0 0 71 62 0 0 63 0 19 0 11 
77 0 0 0 64 0 0 84 0 30 68 33 0 0 12 0 0 1 0 0 0 55 0 0 32 0 45 0 0 0 0 42 16 0 27 0 0 10 0 0 89 18 39 0 73 0 97 12 31 0 13 65 0 0 0 80 0 0 6 0 0 88 0 0 0 0 0 54 0 26 71 0 12 0 0 0 0 0 32 0 0 0 0 0 0 0 0 24 0 0 18 0 96 19 0 0 0 0 47 98 
46 74 0 0 0 14 0 0 87 0 0 0 16 0 0 0 0 35 44 0 0 32 0 0 0 0 81 0 0 0 0 0 0 27 69 69 29 0 0 52 0 0 0 0 0 0 42 0 0 0 0 0 0 39 0 0 0 70 0 37 0 66 0 89 42 0 98 0 0 8 0 0 16 0 0 0 93 96 14 0 0 59 0 0 0 0 0 0 0 3 6 0 0 0 22 45 0 60 98 0 
0 0 0 0 0 0 0 0 0 65 0 97 0 41 0 28 0 0 61 0 95 0 32 0 77 0 0 0 0 89 0 0 0 14 80 45 0 9 0 63 0 63 0 0 59 0 0 15 37 18 0 60 85 0 0 0 0 0 0 22 81 91 64 6 0 0 0 0 0 0 65 0 17 0 8 0 0 0 0 0 0 0 97 0 0 0 91 0 0 0 61 0 22 0 13 0 0 25 19 74 
0 0 0 22 0 0 82 0 22 0 0 0 0 54 0 0 12 0 0 85 0 0 0 0 0 19 0 0 0 74 64 0 0 49 71 29 0 0 0 0 0 0 0 0 0 0 0 77 0 0 0 0 0 35 0 70 0 2 0 0 0 0 8 59 36 0 52 0 68 71 0 0 45 0 0 56 21 25 80 0 0 35 0 57 77 0 0 92 0 26 0 42 29 0 0 0 2 60 0 0 
0 0 0 64 0 24 0 0 0 0 0 56 0 0 0 0 1 0 0 0 0 0 0 0 0 0 74 0 51 48 0 0 0 45 59 0 55 0 0 37 0 0 0 0 0 50 0 40 0 0 0 64 21 72 40 67 0 0 67 0 7 87 67 0 0 0 23 0 0 76 0 0 0 0 0 0 0 0 0 28 0 0 40 0 0 0 43 0 60 2 0 0 0 0 0 0 0 0 0 0 
0 91 70 46 0 0 0 0 41 9 0 43 0 0 9 0 46 0 0 0 0 89 0 0 0 75 0 0 80 0 0 0 0 0 79 0 0 0 0 29 0 0 85 57 89 0 0 0 0 18 68 58 0 0 0 0 0 0 11 0 0 0 0 0 0 18 0 0 65 0 0 25 0 0 23 24 0 0 0 0 94 0 0 0 82 0 46 0 0 0 40 97 0 0 0 31 71 0 86 0 
41 0 83 0 75 0 23 0 65 0 85 0 51 0 6 0 0 0 0 64 0 0 62 0 0 0 0 19 0 0 40 0 93 0 0 0 0 0 88 0 0 0 0 0 0 0 0 0 56 77 0 0 0 0 76 0 31 0 0 0 52 47 85 0 64 36 2 0 0 0 0 0 0 12 7 0 0 33 0 0 0 50 50 0 0 31 62 66 0 0 73 76 0 0 55 0 0 0 0 0 
0 0 0 70 0 0 0 0 0 0 98 7 80 25 76 0 14 0 0 0 0 0 0 0 0 0 0 76 58 0 74 0 1 0 0 53 0 0 0 31 0 0 0 70 0 0 9 45 68 14 81 32 71 0 97 0 0 79 59 0 1 60 0 77 0 0 0 0 15 0 0 0 95 0 89 47 0 0 0 0 0 0 0 0 94 0 0 32 0 0 78 0 0 3 0 0 0 64 25 0 
0 0 0 0 13 0 0 0 0 0 0 0 77 0 0 0 0 0 14 0 0 80 0 0 0 49 0 82 5 77 0 25 70 27 0 0 0 40 0 0 0 0 37 0 0 0 0 0 78 48 0 77 0 0 0 0 0 0 52 0 35 0 54 0 0 0 5 48 0 0 17 67 0 0 0 0 0 14 51 0 0 0 5 0 0 0 0 0 0 0 0 81 0 0 0 85 0 0 0 0 
96 50 95 0 33 0 0 56 16 65 73 0 21 0 85 0 0 0 0 0 0 84 8 0 0 0 0 0 84 0 0 0 15 3 0 0 47 0 0 0 37 0 16 86 0 0 0 12 33 29 0 0 0 33 0 0 0 97 0 0 25 77 0 80 55 0 56 0 65 0 0 0 0 0 0 0 0 99 27 0 0 0 0 43 0 32 52 69 0 0 0 0 62 19 0 0 30 0 0 0 
0 1 0 0 0 0 0 62 67 0 0 0 86 0 10 0 0 76 0 2 0 27 11 0 0 0 0 0 35 87 0 0 0 0 82 0 59 0 0 3 0 85 0 90 86 91 0 0 0 0 0 0 15 0 0 71 0 0 0 0 1 0 0 0 0 0 30 0 18 0 90 0 0 0 0 0 0 0 33 0 65 0 0 0 0 0 0 47 93 42 92 0 0 0 6 0 0 78 86 0 
75 0 83 0 39 0 5 0 30 0 0 23 0 0 0 0 0 0 0 23 49 91 0 0 0 0 0 0 15 0 57 0 0 34 0 0 63 93 0 27 0 0 0 55 0 0 0 0 0 64 0 0 0 0 0 17 0 69 0 14 0 90 0 62 76 37 0 48 0 0 0 67 0 0 0 0 0 0 0 8 53 43 0 0 0 9 6 0 0 50 0 0 0 7 0 86 0 59 0 0 
77 73 0 19 11 0 0 0 0 84 0 0 96 0 0 0 0 58 68 0 0 0 0 0 53 83 88 0 0 0 0 56 0 25 11 56 0 46 0 77 0 29 0 0 0 0 0 0 0 0 0 0 0 0 64 63 0 0 0 32 0 0 0 0 67 95 68 55 0 31 0 0 35 0 99 0 55 0 8 0 0 68 34 0 0 0 51 35 0 0 0 0 68 30 0 0 0 0 0 0 
0 0 0 0 0 34 40 85 53 60 23 0 0 1 0 0 0 1 0 17 1 50 0 0 0 0 42 68 0 0 0 15 0 12 10 0 0 0 0 0 0 0 87 0 0 0 0 59 0 59 21 0 0 55 0 0 7 0 60 0 0 9 50 0 46 0 0 39 0 33 0 0 0 49 0 0 59 0 20 0 0 0 0 37 0 0 0 0 39 6 0 0 0 0 56 72 0 67 0 0 
0 5 0 86 0 14 0 0 0 0 67 84 48 0 0 0 97 0 0 85 0 27 0 38 83 78 84 0 0 0 67 0 0 0 1 47 0 0 0 0 0 0 18 0 0 0 1 40 0 86 0 0 0 0 70 0 0 0 80 13 63 0 0 0 0 69 0 0 0 36 0 0 28 0 0 0 0 0 0 0 0 0 0 0 0 0 0 0 0 0 42 0 0 0 0 0 0 0 66 92 
0 41 0 0 11 0 0 0 0 0 0 0 0 0 0 0 0 0 0 52 0 0 29 0 0 0 0 0 0 63 0 0 0 0 0 0 0 50 0 0 86 0 0 32 99 0 0 35 0 20 0 0 23 0 58 0 58 0 0 19 44 0 38 21 0 0 73 0 61 0 0 0 0 0 1 79 0 0 0 0 70 0 16 0 0 0 0 0 0 69 0 0 0 0 0 0 87 0 0 0 
0 78 0 0 75 97 0 74 84 0 0 0 0 0 0 90 0 0 0 0 0 0 0 0 86 0 0 0 96 2 0 0 20 0 0 0 32 0 0 0 0 0 0 0 0 0 0 0 15 0 0 0 0 73 0 0 15 31 0 0 0 47 86 14 12 95 10 0 0 0 0 0 0 52 0 0 16 0 0 0 0 39 0 54 32 0 0 0 0 69 0 0 0 0 0 49 62 0 0 0 
0 0 76 73 0 98 0 0 0 0 0 66 0 96 0 22 0 0 0 47 0 0 24 0 0 0 0 0 0 0 34 0 0 0 0 25 0 0 0 0 0 0 0 0 0 30 53 96 0 0 0 0 0 50 7 0 59 0 0 85 8 0 0 0 10 0 34 0 0 0 19 0 0 0 21 85 59 0 0 0 0 0 0 81 65 0 0 0 23 65 78 0 68 0 0 0 0 0 0 0 
8 62 0 63 0 44 0 0 96 0 0 37 33 0 0 46 0 9 0 72 0 0 0 0 83 0 0 1 0 0 0 69 0 0 0 0 0 54 75 0 0 0 0 5 0 0 90 0 0 0 0 0 37 0 0 0 0 0 0 0 0 28 30 0 32 0 51 0 68 0 33 0 0 0 26 0 0 0 0 0 0 0 0 0 0 5 0 0 33 44 0 76 0 0 0 0 4 0 22 0 
79 0 0 0 0 30 0 0 0 0 9 90 70 0 0 59 0 0 0 0 96 0 0 0 0 39 0 0 0 87 86 42 29 0 0 0 0 0 0 0 91 0 0 0 81 0 15 0 0 58 25 13 0 57 0 0 0 0 0 0 0 0 0 0 1 0 85 65 0 0 89 37 0 0 80 0 0 0 0 92 0 0 0 56 81 71 45 0 0 28 41 65 0 0 0 82 58 0 60 6 
21 1 0 0 0 0 0 0 0 0 98 40 0 0 0 0 0 0 69 50 0 0 0 0 0 28 1 0 79 87 0 68 0 21 20 0 40 5 0 0 0 0 0 16 0 0 0 95 0 83 77 0 28 0 0 0 0 32 0 80 0 80 0 0 0 0 0 0 5 89 0 0 50 34 81 0 85 0 0 0 57 14 63 23 59 97 0 0 0 76 10 0 0 92 0 0 97 0 0 0 
0 0 0 0 77 0 0 0 94 0 0 0 0 0 68 0 67 76 0 0 0 0 0 19 0 0 0 64 0 0 0 0 0 0 0 53 0 0 0 16 32 0 0 56 32 0 0 22 0 0 0 0 6 0 0 0 68 0 24 0 0 41 0 18 0 0 0 0 80 0 44 0 70 0 0 59 43 31 0 6 86 0 49 0 0 58 0 0 0 0 64 0 0 0 0 0 87 0 0 0 
30 75 0 0 0 41 0 53 83 0 0 88 0 0 0 17 0 0 0 0 0 0 2 60 0 0 0 0 43 77 0 14 0 93 0 0 0 0 39 0 0 0 50 86 81 0 0 0 57 0 89 0 0 31 0 0 0 0 94 23 0 70 0 0 0 0 0 0 0 0 0 35 47 0 0 94 0 0 0 0 0 0 0 0 55 0 0 0 0 0 13 0 0 3 0 0 0 0 90 0 
0 16 0 0 7 0 65 0 0 0 0 0 0 0 38 83 15 0 0 36 0 0 0 0 0 0 0 0 0 0 0 85 0 76 38 19 0 25 0 59 0 0 0 0 0 0 0 0 0 0 21 0 53 0 0 3 68 0 0 0 83 0 56 0 0 0 0 13 0 35 62 0 17 0 0 0 0 0 50 0 0 0 0 0 0 0 0 0 0 69 14 92 14 0 75 0 0 68 0 0 
0 0 83 0 0 0 0 0 85 0 0 0 29 0 0 10 0 0 15 0 0 22 86 0 0 0 19 0 25 0 0 0 0 54 0 0 0 0 68 0 0 0 59 74 0 0 39 90 0 0 0 94 0 0 0 0 0 0 0 0 0 0 0 0 0 0 15 0 0 0 0 0 0 0 20 0 0 0 28 92 0 0 0 0 0 0 57 0 0 0 0 0 60 0 0 0 31 0 0 0 
0 59 64 0 0 0 0 0 0 0 0 0 5 0 0 0 80 0 80 69 54 0 83 0 0 0 0 0 0 0 0 0 0 0 0 60 0 0 40 35 0 9 73 80 0 69 0 0 0 29 0 0 0 12 67 56 0 0 84 74 0 0 89 23 89 0 0 80 0 0 0 94 85 0 0 10 0 0 0 65 96 43 0 42 0 0 0 63 18 0 0 0 35 25 31 28 0 0 0 58 
0 0 0 0 0 0 55 60 0 0 0 0 0 60 0 11 0 0 0 0 1 0 0 49 0 0 0 0 0 0 0 7 0 0 0 0 19 0 0 0 74 0 48 70 0 25 0 46 7 0 30 0 0 0 0 95 0 0 10 0 0 0 99 0 65 0 12 0 0 76 37 0 22 0 0 0 0 0 0 0 0 0 0 0 0 0 51 0 0 0 0 0 66 0 42 0 0 20 0 0 
0 0 58 0 22 87 0 1 0 0 0 10 0 0 0 0 0 51 17 39 52 0 0 60 0 67 80 0 0 81 75 0 0 64 0 0 0 0 0 12 0 0 0 29 0 0 0 0 0 0 0 0 0 0 47 0 78 0 0 90 0 47 0 0 0 0 79 0 0 0 0 0 8 0 0 98 0 57 0 92 48 0 98 64 0 9 82 88 0 53 22 69 18 0 0 40 0 0 0 0 
0 80 0 70 1 20 0 0 0 70 0 0 0 0 86 0 0 65 0 0 0 0 0 0 0 0 0 68 0 0 4 0 0 16 37 0 0 0 0 55 2 0 0 0 95 0 0 0 0 32 0 5 34 0 0 10 39 62 0 0 0 50 0 0 0 0 0 46 0 0 0 78 0 68 0 0 24 0 1 0 0 0 2 59 0 0 0 40 0 98 0 0 0 62 76 26 0 0 98 0 
0 0 0 28 0 0 0 0 73 0 0 75 68 0 0 22 63 0 60 95 0 48 0 0 0 80 52 0 79 48 14 76 74 0 0 0 58 66 50 0 0 64 31 0 0 0 0 0 30 0 0 0 0 0 89 0 0 0 59 0 0 0 56 92 0 94 0 9 0 0 0 83 35 78 0 0 47 0 0 42 81 0 7 0 30 39 0 35 0 26 0 3 0 0 69 0 25 96 31 0 
0 0 0 0 0 79 0 0 0 20 0 0 0 0 0 0 0 18 0 0 0 40 54 0 0 0 0 0 0 0 0 0 0 0 0 0 0 70 0 0 25 0 0 0 0 0 0 0 0 0 0 32 0 0 45 0 0 0 0 0 0 0 0 22 28 0 97 12 0 0 13 32 0 63 49 0 0 0 38 0 0 0 0 0 7 8 0 0 0 4 0 0 32 82 14 29 5 0 0 0 
0 0 0 59 34 0 0 0 0 29 83 0 0 66 0 0 0 79 0 0 0 0 0 15 0 66 0 68 23 0 0 0 0 40 52 37 0 0 0 0 0 0 0 91 0 0 0 0 0 0 0 0 79 0 0 49 0 0 0 0 0 8 89 19 71 0 78 0 0 0 4 0 0 0 25 0 0 0 0 0 31 57 0 0 0 0 0 85 0 0 0 0 0 0 0 0 0 0 0 89 
60 0 0 73 0 45 0 0 86 79 92 84 6 0 73 92 0 27 45 0 0 0 0 62 0 70 0 0 0 35 61 39 0 0 94 0 0 0 0 10 0 72 0 33 2 0 0 0 51 8 45 86 87 0 0 0 59 0 0 0 29 0 0 27 77 31 0 0 0 0 0 0 0 0 99 16 0 0 0 0 29 0 0 0 0 42 0 0 0 0 0 19 0 0 0 0 80 15 0 53 
10 59 24 39 0 0 7 0 29 0 5 5 74 0 0 0 48 0 0 0 0 0 77 0 0 0 0 0 0 71 99 0 1 16 0 28 0 0 88 50 0 0 0 1 0 89 39 0 0 0 20 53 0 96 97 0 88 94 0 41 18 1 93 0 0 0 0 0 60 0 0 0 0 37 0 0 0 12 0 88 0 0 53 0 88 0 0 0 61 0 0 0 0 10 0 0 85 3 0 0 
0 5 0 83 0 80 0 0 0 0 0 0 0 0 0 72 0 28 34 0 0 69 39 0 82 0 0 4 68 0 0 0 0 20 1 0 99 0 0 0 0 0 0 81 0 0 0 0 0 0 0 45 0 0 8 60 75 0 0 8 0 0 0 0 88 0 8 0 35 85 75 0 74 0 37 0 99 0 0 55 0 0 2 0 0 0 0 58 42 58 0 0 0 66 0 61 81 0 0 0 
0 0 0 0 0 0 57 0 0 0 0 13 76 0 10 0 27 0 0 0 88 0 31 0 0 0 0 0 64 0 0 0 0 0 0 40 0 0 0 75 0 59 0 96 0 0 0 95 24 29 0 0 0 83 11 30 0 0 0 98 92 72 88 0 0 0 0 0 0 0 29 49 0 0 0 0 56 63 29 0 88 46 95 0 0 86 22 93 0 0 64 36 17 17 0 81 0 0 74 0 
86 0 0 0 0 0 0 0 0 0 0 25 0 0 44 12 0 0 67 98 81 0 30 0 0 0 0 0 0 0 0 0 63 18 0 28 0 0 14 0 0 0 0 0 0 0 0 0 0 76 0 0 0 0 98 0 50 0 0 0 42 15 0 0 81 71 0 13 0 74 0 0 38 0 67 4 0 0 49 0 0 54 49 0 7 0 85 0 84 0 0 0 0 0 0 35 65 24 0 0 
72 0 0 24 0 0 39 0 0 0 0 40 54 0 27 6 0 0 0 0 0 10 0 63 0 0 0 55 0 0 39 0 0 0 0 0 25 0 0 90 51 0 0 34 0 0 0 0 53 28 0 0 0 69 0 0 0 0 71 80 0 0 0 28 0 35 0 0 0 0 0 0 0 0 0 0 0 0 0 0 0 0 0 0 0 0 19 14 0 0 0 0 0 62 48 0 0 50 0 40 
2 0 90 0 0 0 0 0 9 25 0 0 0 0 0 0 0 0 0 22 0 32 36 25 0 15 0 0 0 0 0 0 0 0 74 58 84 0 0 0 33 18 0 12 0 0 86 0 0 7 39 0 0 0 56 61 94 0 0 77 0 0 0 42 0 0 0 83 0 0 0 65 0 55 0 67 71 0 45 0 0 0 0 0 0 0 0 0 5 16 13 21 69 0 99 0 0 21 95 40 
0 0 0 0 0 0 0 0 1 0 0 47 0 37 0 97 0 0 0 0 0 0 20 63 0 0 0 0 0 96 0 0 0 0 0 0 0 22 0 41 0 0 86 0 32 19 0 0 54 0 0 68 0 0 0 38 8 0 0 0 0 55 0 0 71 0 0 0 0 84 0 0 0 0 0 0 0 80 17 75 0 0 10 55 57 0 85 0 58 0 0 0 66 83 0 24 94 0 0 0 
1 58 0 25 0 18 20 0 0 44 33 63 0 0 82 0 0 0 0 0 0 0 50 0 0 63 0 0 85 0 79 27 0 0 53 82 0 23 94 0 27 41 0 13 44 33 0 68 78 0 0 0 39 0 0 0 0 0 0 30 73 0 0 0 0 0 0 0 0 0 0 0 0 0 0 0 23 0 0 84 0 37 0 0 0 0 0 0 0 0 0 0 0 84 0 0 0 0 0 0 
0 0 89 42 0 0 0 50 0 93 62 63 0 0 0 58 0 0 0 37 22 82 88 27 57 22 0 52 0 0 0 0 9 0 3 53 7 0 85 0 0 99 0 0 0 13 0 53 0 0 71 0 0 1 97 0 0 0 65 67 0 0 0 0 0 0 0 38 0 0 47 80 35 0 0 5 0 0 0 0 0 0 0 0 61 0 43 0 0 0 20 0 0 0 52 77 73 0 0 0 
0 0 0 89 0 0 36 0 35 0 0 0 0 0 0 0 82 13 61 0 0 0 0 0 0 0 72 87 43 56 0 6 0 0 0 0 67 0 78 0 0 3 26 33 0 0 0 0 0 0 0 0 0 0 4 0 72 0 21 27 0 0 0 0 0 64 0 0 0 0 0 70 0 0 0 0 0 82 55 0 18 0 74 0 0 0 0 0 14 44 0 0 0 0 0 0 0 0 0 75 
0 0 30 0 78 19 0 95 0 0 0 90 0 84 0 12 0 0 5 0 0 0 0 0 0 0 64 42 0 0 0 60 0 0 94 90 3 0 22 88 0 0 82 41 28 0 0 1 0 63 0 0 0 0 0 6 0 0 0 0 10 77 82 8 0 0 0 0 31 0 0 28 0 0 0 0 0 0 66 24 0 0 0 0 74 0 37 0 79 0 0 0 0 0 0 17 28 0 0 31 
0 0 0 0 71 39 0 1 63 0 67 43 0 16 0 0 0 0 79 0 0 35 0 24 0 0 0 0 0 0 0 47 0 10 0 0 0 0 0 0 66 30 0 0 29 0 25 0 0 85 0 0 0 0 0 0 0 29 33 0 0 0 56 16 0 0 0 0 0 30 0 77 47 0 0 18 29 0 0 0 37 49 0 0 33 0 0 0 55 18 46 66 0 0 0 0 0 29 0 0 
0 0 64 0 0 0 0 0 0 88 3 69 0 0 81 10 39 0 0 3 99 0 28 0 0 0 0 77 0 0 0 0 0 0 72 17 0 0 93 0 0 0 0 91 0 0 0 0 27 0 0 97 0 92 0 13 90 0 0 95 0 37 0 0 24 0 0 8 0 0 52 66 0 0 49 0 0 16 4 0 22 0 0 0 0 1 0 0 0 0 38 68 0 14 0 0 0 4 0 87 
0 0 0 0 0 77 0 0 33 0 0 62 0 0 0 32 50 0 0 0 10 0 0 0 10 0 87 0 0 0 68 0 0 0 0 0 0 58 77 0 19 48 0 0 0 1 0 26 62 0 0 55 0 0 0 37 0 0 30 0 0 0 0 58 15 16 0 0 0 0 0 46 0 81 81 47 0 24 0 0 0 0 0 0 58 0 0 0 0 71 0 70 0 43 77 32 71 0 0 37 
39 0 63 0 0 0 0 0 0 0 0 0 0 0 93 1 96 0 0 89 0 0 36 0 97 0 0 10 58 0 0 0 0 1 91 0 46 0 0 74 12 0 45 0 48 0 82 0 0 96 10 57 0 60 0 0 0 96 0 0 58 0 0 0 0 69 0 0 0 17 0 0 0 0 0 0 75 0 0 0 0 0 0 0 69 85 0 0 88 49 0 0 20 0 66 0 91 0 40 0 
0 0 0 0 0 28 0 0 0 80 0 0 0 0 0 0 0 0 0 70 0 93 66 0 0 0 0 0 46 59 0 0 83 0 30 0 0 0 0 0 72 74 0 91 0 68 0 0 37 0 0 35 1 0 0 0 0 0 0 0 0 0 24 0 0 28 0 0 0 0 79 98 14 0 0 0 0 2 0 0 0 34 0 0 0 0 0 52 56 38 0 0 76 0 0 28 39 28 0 0 
0 30 0 30 0 23 0 0 0 0 82 19 0 70 0 0 0 99 84 0 0 0 0 0 0 0 88 0 56 30 39 0 0 0 0 0 0 0 57 0 56 0 83 0 0 0 0 0 0 0 0 0 0 0 62 0 0 29 14 25 8 0 0 0 0 82 0 0 67 0 87 0 0 0 28 97 91 8 0 0 0 0 0 0 60 0 47 61 5 0 97 66 38 41 16 0 0 0 0 0 
0 0 41 94 0 16 0 0 0 0 0 0 0 0 0 25 0 0 0 61 17 0 83 92 52 0 0 0 66 0 31 89 0 0 0 7 0 0 0 0 0 0 0 0 0 0 0 31 0 99 0 0 1 6 0 62 0 0 95 96 0 0 0 0 3 0 0 88 0 0 0 0 0 83 58 0 0 0 94 0 0 0 94 60 91 0 0 0 0 9 58 0 25 0 71 0 0 59 0 0 
0 0 0 0 55 0 0 39 0 11 0 49 0 0 0 0 0 0 89 0 0 0 0 87 0 0 0 42 46 0 0 0 0 0 0 0 0 0 49 0 0 0 0 0 42 0 87 0 0 0 48 0 0 0 0 0 0 0 0 35 61 0 0 15 31 94 0 0 0 22 99 68 0 82 85 0 39 0 0 86 0 0 67 80 0 0 0 0 75 0 19 95 0 0 0 0 41 0 0 21 
0 0 52 0 0 69 0 0 0 0 0 41 0 0 86 95 0 0 0 0 19 0 60 0 2 38 0 0 13 0 0 0 19 0 0 0 68 0 0 0 2 50 0 32 0 0 12 0 0 0 0 0 0 4 85 28 67 0 12 0 0 0 0 0 64 0 0 0 0 0 0 0 0 0 0 0 80 55 0 0 0 25 20 0 77 6 67 0 0 0 49 86 0 86 83 98 0 0 0 0 
0 0 0 0 8 0 93 0 0 12 78 0 23 45 0 0 0 0 0 6 0 0 0 0 0 0 0 0 77 0 0 80 47 48 0 0 76 99 6 0 0 0 0 94 0 0 29 22 0 0 63 0 73 0 0 98 0 0 78 81 0 0 0 0 76 0 68 51 0 85 0 0 0 0 0 0 0 0 0 0 6 0 0 0 0 0 0 6 17 0 1 0 0 46 0 0 0 0 0 0 
0 0 96 0 0 0 1 80 0 0 23 76 72 0 0 52 0 0 0 14 0 0 63 0 68 0 0 41 58 0 0 0 0 0 28 0 81 0 0 0 0 0 0 0 40 0 0 0 0 34 0 0 0 0 0 0 0 0 0 0 0 0 0 0 0 0 0 0 63 0 0 0 0 0 10 0 75 0 0 0 0 0 83 0 52 0 63 0 11 0 0 0 0 0 0 29 58 0 91 85 
0 41 79 42 0 0 0 86 0 0 0 0 67 51 0 0 81 0 0 0 0 45 0 0 0 0 45 0 0 0 0 0 90 0 0 0 0 0 0 0 0 0 0 3 51 0 13 0 0 0 0 0 0 76 0 56 80 67 59 0 0 0 0 11 0 37 58 0 0 31 0 0 0 0 0 93 0 0 0 0 96 21 0 43 0 0 15 0 22 0 0 0 0 0 0 77 0 0 0 2 
0 0 37 0 0 0 0 28 61 90 0 80 0 0 0 0 53 0 99 60 56 88 32 14 0 2 42 62 0 0 61 0 0 0 74 82 0 0 0 0 38 97 72 0 0 0 0 0 0 23 0 0 0 43 0 60 0 35 0 98 67 0 71 0 0 0 0 8 0 0 0 0 0 0 0 9 23 0 35 0 0 0 0 0 0 2 90 0 34 0 0 91 0 0 0 0 66 85 68 75 
94 0 13 18 46 0 0 0 0 0 0 0 90 71 27 36 0 24 0 16 0 0 0 35 88 30 0 0 0 43 0 0 0 0 0 0 0 0 0 14 9 33 0 0 0 0 0 0 93 0 0 0 0 0 0 0 0 86 0 0 48 58 16 0 0 0 0 80 0 0 0 0 0 0 51 0 0 0 11 0 0 17 0 0 0 0 0 0 0 8 0 0 0 42 0 0 0 26 0 98 
40 0 34 0 48 0 0 0 0 3 0 0 0 65 0 0 0 0 0 70 31 0 0 0 89 0 0 0 71 57 0 0 0 0 22 85 78 4 0 0 0 44 0 15 0 0 0 0 0 0 0 70 0 98 0 86 0 3 76 53 66 0 0 0 0 79 0 0 94 0 0 0 0 0 3 0 0 4 0 21 0 49 97 0 0 0 0 0 60 77 35 0 66 0 0 0 0 44 0 65 
0 0 95 0 0 0 12 83 47 0 0 0 0 0 0 69 0 0 23 0 1 7 0 0 0 0 0 30 33 0 0 31 0 19 0 0 17 0 61 0 55 26 61 0 0 0 0 0 36 0 0 49 0 0 79 55 0 74 0 0 46 0 61 0 0 0 0 0 62 0 0 0 0 60 0 0 5 40 28 0 0 0 0 0 34 0 0 0 0 0 0 0 0 0 43 0 0 0 0 0 
0 0 0 0 12 52 0 0 48 0 0 0 0 95 0 35 86 0 0 0 0 71 25 0 14 0 75 0 0 20 49 50 81 0 0 96 52 7 0 0 41 96 0 0 91 0 0 0 0 0 0 0 27 0 0 44 0 0 0 0 0 0 0 0 0 31 0 64 0 84 0 0 0 0 0 0 0 38 36 0 4 0 0 0 0 0 0 0 0 0 0 0 0 0 0 0 84 0 0 0 
0 0 0 31 0 0 57 0 0 22 13 0 0 3 61 13 0 0 71 0 0 55 22 32 66 0 75 75 37 90 91 0 99 5 50 0 0 95 85 99 0 0 3 0 0 4 54 74 0 0 0 0 0 0 42 0 78 0 0 0 0 0 0 0 0 0 0 0 3 64 0 0 0 0 18 25 0 0 73 0 0 0 0 0 61 0 0 0 0 0 0 25 0 0 0 0 0 0 50 0 
51 85 48 40 0 4 77 0 0 0 0 0 0 95 0 18 0 0 0 0 69 0 0 94 0 0 0 0 0 0 0 9 0 0 0 0 11 0 0 0 12 0 0 47 0 47 0 97 0 0 13 0 0 0 0 0 0 0 0 0 30 0 0 44 6 47 0 0 0 0 0 0 0 0 0 31 0 0 0 0 0 0 0 61 0 0 0 12 0 0 0 0 0 0 64 0 0 0 0 0 
0 88 0 0 77 95 0 50 0 0 0 0 96 0 14 0 0 89 0 0 0 0 1 43 91 0 0 0 0 52 0 38 0 41 0 31 80 0 31 0 0 0 84 61 80 54 36 82 38 0 1 69 67 38 79 6 0 0 6 0 0 0 0 0 0 0 28 0 0 0 73 3 89 0 0 0 0 0 0 0 11 0 70 0 0 0 0 24 60 0 0 87 74 12 27 0 0 1 85 0 
91 0 0 4 0 0 5 0 0 0 68 0 0 57 0 0 0 0 98 6 0 0 0 0 0 77 64 1 0 0 7 0 54 0 0 98 16 0 0 0 58 73 0 10 0 0 38 24 0 55 78 0 0 0 58 0 0 0 0 0 0 11 0 12 54 27 82 0 64 0 0 0 0 0 0 26 67 0 0 0 0 74 15 0 69 0 14 0 0 0 0 15 0 0 30 0 0 0 80 0 
0 89 0 0 0 12 66 0 82 0 0 0 0 70 0 7 0 0 0 43 0 0 0 0 77 76 30 0 0 0 88 0 0 0 82 55 67 0 13 0 0 37 0 0 0 0 78 0 0 2 41 0 49 0 0 0 16 0 58 75 98 48 0 0 12 0 0 83 0 0 73 88 0 0 0 0 0 0 60 0 0 0 0 16 0 75 0 0 8 0 34 0 2 0 17 0 0 96 0 9 
0 0 43 0 0 0 0 0 0 0 97 0 35 75 0 0 0 28 0 0 0 0 0 0 83 0 0 0 0 20 0 39 0 0 0 0 0 0 0 0 0 0 94 79 0 0 0 62 0 0 37 0 95 59 80 0 98 0 13 53 0 79 0 16 84 0 47 0 0 0 96 0 32 0 0 0 0 0 0 0 54 0 2 0 95 84 58 0 23 0 0 0 41 85 19 0 9 0 0 0 
58 0 33 0 0 0 0 0 0 0 78 93 81 60 95 0 88 25 65 0 39 0 67 0 55 0 0 0 0 0 0 62 0 0 0 5 16 0 0 0 0 0 0 2 0 0 0 0 37 83 73 0 96 0 2 0 0 0 0 0 0 60 58 0 91 0 20 55 83 0 0 0 0 0 95 79 11 0 0 12 44 0 0 0 35 0 0 0 0 35 3 0 0 41 0 58 6 0 0 0 
0 0 0 30 0 0 0 58 0 0 0 0 93 0 0 0 0 0 0 20 12 12 2 0 0 0 32 0 0 0 0 75 0 82 8 0 0 1 70 0 86 0 44 0 0 78 0 0 92 0 0 0 84 52 0 50 0 0 6 69 0 0 0 0 92 0 39 0 0 0 78 0 0 51 0 0 77 0 0 73 21 64 0 0 0 77 0 0 0 32 0 0 25 0 0 0 90 0 98 0 
0 7 0 0 46 0 0 0 0 0 0 41 0 26 0 0 22 0 0 0 15 2 24 0 34 98 20 0 0 11 0 27 93 35 0 0 0 9 61 0 0 0 0 0 0 0 70 0 99 99 0 0 0 0 0 0 19 0 73 88 0 0 72 88 0 0 0 12 0 0 67 86 0 0 0 88 0 0 34 48 90 0 0 0 0 0 64 0 0 0 39 39 0 0 1 85 0 0 0 0 
0 0 94 0 0 70 0 0 0 0 0 23 62 0 0 0 0 85 0 18 0 46 0 91 0 76 77 0 0 0 0 84 0 0 27 0 0 0 0 0 0 0 0 11 0 0 88 10 0 0 88 81 0 0 0 0 0 0 12 44 0 0 84 0 52 71 0 26 0 0 49 0 48 0 97 0 0 0 2 0 0 0 0 0 0 0 78 0 0 43 0 0 0 0 0 0 36 0 0 0 
62 51 0 81 0 0 0 0 0 0 2 0 2 17 70 0 90 0 30 0 0 0 97 0 98 0 94 83 40 16 58 0 17 0 61 49 0 0 58 0 60 46 0 53 59 0 0 0 11 64 0 0 0 0 0 0 0 1 85 0 0 0 95 0 0 9 80 70 93 47 0 89 0 0 0 34 42 0 46 58 0 99 0 0 0 0 0 0 9 0 0 0 0 0 0 93 0 0 0 0 
72 0 0 93 29 0 0 92 0 0 0 86 0 19 0 0 0 0 0 0 0 0 0 93 0 52 0 26 0 0 15 35 0 0 66 66 73 0 0 53 98 0 4 0 0 0 0 0 0 84 0 0 0 0 0 0 5 0 0 0 82 0 22 0 13 0 0 0 0 0 82 51 0 0 85 0 0 80 0 94 0 0 0 0 4 87 0 0 89 0 0 0 0 0 22 0 69 0 0 0 
0 0 0 0 24 0 0 0 0 0 0 0 8 0 39 77 0 0 0 0 0 0 0 0 6 24 76 28 68 0 0 0 99 0 28 2 0 0 49 0 11 15 0 0 0 83 34 0 57 0 0 0 0 0 0 70 0 0 14 94 0 94 0 0 45 0 60 0 0 35 94 0 0 0 10 0 7 0 0 57 0 0 0 0 0 35 0 0 0 0 0 0 96 53 91 0 0 0 0 44 
53 89 35 0 0 37 0 0 8 0 87 0 0 13 0 56 4 0 37 6 0 0 0 0 0 14 26 60 13 62 46 0 49 0 96 0 0 0 0 63 7 82 25 0 0 0 35 13 0 0 52 12 64 97 0 7 0 96 80 0 59 94 32 88 0 5 0 0 15 25 0 75 0 88 0 0 86 0 24 0 94 0 0 0 0 16 0 42 7 0 78 24 0 42 0 0 87 0 66 0 
0 89 0 61 93 1 0 0 0 88 0 0 95 0 31 36 38 0 0 0 0 73 0 0 0 20 0 0 30 0 0 0 0 92 0 0 0 87 0 8 45 0 0 16 18 0 75 0 0 71 31 0 0 0 84 0 0 0 59 0 42 0 49 92 63 6 81 0 0 0 0 0 0 0 0 49 0 0 12 0 1 0 0 0 5 0 29 86 0 0 0 0 0 1 0 0 0 18 0 0 
0 0 0 0 0 0 0 0 0 0 0 0 0 0 0 0 69 0 38 87 0 0 0 92 72 19 0 0 0 0 0 31 1 0 0 85 92 0 0 0 0 0 0 35 0 3 0 0 27 53 70 0 0 0 24 29 0 0 94 0 0 0 0 95 0 0 0 45 0 0 0 9 0 26 18 0 0 0 0 0 0 0 0 47 0 70 85 0 0 37 0 0 0 0 53 43 0 0 69 19 
0 38 11 88 0 0 0 65 65 0 0 0 32 0 0 0 0 98 0 0 0 44 43 0 0 64 0 0 4 0 53 67 0 19 77 0 0 0 98 0 88 0 0 0 48 0 5 0 0 0 80 0 74 0 42 81 52 73 57 0 0 0 0 74 0 0 0 96 0 67 0 5 0 0 29 22 56 84 74 81 0 0 91 0 34 0 0 0 0 0 0 0 0 0 0 0 40 0 0 0 
0 0 0 0 31 58 0 0 0 91 0 86 0 0 28 0 0 0 0 40 1 0 0 0 0 0 0 0 2 0 0 0 10 0 1 0 24 0 33 18 0 0 7 0 0 47 0 34 0 0 57 99 0 80 17 64 0 0 0 0 0 86 0 0 0 57 0 74 0 0 0 0 47 17 14 0 99 0 32 66 0 0 99 0 0 38 31 0 0 0 0 0 0 0 40 0 9 0 0 87 
0 0 0 0 0 18 0 0 0 0 0 0 73 0 11 38 0 0 98 0 65 0 55 0 52 86 0 0 0 0 0 94 0 0 0 14 0 0 0 0 0 0 89 65 0 0 0 0 0 0 0 0 0 0 0 0 90 0 50 0 0 94 0 83 38 0 0 0 0 0 41 0 0 0 0 0 97 0 0 0 19 0 0 0 26 0 0 26 99 78 0 89 68 0 0 0 0 0 73 0 
0 0 72 0 0 46 12 0 49 0 0 0 0 0 82 95 0 0 25 0 0 0 24 0 10 0 0 0 31 0 63 52 0 66 0 5 60 0 0 0 0 0 8 0 0 0 0 81 0 0 0 0 0 0 0 0 7 74 0 40 0 92 0 29 16 77 21 57 0 0 0 0 34 0 0 0 96 22 0 17 56 79 0 0 0 0 16 0 0 0 3 0 0 0 0 0 0 0 0 0 
0 0 94 0 36 64 0 19 0 0 0 0 27 0 0 0 0 83 0 0 0 0 73 0 68 0 70 0 0 21 59 40 0 8 0 0 78 0 0 0 0 0 0 34 0 0 15 71 0 0 0 0 64 0 0 0 0 0 0 0 0 0 0 27 0 0 54 0 46 1 77 0 0 0 0 0 0 8 0 0 43 0 47 0 0 0 1 0 93 0 0 0 14 0 11 47 0 12 42 0 
0 0 62 62 2 0 0 0 89 0 27 0 0 45 0 0 0 0 0 0 0 92 93 0 0 0 0 78 0 0 54 52 51 0 49 0 0 0 73 55 0 0 0 0 78 0 33 0 53 0 0 0 0 0 0 0 0 0 73 0 0 0 0 0 87 0 79 0 18 0 0 75 0 0 67 67 0 0 91 0 0 0 0 35 0 88 0 0 93 0 0 0 18 0 67 0 89 0 0 51 
0 18 0 0 89 0 0 0 23 99 64 0 0 37 0 0 2 0 78 0 0 0 78 0 54 0 31 59 0 16 98 31 0 44 0 0 76 19 0 0 0 0 0 0 6 86 0 0 0 87 0 58 0 0 74 82 0 20 0 32 97 0 0 0 4 0 0 0 62 3 79 0 0 84 94 49 0 15 0 0 20 63 0 0 9 89 88 0 0 81 0 0 48 0 0 0 75 20 0 0 
0 0 0 0 42 0 48 3 87 84 0 0 0 0 0 0 23 54 38 77 0 0 0 86 69 0 0 0 85 0 0 57 0 0 0 0 0 27 59 0 4 0 0 0 99 0 87 13 0 8 0 18 0 0 0 0 81 9 97 0 86 96 31 0 72 0 0 0 0 0 0 0 24 0 0 80 0 0 84 0 3 99 38 0 8 96 0 49 0 0 0 0 65 0 0 0 0 40 19 0 
