100 1000
0 1 2 3 4 5 6 7 8 9 1 2 3 4 5 6 7 8 9 10 2 3 4 5 6 7 8 9 10 11 3 4 5 6 7 8 9 10 11 12 4 5 6 7 8 9 10 11 12 13 5 6 7 8 9 10 11 12 13 14 6 7 8 9 10 11 12 13 14 15 7 8 9 10 11 12 13 14 15 16 8 9 10 11 12 13 14 15 16 17 9 10 11 12 13 14 15 16 17 18 
1 0 1 2 3 4 5 6 7 8 2 1 2 3 4 5 6 7 8 9 3 2 3 4 5 6 7 8 9 10 4 3 4 5 6 7 8 9 10 11 5 4 5 6 7 8 9 10 11 12 6 5 6 7 8 9 10 11 12 13 7 6 7 8 9 10 11 12 13 14 8 7 8 9 10 11 12 13 14 15 9 8 9 10 11 12 13 14 15 16 10 9 10 11 12 13 14 15 16 17 
2 1 0 1 2 3 4 5 6 7 3 2 1 2 3 4 5 6 7 8 4 3 2 3 4 5 6 7 8 9 5 4 3 4 5 6 7 8 9 10 6 5 4 5 6 7 8 9 10 11 7 6 5 6 7 8 9 10 11 12 8 7 6 7 8 9 10 11 12 13 9 8 7 8 9 10 11 12 13 14 10 9 8 9 10 11 12 13 14 15 11 10 9 10 11 12 13 14 15 16 
3 2 1 0 1 2 3 4 5 6 4 3 2 1 2 3 4 5 6 7 5 4 3 2 3 4 5 6 7 8 6 5 4 3 4 5 6 7 8 9 7 6 5 4 5 6 7 8 9 10 8 7 6 5 6 7 8 9 10 11 9 8 7 6 7 8 9 10 11 12 10 9 8 7 8 9 10 11 12 13 11 10 9 8 9 10 11 12 13 14 12 11 10 9 10 11 12 13 14 15 
4 3 2 1 0 1 2 3 4 5 5 4 3 2 1 2 3 4 5 6 6 5 4 3 2 3 4 5 6 7 7 6 5 4 3 4 5 6 7 8 8 7 6 5 4 5 6 7 8 9 9 8 7 6 5 6 7 8 9 10 10 9 8 7 6 7 8 9 10 11 11 10 9 8 7 8 9 10 11 12 12 11 10 9 8 9 10 11 12 13 13 12 11 10 9 10 11 12 13 14 
5 4 3 2 1 0 1 2 3 4 6 5 4 3 2 1 2 3 4 5 7 6 5 4 3 2 3 4 5 6 8 7 6 5 4 3 4 5 6 7 9 8 7 6 5 4 5 6 7 8 10 9 8 7 6 5 6 7 8 9 11 10 9 8 7 6 7 8 9 10 12 11 10 9 8 7 8 9 10 11 13 12 11 10 9 8 9 10 11 12 14 13 12 11 10 9 10 11 12 13 
6 5 4 3 2 1 0 1 2 3 7 6 5 4 3 2 1 2 3 4 8 7 6 5 4 3 2 3 4 5 9 8 7 6 5 4 3 4 5 6 10 9 8 7 6 5 4 5 6 7 11 10 9 8 7 6 5 6 7 8 12 11 10 9 8 7 6 7 8 9 13 12 11 10 9 8 7 8 9 10 14 13 12 11 10 9 8 9 10 11 15 14 13 12 11 10 9 10 11 12 
7 6 5 4 3 2 1 0 1 2 8 7 6 5 4 3 2 1 2 3 9 8 7 6 5 4 3 2 3 4 10 9 8 7 6 5 4 3 4 5 11 10 9 8 7 6 5 4 5 6 12 11 10 9 8 7 6 5 6 7 13 12 11 10 9 8 7 6 7 8 14 13 12 11 10 9 8 7 8 9 15 14 13 12 11 10 9 8 9 10 16 15 14 13 12 11 10 9 10 11 
8 7 6 5 4 3 2 1 0 1 9 8 7 6 5 4 3 2 1 2 10 9 8 7 6 5 4 3 2 3 11 10 9 8 7 6 5 4 3 4 12 11 10 9 8 7 6 5 4 5 13 12 11 10 9 8 7 6 5 6 14 13 12 11 10 9 8 7 6 7 15 14 13 12 11 10 9 8 7 8 16 15 14 13 12 11 10 9 8 9 17 16 15 14 13 12 11 10 9 10 
9 8 7 6 5 4 3 2 1 0 10 9 8 7 6 5 4 3 2 1 11 10 9 8 7 6 5 4 3 2 12 11 10 9 8 7 6 5 4 3 13 12 11 10 9 8 7 6 5 4 14 13 12 11 10 9 8 7 6 5 15 14 13 12 11 10 9 8 7 6 16 15 14 13 12 11 10 9 8 7 17 16 15 14 13 12 11 10 9 8 18 17 16 15 14 13 12 11 10 9 
1 2 3 4 5 6 7 8 9 10 0 1 2 3 4 5 6 7 8 9 1 2 3 4 5 6 7 8 9 10 2 3 4 5 6 7 8 9 10 11 3 4 5 6 7 8 9 10 11 12 4 5 6 7 8 9 10 11 12 13 5 6 7 8 9 10 11 12 13 14 6 7 8 9 10 11 12 13 14 15 7 8 9 10 11 12 13 14 15 16 8 9 10 11 12 13 14 15 16 17 
2 1 2 3 4 5 6 7 8 9 1 0 1 2 3 4 5 6 7 8 2 1 2 3 4 5 6 7 8 9 3 2 3 4 5 6 7 8 9 10 4 3 4 5 6 7 8 9 10 11 5 4 5 6 7 8 9 10 11 12 6 5 6 7 8 9 10 11 12 13 7 6 7 8 9 10 11 12 13 14 8 7 8 9 10 11 12 13 14 15 9 8 9 10 11 12 13 14 15 16 
3 2 1 2 3 4 5 6 7 8 2 1 0 1 2 3 4 5 6 7 3 2 1 2 3 4 5 6 7 8 4 3 2 3 4 5 6 7 8 9 5 4 3 4 5 6 7 8 9 10 6 5 4 5 6 7 8 9 10 11 7 6 5 6 7 8 9 10 11 12 8 7 6 7 8 9 10 11 12 13 9 8 7 8 9 10 11 12 13 14 10 9 8 9 10 11 12 13 14 15 
4 3 2 1 2 3 4 5 6 7 3 2 1 0 1 2 3 4 5 6 4 3 2 1 2 3 4 5 6 7 5 4 3 2 3 4 5 6 7 8 6 5 4 3 4 5 6 7 8 9 7 6 5 4 5 6 7 8 9 10 8 7 6 5 6 7 8 9 10 11 9 8 7 6 7 8 9 10 11 12 10 9 8 7 8 9 10 11 12 13 11 10 9 8 9 10 11 12 13 14 
5 4 3 2 1 2 3 4 5 6 4 3 2 1 0 1 2 3 4 5 5 4 3 2 1 2 3 4 5 6 6 5 4 3 2 3 4 5 6 7 7 6 5 4 3 4 5 6 7 8 8 7 6 5 4 5 6 7 8 9 9 8 7 6 5 6 7 8 9 10 10 9 8 7 6 7 8 9 10 11 11 10 9 8 7 8 9 10 11 12 12 11 10 9 8 9 10 11 12 13 
6 5 4 3 2 1 2 3 4 5 5 4 3 2 1 0 1 2 3 4 6 5 4 3 2 1 2 3 4 5 7 6 5 4 3 2 3 4 5 6 8 7 6 5 4 3 4 5 6 7 9 8 7 6 5 4 5 6 7 8 10 9 8 7 6 5 6 7 8 9 11 10 9 8 7 6 7 8 9 10 12 11 10 9 8 7 8 9 10 11 13 12 11 10 9 8 9 10 11 12 
7 6 5 4 3 2 1 2 3 4 6 5 4 3 2 1 0 1 2 3 7 6 5 4 3 2 1 2 3 4 8 7 6 5 4 3 2 3 4 5 9 8 7 6 5 4 3 4 5 6 10 9 8 7 6 5 4 5 6 7 11 10 9 8 7 6 5 6 7 8 12 11 10 9 8 7 6 7 8 9 13 12 11 10 9 8 7 8 9 10 14 13 12 11 10 9 8 9 10 11 
8 7 6 5 4 3 2 1 2 3 7 6 5 4 3 2 1 0 1 2 8 7 6 5 4 3 2 1 2 3 9 8 7 6 5 4 3 2 3 4 10 9 8 7 6 5 4 3 4 5 11 10 9 8 7 6 5 4 5 6 12 11 10 9 8 7 6 5 6 7 13 12 11 10 9 8 7 6 7 8 14 13 12 11 10 9 8 7 8 9 15 14 13 12 11 10 9 8 9 10 
9 8 7 6 5 4 3 2 1 2 8 7 6 5 4 3 2 1 0 1 9 8 7 6 5 4 3 2 1 2 10 9 8 7 6 5 4 3 2 3 11 10 9 8 7 6 5 4 3 4 12 11 10 9 8 7 6 5 4 5 13 12 11 10 9 8 7 6 5 6 14 13 12 11 10 9 8 7 6 7 15 14 13 12 11 10 9 8 7 8 16 15 14 13 12 11 10 9 8 9 
10 9 8 7 6 5 4 3 2 1 9 8 7 6 5 4 3 2 1 0 10 9 8 7 6 5 4 3 2 1 11 10 9 8 7 6 5 4 3 2 12 11 10 9 8 7 6 5 4 3 13 12 11 10 9 8 7 6 5 4 14 13 12 11 10 9 8 7 6 5 15 14 13 12 11 10 9 8 7 6 16 15 14 13 12 11 10 9 8 7 17 16 15 14 13 12 11 10 9 8 
2 3 4 5 6 7 8 9 10 11 1 2 3 4 5 6 7 8 9 10 0 1 2 3 4 5 6 7 8 9 1 2 3 4 5 6 7 8 9 10 2 3 4 5 6 7 8 9 10 11 3 4 5 6 7 8 9 10 11 12 4 5 6 7 8 9 10 11 12 13 5 6 7 8 9 10 11 12 13 14 6 7 8 9 10 11 12 13 14 15 7 8 9 10 11 12 13 14 15 16 
3 2 3 4 5 6 7 8 9 10 2 1 2 3 4 5 6 7 8 9 1 0 1 2 3 4 5 6 7 8 2 1 2 3 4 5 6 7 8 9 3 2 3 4 5 6 7 8 9 10 4 3 4 5 6 7 8 9 10 11 5 4 5 6 7 8 9 10 11 12 6 5 6 7 8 9 10 11 12 13 7 6 7 8 9 10 11 12 13 14 8 7 8 9 10 11 12 13 14 15 
4 3 2 3 4 5 6 7 8 9 3 2 1 2 3 4 5 6 7 8 2 1 0 1 2 3 4 5 6 7 3 2 1 2 3 4 5 6 7 8 4 3 2 3 4 5 6 7 8 9 5 4 3 4 5 6 7 8 9 10 6 5 4 5 6 7 8 9 10 11 7 6 5 6 7 8 9 10 11 12 8 7 6 7 8 9 10 11 12 13 9 8 7 8 9 10 11 12 13 14 
5 4 3 2 3 4 5 6 7 8 4 3 2 1 2 3 4 5 6 7 3 2 1 0 1 2 3 4 5 6 4 3 2 1 2 3 4 5 6 7 5 4 3 2 3 4 5 6 7 8 6 5 4 3 4 5 6 7 8 9 7 6 5 4 5 6 7 8 9 10 8 7 6 5 6 7 8 9 10 11 9 8 7 6 7 8 9 10 11 12 10 9 8 7 8 9 10 11 12 13 
6 5 4 3 2 3 4 5 6 7 5 4 3 2 1 2 3 4 5 6 4 3 2 1 0 1 2 3 4 5 5 4 3 2 1 2 3 4 5 6 6 5 4 3 2 3 4 5 6 7 7 6 5 4 3 4 5 6 7 8 8 7 6 5 4 5 6 7 8 9 9 8 7 6 5 6 7 8 9 10 10 9 8 7 6 7 8 9 10 11 11 10 9 8 7 8 9 10 11 12 
7 6 5 4 3 2 3 4 5 6 6 5 4 3 2 1 2 3 4 5 5 4 3 2 1 0 1 2 3 4 6 5 4 3 2 1 2 3 4 5 7 6 5 4 3 2 3 4 5 6 8 7 6 5 4 3 4 5 6 7 9 8 7 6 5 4 5 6 7 8 10 9 8 7 6 5 6 7 8 9 11 10 9 8 7 6 7 8 9 10 12 11 10 9 8 7 8 9 10 11 
8 7 6 5 4 3 2 3 4 5 7 6 5 4 3 2 1 2 3 4 6 5 4 3 2 1 0 1 2 3 7 6 5 4 3 2 1 2 3 4 8 7 6 5 4 3 2 3 4 5 9 8 7 6 5 4 3 4 5 6 10 9 8 7 6 5 4 5 6 7 11 10 9 8 7 6 5 6 7 8 12 11 10 9 8 7 6 7 8 9 13 12 11 10 9 8 7 8 9 10 
9 8 7 6 5 4 3 2 3 4 8 7 6 5 4 3 2 1 2 3 7 6 5 4 3 2 1 0 1 2 8 7 6 5 4 3 2 1 2 3 9 8 7 6 5 4 3 2 3 4 10 9 8 7 6 5 4 3 4 5 11 10 9 8 7 6 5 4 5 6 12 11 10 9 8 7 6 5 6 7 13 12 11 10 9 8 7 6 7 8 14 13 12 11 10 9 8 7 8 9 
10 9 8 7 6 5 4 3 2 3 9 8 7 6 5 4 3 2 1 2 8 7 6 5 4 3 2 1 0 1 9 8 7 6 5 4 3 2 1 2 10 9 8 7 6 5 4 3 2 3 11 10 9 8 7 6 5 4 3 4 12 11 10 9 8 7 6 5 4 5 13 12 11 10 9 8 7 6 5 6 14 13 12 11 10 9 8 7 6 7 15 14 13 12 11 10 9 8 7 8 
11 10 9 8 7 6 5 4 3 2 10 9 8 7 6 5 4 3 2 1 9 8 7 6 5 4 3 2 1 0 10 9 8 7 6 5 4 3 2 1 11 10 9 8 7 6 5 4 3 2 12 11 10 9 8 7 6 5 4 3 13 12 11 10 9 8 7 6 5 4 14 13 12 11 10 9 8 7 6 5 15 14 13 12 11 10 9 8 7 6 16 15 14 13 12 11 10 9 8 7 
3 4 5 6 7 8 9 10 11 12 2 3 4 5 6 7 8 9 10 11 1 2 3 4 5 6 7 8 9 10 0 1 2 3 4 5 6 7 8 9 1 2 3 4 5 6 7 8 9 10 2 3 4 5 6 7 8 9 10 11 3 4 5 6 7 8 9 10 11 12 4 5 6 7 8 9 10 11 12 13 5 6 7 8 9 10 11 12 13 14 6 7 8 9 10 11 12 13 14 15 
4 3 4 5 6 7 8 9 10 11 3 2 3 4 5 6 7 8 9 10 2 1 2 3 4 5 6 7 8 9 1 0 1 2 3 4 5 6 7 8 2 1 2 3 4 5 6 7 8 9 3 2 3 4 5 6 7 8 9 10 4 3 4 5 6 7 8 9 10 11 5 4 5 6 7 8 9 10 11 12 6 5 6 7 8 9 10 11 12 13 7 6 7 8 9 10 11 12 13 14 
5 4 3 4 5 6 7 8 9 10 4 3 2 3 4 5 6 7 8 9 3 2 1 2 3 4 5 6 7 8 2 1 0 1 2 3 4 5 6 7 3 2 1 2 3 4 5 6 7 8 4 3 2 3 4 5 6 7 8 9 5 4 3 4 5 6 7 8 9 10 6 5 4 5 6 7 8 9 10 11 7 6 5 6 7 8 9 10 11 12 8 7 6 7 8 9 10 11 12 13 
6 5 4 3 4 5 6 7 8 9 5 4 3 2 3 4 5 6 7 8 4 3 2 1 2 3 4 5 6 7 3 2 1 0 1 2 3 4 5 6 4 3 2 1 2 3 4 5 6 7 5 4 3 2 3 4 5 6 7 8 6 5 4 3 4 5 6 7 8 9 7 6 5 4 5 6 7 8 9 10 8 7 6 5 6 7 8 9 10 11 9 8 7 6 7 8 9 10 11 12 
7 6 5 4 3 4 5 6 7 8 6 5 4 3 2 3 4 5 6 7 5 4 3 2 1 2 3 4 5 6 4 3 2 1 0 1 2 3 4 5 5 4 3 2 1 2 3 4 5 6 6 5 4 3 2 3 4 5 6 7 7 6 5 4 3 4 5 6 7 8 8 7 6 5 4 5 6 7 8 9 9 8 7 6 5 6 7 8 9 10 10 9 8 7 6 7 8 9 10 11 
8 7 6 5 4 3 4 5 6 7 7 6 5 4 3 2 3 4 5 6 6 5 4 3 2 1 2 3 4 5 5 4 3 2 1 0 1 2 3 4 6 5 4 3 2 1 2 3 4 5 7 6 5 4 3 2 3 4 5 6 8 7 6 5 4 3 4 5 6 7 9 8 7 6 5 4 5 6 7 8 10 9 8 7 6 5 6 7 8 9 11 10 9 8 7 6 7 8 9 10 
9 8 7 6 5 4 3 4 5 6 8 7 6 5 4 3 2 3 4 5 7 6 5 4 3 2 1 2 3 4 6 5 4 3 2 1 0 1 2 3 7 6 5 4 3 2 1 2 3 4 8 7 6 5 4 3 2 3 4 5 9 8 7 6 5 4 3 4 5 6 10 9 8 7 6 5 4 5 6 7 11 10 9 8 7 6 5 6 7 8 12 11 10 9 8 7 6 7 8 9 
10 9 8 7 6 5 4 3 4 5 9 8 7 6 5 4 3 2 3 4 8 7 6 5 4 3 2 1 2 3 7 6 5 4 3 2 1 0 1 2 8 7 6 5 4 3 2 1 2 3 9 8 7 6 5 4 3 2 3 4 10 9 8 7 6 5 4 3 4 5 11 10 9 8 7 6 5 4 5 6 12 11 10 9 8 7 6 5 6 7 13 12 11 10 9 8 7 6 7 8 
11 10 9 8 7 6 5 4 3 4 10 9 8 7 6 5 4 3 2 3 9 8 7 6 5 4 3 2 1 2 8 7 6 5 4 3 2 1 0 1 9 8 7 6 5 4 3 2 1 2 10 9 8 7 6 5 4 3 2 3 11 10 9 8 7 6 5 4 3 4 12 11 10 9 8 7 6 5 4 5 13 12 11 10 9 8 7 6 5 6 14 13 12 11 10 9 8 7 6 7 
12 11 10 9 8 7 6 5 4 3 11 10 9 8 7 6 5 4 3 2 10 9 8 7 6 5 4 3 2 1 9 8 7 6 5 4 3 2 1 0 10 9 8 7 6 5 4 3 2 1 11 10 9 8 7 6 5 4 3 2 12 11 10 9 8 7 6 5 4 3 13 12 11 10 9 8 7 6 5 4 14 13 12 11 10 9 8 7 6 5 15 14 13 12 11 10 9 8 7 6 
4 5 6 7 8 9 10 11 12 13 3 4 5 6 7 8 9 10 11 12 2 3 4 5 6 7 8 9 10 11 1 2 3 4 5 6 7 8 9 10 0 1 2 3 4 5 6 7 8 9 1 2 3 4 5 6 7 8 9 10 2 3 4 5 6 7 8 9 10 11 3 4 5 6 7 8 9 10 11 12 4 5 6 7 8 9 10 11 12 13 5 6 7 8 9 10 11 12 13 14 
5 4 5 6 7 8 9 10 11 12 4 3 4 5 6 7 8 9 10 11 3 2 3 4 5 6 7 8 9 10 2 1 2 3 4 5 6 7 8 9 1 0 1 2 3 4 5 6 7 8 2 1 2 3 4 5 6 7 8 9 3 2 3 4 5 6 7 8 9 10 4 3 4 5 6 7 8 9 10 11 5 4 5 6 7 8 9 10 11 12 6 5 6 7 8 9 10 11 12 13 
6 5 4 5 6 7 8 9 10 11 5 4 3 4 5 6 7 8 9 10 4 3 2 3 4 5 6 7 8 9 3 2 1 2 3 4 5 6 7 8 2 1 0 1 2 3 4 5 6 7 3 2 1 2 3 4 5 6 7 8 4 3 2 3 4 5 6 7 8 9 5 4 3 4 5 6 7 8 9 10 6 5 4 5 6 7 8 9 10 11 7 6 5 6 7 8 9 10 11 12 
7 6 5 4 5 6 7 8 9 10 6 5 4 3 4 5 6 7 8 9 5 4 3 2 3 4 5 6 7 8 4 3 2 1 2 3 4 5 6 7 3 2 1 0 1 2 3 4 5 6 4 3 2 1 2 3 4 5 6 7 5 4 3 2 3 4 5 6 7 8 6 5 4 3 4 5 6 7 8 9 7 6 5 4 5 6 7 8 9 10 8 7 6 5 6 7 8 9 10 11 
8 7 6 5 4 5 6 7 8 9 7 6 5 4 3 4 5 6 7 8 6 5 4 3 2 3 4 5 6 7 5 4 3 2 1 2 3 4 5 6 4 3 2 1 0 1 2 3 4 5 5 4 3 2 1 2 3 4 5 6 6 5 4 3 2 3 4 5 6 7 7 6 5 4 3 4 5 6 7 8 8 7 6 5 4 5 6 7 8 9 9 8 7 6 5 6 7 8 9 10 
9 8 7 6 5 4 5 6 7 8 8 7 6 5 4 3 4 5 6 7 7 6 5 4 3 2 3 4 5 6 6 5 4 3 2 1 2 3 4 5 5 4 3 2 1 0 1 2 3 4 6 5 4 3 2 1 2 3 4 5 7 6 5 4 3 2 3 4 5 6 8 7 6 5 4 3 4 5 6 7 9 8 7 6 5 4 5 6 7 8 10 9 8 7 6 5 6 7 8 9 
10 9 8 7 6 5 4 5 6 7 9 8 7 6 5 4 3 4 5 6 8 7 6 5 4 3 2 3 4 5 7 6 5 4 3 2 1 2 3 4 6 5 4 3 2 1 0 1 2 3 7 6 5 4 3 2 1 2 3 4 8 7 6 5 4 3 2 3 4 5 9 8 7 6 5 4 3 4 5 6 10 9 8 7 6 5 4 5 6 7 11 10 9 8 7 6 5 6 7 8 
11 10 9 8 7 6 5 4 5 6 10 9 8 7 6 5 4 3 4 5 9 8 7 6 5 4 3 2 3 4 8 7 6 5 4 3 2 1 2 3 7 6 5 4 3 2 1 0 1 2 8 7 6 5 4 3 2 1 2 3 9 8 7 6 5 4 3 2 3 4 10 9 8 7 6 5 4 3 4 5 11 10 9 8 7 6 5 4 5 6 12 11 10 9 8 7 6 5 6 7 
12 11 10 9 8 7 6 5 4 5 11 10 9 8 7 6 5 4 3 4 10 9 8 7 6 5 4 3 2 3 9 8 7 6 5 4 3 2 1 2 8 7 6 5 4 3 2 1 0 1 9 8 7 6 5 4 3 2 1 2 10 9 8 7 6 5 4 3 2 3 11 10 9 8 7 6 5 4 3 4 12 11 10 9 8 7 6 5 4 5 13 12 11 10 9 8 7 6 5 6 
13 12 11 10 9 8 7 6 5 4 12 11 10 9 8 7 6 5 4 3 11 10 9 8 7 6 5 4 3 2 10 9 8 7 6 5 4 3 2 1 9 8 7 6 5 4 3 2 1 0 10 9 8 7 6 5 4 3 2 1 11 10 9 8 7 6 5 4 3 2 12 11 10 9 8 7 6 5 4 3 13 12 11 10 9 8 7 6 5 4 14 13 12 11 10 9 8 7 6 5 
5 6 7 8 9 10 11 12 13 14 4 5 6 7 8 9 10 11 12 13 3 4 5 6 7 8 9 10 11 12 2 3 4 5 6 7 8 9 10 11 1 2 3 4 5 6 7 8 9 10 0 1 2 3 4 5 6 7 8 9 1 2 3 4 5 6 7 8 9 10 2 3 4 5 6 7 8 9 10 11 3 4 5 6 7 8 9 10 11 12 4 5 6 7 8 9 10 11 12 13 
6 5 6 7 8 9 10 11 12 13 5 4 5 6 7 8 9 10 11 12 4 3 4 5 6 7 8 9 10 11 3 2 3 4 5 6 7 8 9 10 2 1 2 3 4 5 6 7 8 9 1 0 1 2 3 4 5 6 7 8 2 1 2 3 4 5 6 7 8 9 3 2 3 4 5 6 7 8 9 10 4 3 4 5 6 7 8 9 10 11 5 4 5 6 7 8 9 10 11 12 
7 6 5 6 7 8 9 10 11 12 6 5 4 5 6 7 8 9 10 11 5 4 3 4 5 6 7 8 9 10 4 3 2 3 4 5 6 7 8 9 3 2 1 2 3 4 5 6 7 8 2 1 0 1 2 3 4 5 6 7 3 2 1 2 3 4 5 6 7 8 4 3 2 3 4 5 6 7 8 9 5 4 3 4 5 6 7 8 9 10 6 5 4 5 6 7 8 9 10 11 
8 7 6 5 6 7 8 9 10 11 7 6 5 4 5 6 7 8 9 10 6 5 4 3 4 5 6 7 8 9 5 4 3 2 3 4 5 6 7 8 4 3 2 1 2 3 4 5 6 7 3 2 1 0 1 2 3 4 5 6 4 3 2 1 2 3 4 5 6 7 5 4 3 2 3 4 5 6 7 8 6 5 4 3 4 5 6 7 8 9 7 6 5 4 5 6 7 8 9 10 
9 8 7 6 5 6 7 8 9 10 8 7 6 5 4 5 6 7 8 9 7 6 5 4 3 4 5 6 7 8 6 5 4 3 2 3 4 5 6 7 5 4 3 2 1 2 3 4 5 6 4 3 2 1 0 1 2 3 4 5 5 4 3 2 1 2 3 4 5 6 6 5 4 3 2 3 4 5 6 7 7 6 5 4 3 4 5 6 7 8 8 7 6 5 4 5 6 7 8 9 
10 9 8 7 6 5 6 7 8 9 9 8 7 6 5 4 5 6 7 8 8 7 6 5 4 3 4 5 6 7 7 6 5 4 3 2 3 4 5 6 6 5 4 3 2 1 2 3 4 5 5 4 3 2 1 0 1 2 3 4 6 5 4 3 2 1 2 3 4 5 7 6 5 4 3 2 3 4 5 6 8 7 6 5 4 3 4 5 6 7 9 8 7 6 5 4 5 6 7 8 
11 10 9 8 7 6 5 6 7 8 10 9 8 7 6 5 4 5 6 7 9 8 7 6 5 4 3 4 5 6 8 7 6 5 4 3 2 3 4 5 7 6 5 4 3 2 1 2 3 4 6 5 4 3 2 1 0 1 2 3 7 6 5 4 3 2 1 2 3 4 8 7 6 5 4 3 2 3 4 5 9 8 7 6 5 4 3 4 5 6 10 9 8 7 6 5 4 5 6 7 
12 11 10 9 8 7 6 5 6 7 11 10 9 8 7 6 5 4 5 6 10 9 8 7 6 5 4 3 4 5 9 8 7 6 5 4 3 2 3 4 8 7 6 5 4 3 2 1 2 3 7 6 5 4 3 2 1 0 1 2 8 7 6 5 4 3 2 1 2 3 9 8 7 6 5 4 3 2 3 4 10 9 8 7 6 5 4 3 4 5 11 10 9 8 7 6 5 4 5 6 
13 12 11 10 9 8 7 6 5 6 12 11 10 9 8 7 6 5 4 5 11 10 9 8 7 6 5 4 3 4 10 9 8 7 6 5 4 3 2 3 9 8 7 6 5 4 3 2 1 2 8 7 6 5 4 3 2 1 0 1 9 8 7 6 5 4 3 2 1 2 10 9 8 7 6 5 4 3 2 3 11 10 9 8 7 6 5 4 3 4 12 11 10 9 8 7 6 5 4 5 
14 13 12 11 10 9 8 7 6 5 13 12 11 10 9 8 7 6 5 4 12 11 10 9 8 7 6 5 4 3 11 10 9 8 7 6 5 4 3 2 10 9 8 7 6 5 4 3 2 1 9 8 7 6 5 4 3 2 1 0 10 9 8 7 6 5 4 3 2 1 11 10 9 8 7 6 5 4 3 2 12 11 10 9 8 7 6 5 4 3 13 12 11 10 9 8 7 6 5 4 
6 7 8 9 10 11 12 13 14 15 5 6 7 8 9 10 11 12 13 14 4 5 6 7 8 9 10 11 12 13 3 4 5 6 7 8 9 10 11 12 2 3 4 5 6 7 8 9 10 11 1 2 3 4 5 6 7 8 9 10 0 1 2 3 4 5 6 7 8 9 1 2 3 4 5 6 7 8 9 10 2 3 4 5 6 7 8 9 10 11 3 4 5 6 7 8 9 10 11 12 
7 6 7 8 9 10 11 12 13 14 6 5 6 7 8 9 10 11 12 13 5 4 5 6 7 8 9 10 11 12 4 3 4 5 6 7 8 9 10 11 3 2 3 4 5 6 7 8 9 10 2 1 2 3 4 5 6 7 8 9 1 0 1 2 3 4 5 6 7 8 2 1 2 3 4 5 6 7 8 9 3 2 3 4 5 6 7 8 9 10 4 3 4 5 6 7 8 9 10 11 
8 7 6 7 8 9 10 11 12 13 7 6 5 6 7 8 9 10 11 12 6 5 4 5 6 7 8 9 10 11 5 4 3 4 5 6 7 8 9 10 4 3 2 3 4 5 6 7 8 9 3 2 1 2 3 4 5 6 7 8 2 1 0 1 2 3 4 5 6 7 3 2 1 2 3 4 5 6 7 8 4 3 2 3 4 5 6 7 8 9 5 4 3 4 5 6 7 8 9 10 
9 8 7 6 7 8 9 10 11 12 8 7 6 5 6 7 8 9 10 11 7 6 5 4 5 6 7 8 9 10 6 5 4 3 4 5 6 7 8 9 5 4 3 2 3 4 5 6 7 8 4 3 2 1 2 3 4 5 6 7 3 2 1 0 1 2 3 4 5 6 4 3 2 1 2 3 4 5 6 7 5 4 3 2 3 4 5 6 7 8 6 5 4 3 4 5 6 7 8 9 
10 9 8 7 6 7 8 9 10 11 9 8 7 6 5 6 7 8 9 10 8 7 6 5 4 5 6 7 8 9 7 6 5 4 3 4 5 6 7 8 6 5 4 3 2 3 4 5 6 7 5 4 3 2 1 2 3 4 5 6 4 3 2 1 0 1 2 3 4 5 5 4 3 2 1 2 3 4 5 6 6 5 4 3 2 3 4 5 6 7 7 6 5 4 3 4 5 6 7 8 
11 10 9 8 7 6 7 8 9 10 10 9 8 7 6 5 6 7 8 9 9 8 7 6 5 4 5 6 7 8 8 7 6 5 4 3 4 5 6 7 7 6 5 4 3 2 3 4 5 6 6 5 4 3 2 1 2 3 4 5 5 4 3 2 1 0 1 2 3 4 6 5 4 3 2 1 2 3 4 5 7 6 5 4 3 2 3 4 5 6 8 7 6 5 4 3 4 5 6 7 
12 11 10 9 8 7 6 7 8 9 11 10 9 8 7 6 5 6 7 8 10 9 8 7 6 5 4 5 6 7 9 8 7 6 5 4 3 4 5 6 8 7 6 5 4 3 2 3 4 5 7 6 5 4 3 2 1 2 3 4 6 5 4 3 2 1 0 1 2 3 7 6 5 4 3 2 1 2 3 4 8 7 6 5 4 3 2 3 4 5 9 8 7 6 5 4 3 4 5 6 
13 12 11 10 9 8 7 6 7 8 12 11 10 9 8 7 6 5 6 7 11 10 9 8 7 6 5 4 5 6 10 9 8 7 6 5 4 3 4 5 9 8 7 6 5 4 3 2 3 4 8 7 6 5 4 3 2 1 2 3 7 6 5 4 3 2 1 0 1 2 8 7 6 5 4 3 2 1 2 3 9 8 7 6 5 4 3 2 3 4 10 9 8 7 6 5 4 3 4 5 
14 13 12 11 10 9 8 7 6 7 13 12 11 10 9 8 7 6 5 6 12 11 10 9 8 7 6 5 4 5 11 10 9 8 7 6 5 4 3 4 10 9 8 7 6 5 4 3 2 3 9 8 7 6 5 4 3 2 1 2 8 7 6 5 4 3 2 1 0 1 9 8 7 6 5 4 3 2 1 2 10 9 8 7 6 5 4 3 2 3 11 10 9 8 7 6 5 4 3 4 
15 14 13 12 11 10 9 8 7 6 14 13 12 11 10 9 8 7 6 5 13 12 11 10 9 8 7 6 5 4 12 11 10 9 8 7 6 5 4 3 11 10 9 8 7 6 5 4 3 2 10 9 8 7 6 5 4 3 2 1 9 8 7 6 5 4 3 2 1 0 10 9 8 7 6 5 4 3 2 1 11 10 9 8 7 6 5 4 3 2 12 11 10 9 8 7 6 5 4 3 
7 8 9 10 11 12 13 14 15 16 6 7 8 9 10 11 12 13 14 15 5 6 7 8 9 10 11 12 13 14 4 5 6 7 8 9 10 11 12 13 3 4 5 6 7 8 9 10 11 12 2 3 4 5 6 7 8 9 10 11 1 2 3 4 5 6 7 8 9 10 0 1 2 3 4 5 6 7 8 9 1 2 3 4 5 6 7 8 9 10 2 3 4 5 6 7 8 9 10 11 
8 7 8 9 10 11 12 13 14 15 7 6 7 8 9 10 11 12 13 14 6 5 6 7 8 9 10 11 12 13 5 4 5 6 7 8 9 10 11 12 4 3 4 5 6 7 8 9 10 11 3 2 3 4 5 6 7 8 9 10 2 1 2 3 4 5 6 7 8 9 1 0 1 2 3 4 5 6 7 8 2 1 2 3 4 5 6 7 8 9 3 2 3 4 5 6 7 8 9 10 
9 8 7 8 9 10 11 12 13 14 8 7 6 7 8 9 10 11 12 13 7 6 5 6 7 8 9 10 11 12 6 5 4 5 6 7 8 9 10 11 5 4 3 4 5 6 7 8 9 10 4 3 2 3 4 5 6 7 8 9 3 2 1 2 3 4 5 6 7 8 2 1 0 1 2 3 4 5 6 7 3 2 1 2 3 4 5 6 7 8 4 3 2 3 4 5 6 7 8 9 
10 9 8 7 8 9 10 11 12 13 9 8 7 6 7 8 9 10 11 12 8 7 6 5 6 7 8 9 10 11 7 6 5 4 5 6 7 8 9 10 6 5 4 3 4 5 6 7 8 9 5 4 3 2 3 4 5 6 7 8 4 3 2 1 2 3 4 5 6 7 3 2 1 0 1 2 3 4 5 6 4 3 2 1 2 3 4 5 6 7 5 4 3 2 3 4 5 6 7 8 
11 10 9 8 7 8 9 10 11 12 10 9 8 7 6 7 8 9 10 11 9 8 7 6 5 6 7 8 9 10 8 7 6 5 4 5 6 7 8 9 7 6 5 4 3 4 5 6 7 8 6 5 4 3 2 3 4 5 6 7 5 4 3 2 1 2 3 4 5 6 4 3 2 1 0 1 2 3 4 5 5 4 3 2 1 2 3 4 5 6 6 5 4 3 2 3 4 5 6 7 
12 11 10 9 8 7 8 9 10 11 11 10 9 8 7 6 7 8 9 10 10 9 8 7 6 5 6 7 8 9 9 8 7 6 5 4 5 6 7 8 8 7 6 5 4 3 4 5 6 7 7 6 5 4 3 2 3 4 5 6 6 5 4 3 2 1 2 3 4 5 5 4 3 2 1 0 1 2 3 4 6 5 4 3 2 1 2 3 4 5 7 6 5 4 3 2 3 4 5 6 
13 12 11 10 9 8 7 8 9 10 12 11 10 9 8 7 6 7 8 9 11 10 9 8 7 6 5 6 7 8 10 9 8 7 6 5 4 5 6 7 9 8 7 6 5 4 3 4 5 6 8 7 6 5 4 3 2 3 4 5 7 6 5 4 3 2 1 2 3 4 6 5 4 3 2 1 0 1 2 3 7 6 5 4 3 2 1 2 3 4 8 7 6 5 4 3 2 3 4 5 
14 13 12 11 10 9 8 7 8 9 13 12 11 10 9 8 7 6 7 8 12 11 10 9 8 7 6 5 6 7 11 10 9 8 7 6 5 4 5 6 10 9 8 7 6 5 4 3 4 5 9 8 7 6 5 4 3 2 3 4 8 7 6 5 4 3 2 1 2 3 7 6 5 4 3 2 1 0 1 2 8 7 6 5 4 3 2 1 2 3 9 8 7 6 5 4 3 2 3 4 
15 14 13 12 11 10 9 8 7 8 14 13 12 11 10 9 8 7 6 7 13 12 11 10 9 8 7 6 5 6 12 11 10 9 8 7 6 5 4 5 11 10 9 8 7 6 5 4 3 4 10 9 8 7 6 5 4 3 2 3 9 8 7 6 5 4 3 2 1 2 8 7 6 5 4 3 2 1 0 1 9 8 7 6 5 4 3 2 1 2 10 9 8 7 6 5 4 3 2 3 
16 15 14 13 12 11 10 9 8 7 15 14 13 12 11 10 9 8 7 6 14 13 12 11 10 9 8 7 6 5 13 12 11 10 9 8 7 6 5 4 12 11 10 9 8 7 6 5 4 3 11 10 9 8 7 6 5 4 3 2 10 9 8 7 6 5 4 3 2 1 9 8 7 6 5 4 3 2 1 0 10 9 8 7 6 5 4 3 2 1 11 10 9 8 7 6 5 4 3 2 
8 9 10 11 12 13 14 15 16 17 7 8 9 10 11 12 13 14 15 16 6 7 8 9 10 11 12 13 14 15 5 6 7 8 9 10 11 12 13 14 4 5 6 7 8 9 10 11 12 13 3 4 5 6 7 8 9 10 11 12 2 3 4 5 6 7 8 9 10 11 1 2 3 4 5 6 7 8 9 10 0 1 2 3 4 5 6 7 8 9 1 2 3 4 5 6 7 8 9 10 
9 8 9 10 11 12 13 14 15 16 8 7 8 9 10 11 12 13 14 15 7 6 7 8 9 10 11 12 13 14 6 5 6 7 8 9 10 11 12 13 5 4 5 6 7 8 9 10 11 12 4 3 4 5 6 7 8 9 10 11 3 2 3 4 5 6 7 8 9 10 2 1 2 3 4 5 6 7 8 9 1 0 1 2 3 4 5 6 7 8 2 1 2 3 4 5 6 7 8 9 
10 9 8 9 10 11 12 13 14 15 9 8 7 8 9 10 11 12 13 14 8 7 6 7 8 9 10 11 12 13 7 6 5 6 7 8 9 10 11 12 6 5 4 5 6 7 8 9 10 11 5 4 3 4 5 6 7 8 9 10 4 3 2 3 4 5 6 7 8 9 3 2 1 2 3 4 5 6 7 8 2 1 0 1 2 3 4 5 6 7 3 2 1 2 3 4 5 6 7 8 
11 10 9 8 9 10 11 12 13 14 10 9 8 7 8 9 10 11 12 13 9 8 7 6 7 8 9 10 11 12 8 7 6 5 6 7 8 9 10 11 7 6 5 4 5 6 7 8 9 10 6 5 4 3 4 5 6 7 8 9 5 4 3 2 3 4 5 6 7 8 4 3 2 1 2 3 4 5 6 7 3 2 1 0 1 2 3 4 5 6 4 3 2 1 2 3 4 5 6 7 
12 11 10 9 8 9 10 11 12 13 11 10 9 8 7 8 9 10 11 12 10 9 8 7 6 7 8 9 10 11 9 8 7 6 5 6 7 8 9 10 8 7 6 5 4 5 6 7 8 9 7 6 5 4 3 4 5 6 7 8 6 5 4 3 2 3 4 5 6 7 5 4 3 2 1 2 3 4 5 6 4 3 2 1 0 1 2 3 4 5 5 4 3 2 1 2 3 4 5 6 
13 12 11 10 9 8 9 10 11 12 12 11 10 9 8 7 8 9 10 11 11 10 9 8 7 6 7 8 9 10 10 9 8 7 6 5 6 7 8 9 9 8 7 6 5 4 5 6 7 8 8 7 6 5 4 3 4 5 6 7 7 6 5 4 3 2 3 4 5 6 6 5 4 3 2 1 2 3 4 5 5 4 3 2 1 0 1 2 3 4 6 5 4 3 2 1 2 3 4 5 
14 13 12 11 10 9 8 9 10 11 13 12 11 10 9 8 7 8 9 10 12 11 10 9 8 7 6 7 8 9 11 10 9 8 7 6 5 6 7 8 10 9 8 7 6 5 4 5 6 7 9 8 7 6 5 4 3 4 5 6 8 7 6 5 4 3 2 3 4 5 7 6 5 4 3 2 1 2 3 4 6 5 4 3 2 1 0 1 2 3 7 6 5 4 3 2 1 2 3 4 
15 14 13 12 11 10 9 8 9 10 14 13 12 11 10 9 8 7 8 9 13 12 11 10 9 8 7 6 7 8 12 11 10 9 8 7 6 5 6 7 11 10 9 8 7 6 5 4 5 6 10 9 8 7 6 5 4 3 4 5 9 8 7 6 5 4 3 2 3 4 8 7 6 5 4 3 2 1 2 3 7 6 5 4 3 2 1 0 1 2 8 7 6 5 4 3 2 1 2 3 
16 15 14 13 12 11 10 9 8 9 15 14 13 12 11 10 9 8 7 8 14 13 12 11 10 9 8 7 6 7 13 12 11 10 9 8 7 6 5 6 12 11 10 9 8 7 6 5 4 5 11 10 9 8 7 6 5 4 3 4 10 9 8 7 6 5 4 3 2 3 9 8 7 6 5 4 3 2 1 2 8 7 6 5 4 3 2 1 0 1 9 8 7 6 5 4 3 2 1 2 
17 16 15 14 13 12 11 10 9 8 16 15 14 13 12 11 10 9 8 7 15 14 13 12 11 10 9 8 7 6 14 13 12 11 10 9 8 7 6 5 13 12 11 10 9 8 7 6 5 4 12 11 10 9 8 7 6 5 4 3 11 10 9 8 7 6 5 4 3 2 10 9 8 7 6 5 4 3 2 1 9 8 7 6 5 4 3 2 1 0 10 9 8 7 6 5 4 3 2 1 
9 10 11 12 13 14 15 16 17 18 8 9 10 11 12 13 14 15 16 17 7 8 9 10 11 12 13 14 15 16 6 7 8 9 10 11 12 13 14 15 5 6 7 8 9 10 11 12 13 14 4 5 6 7 8 9 10 11 12 13 3 4 5 6 7 8 9 10 11 12 2 3 4 5 6 7 8 9 10 11 1 2 3 4 5 6 7 8 9 10 0 1 2 3 4 5 6 7 8 9 
10 9 10 11 12 13 14 15 16 17 9 8 9 10 11 12 13 14 15 16 8 7 8 9 10 11 12 13 14 15 7 6 7 8 9 10 11 12 13 14 6 5 6 7 8 9 10 11 12 13 5 4 5 6 7 8 9 10 11 12 4 3 4 5 6 7 8 9 10 11 3 2 3 4 5 6 7 8 9 10 2 1 2 3 4 5 6 7 8 9 1 0 1 2 3 4 5 6 7 8 
11 10 9 10 11 12 13 14 15 16 10 9 8 9 10 11 12 13 14 15 9 8 7 8 9 10 11 12 13 14 8 7 6 7 8 9 10 11 12 13 7 6 5 6 7 8 9 10 11 12 6 5 4 5 6 7 8 9 10 11 5 4 3 4 5 6 7 8 9 10 4 3 2 3 4 5 6 7 8 9 3 2 1 2 3 4 5 6 7 8 2 1 0 1 2 3 4 5 6 7 
12 11 10 9 10 11 12 13 14 15 11 10 9 8 9 10 11 12 13 14 10 9 8 7 8 9 10 11 12 13 9 8 7 6 7 8 9 10 11 12 8 7 6 5 6 7 8 9 10 11 7 6 5 4 5 6 7 8 9 10 6 5 4 3 4 5 6 7 8 9 5 4 3 2 3 4 5 6 7 8 4 3 2 1 2 3 4 5 6 7 3 2 1 0 1 2 3 4 5 6 
13 12 11 10 9 10 11 12 13 14 12 11 10 9 8 9 10 11 12 13 11 10 9 8 7 8 9 10 11 12 10 9 8 7 6 7 8 9 10 11 9 8 7 6 5 6 7 8 9 10 8 7 6 5 4 5 6 7 8 9 7 6 5 4 3 4 5 6 7 8 6 5 4 3 2 3 4 5 6 7 5 4 3 2 1 2 3 4 5 6 4 3 2 1 0 1 2 3 4 5 
14 13 12 11 10 9 10 11 12 13 13 12 11 10 9 8 9 10 11 12 12 11 10 9 8 7 8 9 10 11 11 10 9 8 7 6 7 8 9 10 10 9 8 7 6 5 6 7 8 9 9 8 7 6 5 4 5 6 7 8 8 7 6 5 4 3 4 5 6 7 7 6 5 4 3 2 3 4 5 6 6 5 4 3 2 1 2 3 4 5 5 4 3 2 1 0 1 2 3 4 
15 14 13 12 11 10 9 10 11 12 14 13 12 11 10 9 8 9 10 11 13 12 11 10 9 8 7 8 9 10 12 11 10 9 8 7 6 7 8 9 11 10 9 8 7 6 5 6 7 8 10 9 8 7 6 5 4 5 6 7 9 8 7 6 5 4 3 4 5 6 8 7 6 5 4 3 2 3 4 5 7 6 5 4 3 2 1 2 3 4 6 5 4 3 2 1 0 1 2 3 
16 15 14 13 12 11 10 9 10 11 15 14 13 12 11 10 9 8 9 10 14 13 12 11 10 9 8 7 8 9 13 12 11 10 9 8 7 6 7 8 12 11 10 9 8 7 6 5 6 7 11 10 9 8 7 6 5 4 5 6 10 9 8 7 6 5 4 3 4 5 9 8 7 6 5 4 3 2 3 4 8 7 6 5 4 3 2 1 2 3 7 6 5 4 3 2 1 0 1 2 
17 16 15 14 13 12 11 10 9 10 16 15 14 13 12 11 10 9 8 9 15 14 13 12 11 10 9 8 7 8 14 13 12 11 10 9 8 7 6 7 13 12 11 10 9 8 7 6 5 6 12 11 10 9 8 7 6 5 4 5 11 10 9 8 7 6 5 4 3 4 10 9 8 7 6 5 4 3 2 3 9 8 7 6 5 4 3 2 1 2 8 7 6 5 4 3 2 1 0 1 
18 17 16 15 14 13 12 11 10 9 17 16 15 14 13 12 11 10 9 8 16 15 14 13 12 11 10 9 8 7 15 14 13 12 11 10 9 8 7 6 14 13 12 11 10 9 8 7 6 5 13 12 11 10 9 8 7 6 5 4 12 11 10 9 8 7 6 5 4 3 11 10 9 8 7 6 5 4 3 2 10 9 8 7 6 5 4 3 2 1 9 8 7 6 5 4 3 2 1 0 
0 97 97 7 45 82 89 74 8 0 0 36 0 83 83 0 0 0 53 50 56 30 59 61 63 71 15 0 43 80 0 0 9 84 0 0 29 41 10 0 47 37 0 48 83 26 0 0 30 0 35 97 0 56 70 0 1 61 0 0 37 88 0 32 99 65 0 23 37 69 0 35 72 13 61 87 54 94 43 95 39 55 0 0 0 0 57 94 62 95 0 75 0 29 1 57 0 0 62 41 
0 0 0 0 95 27 0 23 0 1 36 50 27 0 70 0 59 0 91 94 0 78 55 3 1 0 45 0 0 57 17 95 1 35 99 83 24 0 0 34 28 0 22 0 17 3 99 63 71 76 18 92 39 17 77 4 45 83 0 71 1 37 74 71 26 0 40 36 84 67 97 94 46 74 14 85 45 31 0 22 75 73 30 74 0 35 19 89 14 95 47 0 0 36 0 96 77 24 0 42 
39 58 0 67 37 62 41 74 58 4 45 80 71 29 45 0 21 41 40 23 0 55 83 32 50 49 71 26 87 6 97 0 0 64 30 12 93 12 96 58 0 29 0 58 34 98 91 8 70 0 76 2 53 56 81 23 49 0 89 0 14 37 0 0 14 30 64 40 36 0 0 81 49 31 0 26 0 0 51 6 0 0 89 46 65 81 7 43 0 74 14 56 76 0 28 92 24 6 13 63 
94 75 84 0 0 55 91 0 33 88 81 12 71 72 0 32 45 83 0 73 43 28 11 63 62 0 32 72 78 0 70 0 69 66 13 16 0 9 4 7 34 63 79 49 15 21 1 99 41 83 0 74 0 22 0 0 0 78 8 2 23 0 66 4 40 98 99 96 0 51 0 71 96 37 8 0 99 70 0 36 14 0 52 45 0 0 20 49 71 90 48 5 51 0 9 0 0 33 96 93 
0 0 42 0 0 37 0 0 11 21 25 28 75 16 40 98 0 0 22 53 82 0 98 35 4 35 0 79 0 98 91 74 91 89 77 7 15 0 20 27 43 0 3 92 81 26 9 36 68 88 36 0 48 83 17 51 14 36 86 69 1 27 83 91 90 50 0 0 22 0 89 0 42 0 0 0 0 0 88 68 55 88 91 46 31 20 57 97 6 93 37 70 15 80 32 93 18 79 88 57 
71 86 0 0 0 0 0 39 42 0 0 26 0 3 92 7 60 51 0 77 80 70 77 0 64 57 3 0 0 23 12 37 30 0 8 31 49 36 0 70 27 91 0 91 60 88 79 18 86 83 99 36 88 0 99 0 89 34 54 95 45 38 3 20 57 56 83 0 44 72 38 78 7 42 0 0 87 23 6 0 91 95 18 14 86 0 65 12 0 0 42 0 42 62 2 0 11 0 55 94 
0 65 87 0 36 0 0 65 30 31 49 0 12 83 1 64 50 40 0 1 39 77 84 40 43 91 78 66 0 26 81 50 36 57 5 0 74 77 73 13 4 0 51 53 85 72 80 82 0 5 0 58 30 63 0 91 25 0 0 0 0 4 16 9 65 54 30 38 6 90 71 0 21 0 96 9 66 30 0 57 68 97 52 14 77 55 0 53 15 90 76 43 81 58 30 40 91 0 0 66 
0 74 0 63 0 24 24 0 86 53 54 0 15 25 0 0 21 41 77 0 33 14 0 76 20 41 89 0 0 75 60 49 52 0 17 90 23 26 70 96 0 87 42 83 62 58 18 79 80 93 62 30 0 79 50 42 0 74 55 83 85 60 37 63 0 0 45 57 62 96 22 3 11 0 0 11 1 12 64 49 27 39 28 47 77 81 29 0 42 18 37 66 83 0 79 94 85 63 6 17 
68 0 79 80 0 0 65 34 0 0 66 51 0 0 69 0 20 7 85 90 97 55 75 0 22 0 79 0 0 48 74 25 43 70 26 89 0 49 1 69 65 55 0 0 21 0 0 0 0 1 83 5 62 39 0 12 80 0 60 0 77 4 0 61 0 75 0 7 26 28 71 97 0 57 0 72 78 84 73 81 23 11 22 54 35 88 50 88 90 20 70 37 7 82 0 57 92 0 0 43 
89 31 1 32 70 0 61 68 46 0 6 1 96 0 27 7 48 22 8 59 0 64 0 0 0 70 2 0 53 34 91 68 43 62 0 5 59 2 27 0 14 77 0 0 86 0 48 62 0 1 0 33 96 13 79 0 5 77 24 53 33 81 0 48 39 0 40 61 66 55 26 94 63 58 0 33 82 93 8 0 0 0 1 1 0 75 64 31 50 27 80 38 82 0 0 64 0 0 29 65 
88 40 63 62 44 0 2 48 0 27 0 29 0 22 0 4 57 97 57 30 13 0 0 0 87 13 30 49 0 42 46 0 78 21 0 7 96 0 0 2 51 60 0 30 91 13 49 0 34 87 0 85 98 76 54 66 0 33 86 0 64 96 80 65 51 16 0 42 51 0 18 7 0 23 0 8 0 0 9 28 89 57 61 82 0 29 35 0 0 0 80 14 27 38 14 74 34 47 63 66 
83 52 88 10 58 92 39 0 21 0 90 0 86 6 0 51 87 17 40 90 0 0 0 48 12 54 0 96 84 75 74 75 24 74 99 81 0 9 38 19 22 58 99 0 0 15 50 58 83 0 14 0 26 29 91 19 12 79 56 69 73 28 45 90 15 13 91 38 0 34 46 0 19 11 96 0 0 39 31 69 89 84 27 16 12 79 0 16 77 1 58 82 0 7 49 0 89 1 99 0 
36 78 41 57 0 0 27 62 0 0 34 56 0 23 83 93 71 0 90 0 97 64 67 82 84 69 70 0 95 91 52 0 0 5 28 0 70 53 9 3 70 0 7 96 80 0 40 0 12 76 9 0 95 39 58 0 56 87 28 0 96 0 0 13 0 78 0 47 76 38 16 55 0 0 93 0 87 34 15 2 0 93 50 35 77 61 0 1 38 0 1 0 26 19 96 62 96 27 2 2 
0 96 0 58 28 26 30 36 0 25 64 15 5 0 37 0 73 15 0 90 29 97 59 14 0 80 97 0 96 26 0 0 59 27 49 0 28 90 74 46 0 64 61 35 12 82 96 10 93 85 77 16 49 9 0 0 54 1 15 32 84 77 41 49 8 64 71 45 0 94 39 93 79 62 0 58 37 41 0 50 26 52 0 92 99 78 63 6 0 0 73 0 62 89 90 0 98 56 62 31 
19 83 22 34 0 46 12 35 42 51 79 67 0 0 0 53 98 33 24 0 31 0 0 18 0 27 0 97 15 94 0 39 33 0 80 0 0 0 86 91 44 37 0 53 94 0 44 23 0 0 0 2 43 52 29 39 61 88 87 44 77 6 85 72 0 65 28 57 0 60 24 46 2 60 84 0 1 73 0 0 96 76 75 4 62 0 92 19 74 0 89 65 0 81 49 97 53 0 0 85 
33 16 0 0 29 0 69 66 35 13 11 0 0 60 1 0 63 20 84 0 76 15 0 22 0 37 3 43 87 52 33 83 35 55 17 84 5 54 0 18 83 0 38 99 98 40 0 68 85 81 81 87 21 17 0 17 42 1 0 0 0 26 77 0 95 10 16 0 84 75 94 0 54 23 0 0 0 39 0 76 14 87 18 0 42 6 66 15 29 94 16 47 0 18 90 21 0 80 0 0 
7 0 0 91 13 51 0 31 82 0 80 39 0 81 74 17 0 0 81 22 0 14 0 60 18 84 15 68 35 18 77 42 98 46 0 0 42 66 10 32 2 45 63 30 9 44 0 49 0 13 61 82 0 81 0 46 0 2 42 83 90 0 0 0 74 7 49 47 63 91 90 43 85 0 80 91 0 71 17 20 52 53 28 63 0 77 71 22 90 26 66 0 71 56 25 81 54 96 79 41 
0 3 18 63 0 0 0 10 29 49 0 90 71 0 56 65 33 0 83 0 7 80 0 11 53 16 28 98 77 72 38 73 90 10 96 60 67 88 7 16 0 0 98 43 66 0 0 17 9 0 36 1 0 58 0 80 39 95 68 0 86 0 1 41 33 0 40 29 0 51 64 99 88 82 12 67 0 0 94 7 0 71 6 39 58 75 73 49 0 0 22 85 0 0 49 26 44 0 5 0 
30 38 4 3 0 0 71 16 7 62 78 33 77 54 41 64 77 29 0 1 0 96 0 7 0 0 80 48 0 71 0 48 59 0 0 20 54 9 50 76 46 1 13 90 0 29 62 0 10 0 58 51 59 25 92 1 0 70 38 0 38 23 87 28 68 56 86 4 14 0 0 54 0 37 75 51 32 92 0 91 0 0 45 74 81 36 5 99 0 42 40 12 98 55 29 10 86 61 34 7 
30 46 24 0 62 18 42 57 72 20 91 23 0 50 0 24 28 68 65 0 51 0 70 67 59 0 83 0 91 0 78 81 0 92 0 0 25 0 0 77 91 55 89 0 39 13 78 56 41 24 64 29 93 0 0 66 88 23 13 58 35 1 75 96 37 41 3 81 25 74 17 0 35 0 6 36 39 0 12 30 30 0 89 91 60 46 11 20 0 66 84 45 12 0 23 12 33 4 52 1 
75 8 30 50 72 25 5 99 0 19 9 87 43 0 71 53 38 11 20 20 0 0 51 92 1 0 94 59 98 0 89 64 6 98 46 62 62 53 0 88 18 61 0 39 91 0 26 26 84 55 93 0 2 0 76 52 75 0 0 65 35 0 0 66 0 35 19 93 31 0 30 0 67 79 0 92 0 77 0 8 47 4 67 50 89 28 0 3 0 0 21 93 25 9 7 64 29 7 97 0 
31 0 3 45 0 1 76 0 13 30 0 18 43 93 0 98 12 11 42 38 86 0 12 42 39 38 0 2 24 0 37 0 0 71 0 99 70 35 96 0 24 81 56 77 71 0 49 5 0 33 42 10 0 0 37 96 0 0 97 21 60 91 87 26 11 87 18 69 77 0 40 61 18 90 72 83 63 46 45 22 88 0 85 17 28 95 67 0 0 53 93 20 0 27 0 5 0 0 48 0 
84 66 0 66 60 4 0 5 24 34 94 0 0 0 78 0 0 65 0 77 68 0 0 11 0 49 57 83 0 0 90 34 0 79 90 35 36 90 54 0 45 26 62 0 50 50 54 65 83 38 44 91 79 75 44 0 84 47 66 87 94 0 34 53 78 90 0 36 6 83 0 43 55 0 11 6 70 70 66 0 68 0 1 93 1 28 2 0 66 0 30 11 0 0 61 99 0 81 0 54 
0 23 0 10 0 77 74 29 93 42 36 73 0 0 21 57 18 13 42 81 12 25 50 0 0 0 80 78 84 23 97 21 36 17 20 69 38 60 79 38 85 75 36 58 23 49 24 1 0 80 22 14 3 40 70 55 19 82 0 0 63 6 25 68 0 89 31 64 99 8 0 55 0 81 46 5 0 0 39 63 0 14 11 14 44 48 39 53 57 83 84 7 73 1 1 98 84 10 0 82 
0 66 38 0 20 24 10 27 49 74 14 38 1 67 45 0 34 66 0 95 0 32 52 0 0 21 68 1 0 6 42 0 54 60 0 85 20 0 24 44 50 76 0 38 0 50 28 0 88 0 61 0 9 80 89 0 25 76 0 0 60 98 31 0 49 20 92 38 0 50 0 17 49 61 64 34 0 0 34 86 38 99 0 19 48 76 11 79 12 0 47 77 13 8 0 95 89 68 85 53 
0 0 98 39 57 69 89 7 83 69 0 0 0 0 0 77 0 0 6 87 97 62 10 0 70 0 6 81 77 0 56 0 77 67 43 6 0 64 5 60 0 10 48 0 0 0 98 72 90 77 0 50 12 82 0 36 30 80 71 3 0 92 76 13 65 45 29 7 70 0 0 23 52 79 21 35 62 26 14 1 61 9 9 0 57 46 10 96 88 96 65 34 99 74 14 88 58 65 28 66 
43 52 36 85 1 0 58 0 2 0 95 66 87 43 0 87 0 34 98 63 75 26 6 29 76 81 0 0 88 0 17 75 0 5 73 99 0 68 54 22 18 48 90 16 0 81 0 90 8 24 0 84 2 59 0 18 60 35 30 74 0 23 93 49 78 91 0 11 77 0 12 90 0 25 82 79 67 64 51 36 0 20 0 0 3 37 96 5 0 0 30 33 0 82 87 22 19 92 95 0 
0 40 96 77 37 0 10 84 69 60 0 0 13 42 73 0 62 0 0 23 86 0 0 37 91 72 94 0 89 32 93 0 92 10 17 67 15 53 19 1 40 0 0 89 94 78 98 0 0 0 74 61 10 52 0 0 0 0 91 0 87 84 41 54 4 84 86 0 0 0 44 1 89 4 8 64 3 36 36 0 32 58 0 97 0 0 63 42 51 82 42 85 5 66 25 94 74 60 0 0 
0 69 81 6 92 22 74 28 0 0 0 19 34 0 36 63 51 42 0 96 97 61 55 5 0 56 0 92 0 98 0 60 30 48 0 62 58 58 77 36 0 88 20 69 0 42 9 10 0 0 69 25 43 0 4 0 30 80 0 90 59 89 3 41 77 32 0 19 0 0 96 0 0 0 0 0 0 75 54 11 0 97 94 37 0 0 50 79 21 0 14 34 0 5 41 77 0 74 92 79 
42 15 42 54 54 34 0 94 38 18 13 83 0 0 59 89 0 42 21 22 0 99 28 28 7 38 36 0 88 0 81 0 93 0 0 53 52 0 0 99 16 12 2 0 63 0 53 50 22 58 95 62 1 23 0 80 0 66 18 22 19 13 65 15 36 28 73 16 6 52 54 26 0 64 0 58 8 0 64 60 45 10 84 11 91 1 60 33 0 0 60 80 0 0 40 39 35 89 48 88 
0 0 0 68 54 56 96 14 0 21 68 0 81 45 70 39 89 75 0 0 32 0 48 0 0 27 29 19 36 22 0 84 0 32 0 0 88 25 34 54 69 52 0 12 99 64 0 46 18 33 0 74 28 82 0 46 37 20 91 55 35 0 0 0 81 10 82 84 0 5 2 44 84 0 34 72 78 39 25 65 56 24 0 0 0 1 76 48 24 47 1 20 73 70 82 0 53 0 82 7 
26 83 60 0 66 0 14 0 68 0 62 0 1 0 38 24 91 0 68 0 42 0 89 82 0 10 0 84 0 38 10 0 42 82 72 0 80 48 83 0 0 15 36 78 0 92 0 17 66 16 12 0 75 76 66 52 49 98 79 5 0 20 63 16 6 1 84 8 73 98 55 81 26 0 0 0 81 0 50 60 0 72 72 20 0 14 78 46 13 0 88 0 0 41 0 80 29 37 94 30 
0 25 1 0 34 15 0 13 8 0 0 52 28 95 0 0 0 99 83 46 29 0 77 29 0 98 0 24 96 7 59 70 0 0 0 99 61 0 79 56 59 94 90 1 0 23 52 30 0 50 0 47 77 59 58 76 76 77 45 13 0 36 31 2 45 0 0 0 3 6 1 84 9 0 64 0 1 68 86 1 0 50 93 8 36 0 44 54 67 41 83 0 81 25 10 84 62 70 98 65 
0 0 34 60 70 94 48 35 29 48 0 7 0 22 0 62 75 1 60 55 3 29 26 0 68 77 0 40 0 0 79 62 0 0 49 89 25 56 31 0 42 0 15 0 87 98 0 0 76 0 0 76 99 0 0 10 11 5 94 30 4 51 0 44 93 48 85 12 0 23 64 1 50 61 1 24 16 15 67 53 0 0 0 29 15 19 1 59 0 0 18 26 27 2 0 15 9 14 1 0 
0 67 4 0 6 81 21 64 26 76 0 0 46 83 46 97 57 71 19 6 22 17 0 0 64 6 0 81 66 95 0 0 0 0 0 52 16 14 79 50 57 96 0 85 67 0 0 49 83 72 27 22 23 13 53 66 0 66 34 68 0 79 75 36 0 58 95 0 97 81 43 0 0 17 5 15 66 46 82 48 25 99 38 0 0 21 85 7 92 22 12 42 67 21 0 91 44 85 27 15 
74 0 98 63 12 0 27 0 99 0 85 41 19 67 24 83 74 34 0 86 34 51 98 68 6 42 0 29 0 30 0 66 0 0 71 0 17 0 90 44 71 88 88 43 0 7 0 13 23 0 67 33 39 4 76 21 31 0 13 56 71 11 95 31 33 0 0 91 61 98 61 0 0 55 53 3 40 78 31 88 85 31 27 15 0 2 0 87 49 63 79 92 34 93 74 24 0 1 0 53 
68 20 0 0 16 0 24 37 49 4 0 44 0 34 85 7 82 15 0 77 20 16 23 14 15 65 74 78 75 0 61 27 77 0 23 14 0 91 57 0 78 2 21 85 85 16 59 0 0 3 27 93 0 1 67 0 76 0 25 39 0 80 40 3 27 77 0 0 68 0 97 42 0 76 39 0 56 99 12 86 62 80 96 0 76 46 0 11 99 7 22 7 0 0 0 23 59 0 0 70 
63 0 54 0 0 7 0 0 0 87 43 82 62 26 41 65 3 30 9 57 82 10 9 0 0 74 0 87 94 30 0 67 0 8 0 0 0 0 66 0 0 23 52 57 96 28 24 46 46 60 0 0 15 9 77 0 9 0 0 74 15 77 0 0 43 1 99 98 40 0 27 53 81 37 0 32 0 44 52 87 0 63 8 88 85 30 43 0 34 0 53 0 3 0 63 12 65 4 89 70 
0 52 77 58 0 0 21 31 48 5 0 13 98 39 1 0 0 64 81 54 0 63 8 62 0 22 86 21 21 18 21 28 0 0 0 52 62 0 0 89 18 50 0 74 17 0 58 28 59 4 53 75 24 0 54 57 16 34 60 0 42 58 86 64 76 87 36 55 46 35 24 14 0 0 34 84 61 88 50 17 41 88 62 18 60 64 55 32 90 82 18 96 30 16 51 0 74 50 94 31 
1 61 0 22 3 61 4 1 53 70 66 92 53 0 14 62 24 68 0 52 23 84 13 25 63 72 82 59 1 39 99 0 52 98 11 25 94 90 38 0 0 64 43 33 61 0 21 0 66 71 89 0 25 0 76 82 7 31 58 18 0 81 73 91 0 27 15 24 0 3 40 70 5 22 44 0 43 21 45 89 10 60 7 0 16 80 14 54 64 36 89 95 1 0 58 0 0 13 65 38 
64 8 47 63 0 14 77 28 69 0 18 60 34 26 44 29 0 1 35 35 14 97 42 94 0 77 54 61 0 0 63 26 93 15 55 0 56 0 32 29 0 62 25 0 53 96 77 92 92 38 52 29 0 97 71 25 55 17 16 48 39 0 0 0 0 0 75 10 24 62 59 0 25 32 0 11 0 76 79 18 25 15 77 0 70 0 93 77 74 0 7 0 11 5 71 82 6 82 74 25 
0 81 0 0 3 60 38 52 50 92 26 1 99 44 0 0 93 0 79 63 14 0 75 21 74 0 26 0 62 68 3 59 47 0 9 37 0 82 20 20 19 0 74 58 65 50 76 0 1 0 5 16 72 41 67 3 61 0 0 0 54 65 2 26 91 13 41 0 34 22 50 29 41 69 0 48 80 37 32 69 39 0 0 50 0 12 1 0 92 80 49 66 42 0 61 8 73 72 0 87 
72 0 0 69 75 69 25 0 0 79 0 0 0 39 14 7 0 0 15 0 0 93 17 0 49 88 0 0 0 31 22 90 22 15 95 0 19 56 0 73 76 65 0 0 0 74 23 90 90 39 81 0 13 19 0 74 0 58 17 69 91 61 61 68 0 63 0 0 48 0 0 88 98 0 11 41 16 0 71 26 21 18 0 31 28 0 39 7 49 0 56 25 41 52 32 0 32 79 26 24 
30 86 0 0 0 24 84 0 28 72 70 0 7 40 7 68 51 32 38 27 0 75 0 18 0 34 33 34 80 49 38 0 59 12 5 88 0 82 19 0 0 0 97 0 0 0 71 75 0 0 0 86 74 0 18 0 52 39 13 10 67 78 66 90 41 0 60 0 0 0 3 17 89 0 97 4 43 49 26 0 48 53 0 11 63 29 0 0 0 22 0 92 48 80 88 53 65 72 0 48 
47 66 13 0 0 37 8 35 88 0 0 86 7 12 46 61 90 0 43 51 62 33 82 41 4 10 49 5 4 95 45 26 81 14 98 6 0 0 30 78 0 38 39 57 0 0 2 0 84 0 14 0 39 16 86 35 94 89 94 23 0 79 96 1 47 35 27 0 1 31 9 90 66 75 90 97 0 0 26 33 7 25 64 95 73 47 65 0 30 50 0 66 92 63 25 0 39 0 94 88 
0 16 59 75 71 82 42 27 0 68 23 3 50 12 33 55 96 85 21 18 0 57 36 87 83 66 84 6 0 70 77 0 23 11 90 15 0 56 57 0 66 43 0 76 98 0 16 28 0 12 0 68 58 0 59 2 79 52 40 19 0 0 25 0 65 4 24 86 30 41 57 73 97 87 75 8 59 73 90 57 97 0 45 1 57 0 50 71 96 0 21 20 10 73 0 8 90 40 0 34 
84 87 97 71 73 0 16 0 35 15 13 0 63 0 32 56 62 0 78 10 6 0 38 11 10 90 51 16 25 56 54 93 67 63 75 1 47 88 0 0 93 24 9 0 0 0 0 63 0 81 0 92 13 72 90 0 97 7 80 0 31 0 0 65 43 55 76 0 0 20 50 63 0 78 0 26 0 0 33 74 31 95 35 31 53 30 35 55 48 26 0 12 47 17 0 69 85 16 71 0 
47 28 66 36 20 12 98 12 0 6 85 0 89 41 0 64 0 74 20 19 0 78 4 61 44 30 39 37 38 0 5 55 0 5 72 0 0 96 0 64 62 30 6 58 78 69 72 0 0 71 74 75 0 0 52 0 93 6 73 1 0 84 0 0 0 83 64 84 0 59 4 0 98 35 38 0 0 0 64 30 64 0 61 43 37 0 86 0 84 7 80 23 51 31 95 36 44 78 87 32 
0 22 45 0 79 59 62 34 67 93 40 0 0 85 86 73 0 4 87 70 79 70 0 42 0 53 93 30 0 56 76 27 0 27 0 18 48 54 0 48 77 39 42 52 5 81 0 32 0 0 20 22 0 60 0 0 28 0 79 83 63 32 87 16 88 0 0 62 62 21 28 21 51 98 0 6 92 70 0 28 1 66 93 4 84 15 91 72 33 0 29 44 37 60 0 37 98 54 5 10 
53 44 27 77 72 24 0 5 0 0 0 66 2 87 68 39 11 0 23 29 71 70 77 96 0 83 78 91 71 0 19 30 7 50 10 26 30 14 5 51 5 87 6 92 0 97 7 0 2 0 87 77 0 0 50 77 77 60 0 3 0 24 56 13 90 59 0 0 45 23 77 1 48 90 29 9 22 0 83 53 79 51 0 61 0 0 45 79 22 0 91 87 0 29 0 0 0 32 24 53 
0 74 73 23 36 0 82 0 80 95 35 25 69 96 26 81 59 3 36 0 0 52 27 30 80 62 0 91 84 0 9 0 0 0 44 44 76 26 0 0 33 86 9 0 29 81 52 65 40 94 0 0 0 99 47 9 69 0 74 0 0 35 55 67 0 43 92 16 5 81 4 0 94 86 73 0 8 46 90 0 0 47 85 65 28 95 96 37 21 65 0 7 8 13 66 0 72 11 14 68 
0 0 17 86 0 87 5 87 41 64 0 66 92 45 43 60 0 64 25 99 62 0 0 0 0 0 0 32 74 93 46 92 43 52 0 6 13 93 0 0 69 17 38 0 69 78 78 8 0 38 68 0 58 74 98 82 54 0 27 0 30 23 0 0 0 27 0 95 69 80 0 74 45 0 44 23 75 42 69 18 1 0 63 0 5 9 87 21 4 50 5 19 1 27 14 0 71 89 50 64 
19 0 27 0 50 54 69 0 0 74 60 99 48 64 43 52 0 88 66 71 14 43 9 36 17 39 16 19 44 32 78 62 0 0 85 0 88 85 23 69 74 52 25 76 86 32 98 3 19 55 0 33 0 37 0 0 32 78 0 68 0 79 0 0 0 98 0 0 72 90 0 41 2 0 55 0 83 74 0 0 41 0 74 15 10 53 0 1 70 90 0 27 70 97 11 93 40 75 28 0 
0 0 92 52 88 40 97 10 19 0 0 50 48 21 0 63 20 90 30 92 6 0 26 8 0 13 6 69 3 65 86 71 0 5 57 1 0 64 0 40 6 39 56 0 52 0 56 95 22 43 56 0 0 0 0 13 42 90 0 35 76 38 78 39 38 0 64 12 29 2 0 97 12 37 48 78 38 0 40 60 31 69 44 95 89 0 96 0 10 2 73 0 0 23 0 19 97 61 2 88 
0 99 54 0 60 26 22 56 0 91 0 86 0 60 0 96 72 68 46 27 14 48 3 0 3 20 0 24 0 58 91 77 0 30 43 0 17 63 0 69 44 1 9 89 33 23 47 76 43 48 18 93 87 4 0 0 72 85 19 0 60 66 70 14 38 66 89 0 88 0 88 37 45 12 11 67 0 0 77 95 0 86 0 0 5 61 0 98 64 0 50 9 46 32 61 66 18 40 46 0 
30 0 59 60 24 7 0 87 86 77 20 53 6 0 90 0 29 23 49 53 91 55 35 63 0 47 46 30 32 0 0 20 60 55 0 45 58 0 2 27 0 0 58 39 0 58 0 45 3 91 99 0 61 4 31 0 39 47 0 0 79 57 37 23 72 96 0 0 55 18 78 41 31 91 0 84 0 65 0 97 61 0 96 59 1 0 25 0 74 0 0 80 18 60 82 39 0 9 40 69 
43 32 93 0 28 27 0 30 0 82 0 33 86 29 52 23 60 85 95 47 79 59 43 68 0 82 10 89 0 30 0 0 67 34 73 98 0 33 32 84 29 52 41 0 0 5 0 92 33 39 0 0 64 99 46 0 0 80 21 64 45 22 63 18 69 0 0 11 0 28 23 10 80 56 36 49 51 0 35 0 0 44 8 55 7 0 85 47 0 74 4 81 31 50 46 94 0 0 59 75 
99 28 70 0 0 19 30 0 89 82 75 0 79 35 1 0 35 95 0 81 50 51 94 65 0 27 12 44 75 48 0 0 0 8 11 39 29 89 0 0 23 36 80 18 29 10 3 26 89 97 0 0 72 23 33 23 12 0 30 50 1 85 0 31 0 41 0 54 0 78 0 7 0 0 0 96 0 65 0 0 53 4 20 51 70 29 15 46 95 55 55 31 97 94 0 0 89 5 0 32 
25 0 31 0 0 84 0 87 24 57 96 5 10 44 0 0 17 42 33 5 83 35 30 57 28 18 53 44 98 24 99 0 0 17 65 0 34 0 74 1 95 90 97 16 2 36 0 95 0 6 0 0 0 89 15 38 85 46 0 0 0 0 56 11 83 0 3 64 94 0 37 0 89 63 52 40 86 0 0 0 49 72 0 75 76 25 97 31 52 29 49 0 0 42 18 0 0 95 4 7 
0 0 0 35 24 0 6 61 9 45 72 29 88 43 50 27 31 0 57 77 54 51 86 74 86 43 64 50 76 45 21 69 37 0 0 6 9 49 70 49 83 90 92 0 44 0 0 25 39 89 95 0 0 0 83 46 0 52 40 0 0 66 5 0 1 0 70 64 86 95 41 0 90 0 89 40 72 76 68 66 16 56 70 0 0 2 45 65 0 44 93 66 0 1 0 31 1 41 0 57 
0 51 49 25 58 44 93 87 0 0 0 97 0 46 20 15 63 23 56 83 0 0 44 69 58 0 23 18 0 83 68 99 60 73 80 55 0 75 20 75 18 0 93 33 83 0 1 73 56 0 0 45 57 60 66 43 0 0 57 0 0 98 29 39 0 84 48 23 87 0 0 59 90 11 0 49 96 71 8 50 92 45 0 13 61 2 0 80 67 0 92 27 72 26 25 0 58 71 45 86 
47 69 89 70 0 0 15 2 87 0 22 61 48 43 3 0 49 30 0 29 28 41 23 30 56 29 36 0 0 3 61 6 0 0 0 83 11 64 77 54 70 49 0 52 74 68 44 0 43 7 65 51 33 52 70 0 57 16 82 20 49 0 0 85 55 74 46 90 93 69 0 53 29 0 0 44 10 67 16 24 80 59 0 21 70 0 31 0 30 0 0 26 85 37 43 0 90 0 42 0 
55 7 0 89 53 0 25 0 98 0 0 88 56 0 0 10 70 93 0 86 22 98 35 11 0 71 0 18 91 12 38 86 70 76 1 0 12 3 0 0 61 26 45 0 0 76 0 76 0 53 0 0 0 0 78 0 16 0 43 0 23 0 0 98 0 60 94 62 95 0 13 30 83 0 79 0 89 1 29 23 36 97 47 4 53 0 85 78 44 0 81 66 0 0 76 86 59 0 83 84 
43 90 96 62 23 90 14 1 11 61 3 10 75 93 59 0 43 0 0 0 62 61 36 9 0 0 72 0 45 69 55 62 69 23 24 13 18 85 0 53 50 66 70 20 32 4 35 0 3 64 55 0 0 93 77 0 46 0 0 5 0 76 76 0 86 99 76 70 67 0 55 6 70 17 46 5 48 60 43 0 81 19 36 68 97 0 25 56 0 24 0 0 0 0 0 21 16 12 79 0 
0 48 61 26 0 77 72 45 0 0 0 94 83 77 47 1 2 0 69 34 51 0 0 54 13 79 4 0 12 0 31 89 0 54 70 25 58 0 99 13 42 3 0 0 0 7 0 90 66 92 9 96 23 24 0 12 0 0 0 0 83 1 0 12 0 60 10 69 40 0 55 0 0 34 14 88 1 28 59 75 0 66 56 64 42 92 43 50 79 26 26 87 0 88 20 0 5 14 11 58 
68 68 43 77 98 62 61 7 14 0 0 4 65 2 42 93 96 75 15 64 1 66 0 9 0 79 85 40 90 0 79 93 15 0 45 1 21 15 68 35 68 88 55 32 24 51 46 1 80 0 0 71 31 31 43 0 0 98 6 73 0 20 91 0 12 0 0 0 58 99 42 3 32 81 3 45 37 0 0 72 48 4 0 16 48 78 55 78 88 83 45 0 94 0 38 91 40 1 0 76 
82 77 1 93 0 9 44 22 30 46 44 38 94 83 0 96 0 40 57 51 0 29 63 56 36 90 60 2 0 49 73 0 56 79 0 0 12 8 83 93 32 0 42 0 85 77 86 43 0 65 87 79 32 0 65 80 64 21 0 86 47 36 56 72 13 0 0 40 60 0 31 0 87 21 0 0 40 51 0 0 39 59 48 72 0 95 0 9 36 0 16 22 0 56 24 0 83 0 91 75 
12 50 0 59 92 1 51 50 0 0 0 42 76 56 30 21 60 55 0 0 56 10 0 0 31 0 98 16 23 0 0 38 56 29 33 0 75 0 0 55 7 25 3 78 1 0 56 77 35 0 87 98 33 61 63 19 0 12 77 54 0 40 89 45 52 5 54 0 75 94 0 57 0 78 93 60 0 22 0 56 7 25 66 49 21 45 68 0 73 0 72 70 51 0 10 3 0 63 86 0 
39 4 28 4 0 89 0 0 0 28 46 66 33 81 4 60 27 0 73 51 10 83 44 0 23 0 48 47 64 79 11 65 38 0 17 68 4 90 0 96 81 92 83 88 0 0 0 0 85 0 7 0 0 0 0 68 0 89 63 0 22 62 64 41 51 82 72 81 0 52 29 82 0 7 5 0 50 49 0 0 6 7 67 56 27 96 35 88 50 0 99 1 22 16 64 0 0 39 81 51 
0 0 0 74 0 52 0 79 9 31 92 94 68 52 31 79 57 54 0 32 23 9 42 82 50 0 0 96 27 72 0 18 14 36 0 5 54 0 87 16 91 0 0 0 0 31 80 29 69 0 0 61 91 0 77 1 0 78 67 6 74 0 3 0 50 0 84 61 71 0 31 66 0 50 5 89 92 14 0 34 0 38 31 94 94 97 15 35 14 0 80 0 40 0 0 0 0 0 87 0 
29 0 0 0 0 99 90 27 1 0 21 98 99 0 72 51 11 68 0 50 59 93 83 87 88 52 28 44 0 75 60 76 45 89 0 0 49 31 0 15 47 10 88 0 29 0 0 49 73 24 55 0 49 84 31 57 25 28 3 74 1 52 42 3 0 8 0 96 0 0 0 5 2 75 51 6 25 73 0 39 91 83 98 0 0 31 19 51 41 93 49 2 77 55 92 98 0 91 0 0 
29 85 0 1 66 81 67 51 90 20 0 0 30 0 0 0 68 2 0 93 84 0 15 83 88 36 91 53 0 91 25 0 98 0 70 42 47 88 76 0 89 13 0 5 52 55 77 0 14 11 46 38 24 6 39 2 18 38 44 41 0 40 0 5 28 24 81 49 66 57 75 0 0 0 20 0 96 29 91 1 86 0 56 37 0 0 66 0 14 0 4 0 0 47 47 39 0 99 0 34 
14 51 0 21 50 88 89 0 27 11 40 0 39 18 16 63 87 82 1 88 0 35 0 9 1 98 26 57 0 92 0 24 77 78 13 0 95 82 37 0 0 27 61 0 42 0 96 50 0 10 51 40 62 0 0 0 3 32 13 55 0 0 0 16 0 30 65 0 68 21 79 83 0 10 0 88 42 2 0 52 67 61 53 0 0 88 10 64 1 37 20 8 84 75 11 48 64 1 0 3 
85 7 68 53 18 50 87 55 14 36 20 86 93 68 0 0 47 90 0 21 2 0 73 40 33 0 47 60 85 95 95 12 15 0 0 12 0 91 57 41 0 71 89 87 33 9 0 6 37 80 97 20 78 16 87 0 0 7 0 1 55 58 0 0 52 96 0 0 64 0 43 50 42 0 56 0 7 23 47 16 21 0 69 21 45 43 4 95 0 48 68 11 65 29 18 0 58 67 58 0 
48 0 0 46 1 0 85 0 82 0 66 87 88 85 0 23 13 33 0 0 9 70 12 51 13 75 89 48 85 70 9 48 41 45 77 12 11 46 70 75 0 42 68 0 58 20 79 89 78 32 0 58 41 94 0 46 65 59 8 0 97 22 43 85 14 0 87 0 0 98 0 10 30 0 0 0 35 65 82 3 0 16 11 72 0 61 82 94 59 34 67 0 28 32 0 49 2 31 0 27 
46 0 25 15 66 0 0 56 0 95 50 0 64 0 25 74 13 71 0 71 47 0 26 61 0 37 96 48 71 68 37 0 35 59 25 45 0 0 0 71 0 59 0 0 0 97 34 69 10 27 0 31 0 61 0 83 59 62 42 22 12 90 54 91 6 0 95 0 47 69 81 0 22 0 0 0 23 31 42 0 1 0 79 0 19 84 42 73 33 76 0 73 57 5 0 36 53 0 12 63 
16 0 15 35 66 31 27 68 75 73 1 90 21 80 19 72 44 74 0 1 37 0 13 2 0 1 75 72 71 99 52 0 33 55 27 88 73 15 92 0 7 0 0 0 98 2 0 0 58 30 39 67 23 81 2 73 0 35 0 64 59 39 88 41 0 0 20 60 20 56 38 98 74 57 97 40 0 27 2 7 0 17 33 0 3 66 98 77 0 23 0 64 45 14 16 78 94 0 51 0 
0 0 74 10 0 54 5 0 0 1 0 54 97 0 77 17 0 87 66 33 65 70 32 85 36 58 50 0 0 82 91 90 88 38 30 80 0 0 33 0 31 0 0 66 4 0 16 33 0 16 0 77 6 98 92 9 63 56 54 0 56 8 13 0 15 46 0 50 35 44 0 65 0 18 95 2 96 0 0 95 0 0 0 20 0 0 21 73 33 85 14 59 86 95 26 0 59 0 82 30 
8 26 88 40 49 55 0 67 7 0 59 10 0 67 7 0 6 12 57 40 71 27 93 22 35 73 16 0 20 80 52 0 0 16 0 59 27 67 68 35 0 31 75 85 0 1 99 33 68 57 94 0 0 0 0 64 0 76 0 22 49 34 0 0 85 35 36 12 1 65 92 52 39 0 73 0 0 68 0 60 0 1 0 0 10 0 0 57 33 95 36 2 0 58 1 0 67 16 36 2 
98 88 32 0 74 0 0 18 0 8 39 0 22 74 16 0 0 36 4 0 92 84 0 52 0 14 0 58 2 6 49 0 79 5 8 1 83 0 0 0 48 0 73 53 85 0 66 39 0 21 66 28 87 0 0 64 50 0 99 42 4 33 38 90 37 0 0 79 0 0 63 5 0 73 27 81 0 0 64 0 62 0 0 24 85 92 0 96 65 31 31 51 20 40 44 24 11 39 0 61 
0 64 27 34 20 74 51 39 93 16 0 0 11 19 65 75 0 37 35 99 54 0 0 86 56 67 38 17 78 85 0 84 13 0 2 0 26 0 43 16 18 19 48 52 43 10 41 40 73 0 76 17 77 27 1 0 0 69 52 2 86 89 92 36 53 69 71 43 20 16 0 14 49 46 0 48 77 0 42 71 0 0 34 84 0 77 3 73 79 2 0 83 1 84 66 0 28 3 94 88 
65 44 0 0 0 85 27 14 0 25 0 87 60 85 57 0 0 45 16 32 87 0 0 60 0 29 57 79 85 0 20 42 12 65 0 14 59 70 0 0 98 95 40 0 90 9 92 21 23 22 21 0 7 21 10 63 11 9 13 55 12 83 66 61 0 0 64 30 0 61 0 11 8 61 36 0 12 30 49 84 32 0 95 67 0 4 72 21 0 92 0 0 2 0 32 85 5 91 40 0 
43 80 83 97 20 16 87 14 42 83 0 88 0 32 26 97 61 25 0 33 0 46 59 90 68 52 47 73 0 21 80 3 22 80 0 40 11 0 75 95 0 27 85 42 0 36 17 0 66 39 0 1 92 0 81 9 4 79 2 1 51 68 25 92 80 0 51 38 78 95 84 0 0 98 57 77 69 0 0 2 5 51 0 42 42 0 9 46 0 16 0 73 35 34 8 27 19 12 98 46 
78 0 99 18 0 11 0 35 11 57 0 25 96 87 72 69 0 17 87 0 56 33 0 94 14 69 0 0 0 72 35 52 96 0 22 0 25 12 0 51 55 28 68 32 25 59 38 43 56 61 84 22 67 29 10 54 72 0 81 23 48 0 0 44 13 42 18 4 91 83 83 19 20 83 80 10 81 6 31 28 50 5 40 0 0 15 0 23 48 0 0 0 0 94 0 0 61 0 86 21 
24 28 0 79 69 0 69 54 76 75 0 0 25 0 83 94 85 88 0 13 53 20 0 98 17 44 3 76 3 25 0 68 0 31 39 0 85 38 0 58 82 4 73 0 73 9 77 51 52 54 11 0 52 57 0 77 0 5 0 0 27 58 44 53 0 90 56 55 12 65 14 69 38 0 0 95 93 4 0 73 0 0 33 35 0 93 36 0 0 6 0 0 79 70 19 99 0 83 0 73 
36 0 93 63 0 0 17 0 9 35 61 49 42 87 19 71 11 40 34 0 33 0 31 98 0 85 16 51 0 14 85 33 93 28 35 0 84 10 19 27 24 93 45 12 0 78 27 62 0 17 61 66 65 9 14 0 68 18 0 0 57 79 51 73 84 12 17 0 0 79 42 73 11 29 0 67 62 34 30 47 19 0 0 42 35 0 69 76 81 80 24 44 9 58 60 19 59 0 15 90 
61 68 53 31 91 0 1 51 0 67 92 64 0 7 9 0 0 96 87 0 9 53 76 26 50 74 57 0 41 82 87 0 31 42 0 22 0 82 25 80 36 70 63 24 0 14 0 28 69 35 27 0 38 36 6 97 0 87 46 29 0 0 0 0 69 78 62 65 24 98 97 0 0 39 39 49 45 0 55 53 65 0 94 7 0 41 0 65 0 14 80 34 95 0 77 2 0 56 50 54 
85 13 54 0 97 57 88 84 66 87 13 4 22 47 0 0 94 12 0 51 98 33 0 88 79 19 63 70 46 82 28 0 42 27 67 0 3 96 0 0 75 93 58 28 50 47 31 73 52 39 62 64 0 84 44 4 46 25 0 1 0 81 30 24 65 30 39 81 45 0 0 2 0 0 0 34 97 70 75 0 9 48 51 0 6 0 60 0 98 92 3 84 84 93 39 74 66 0 43 62 
49 0 63 0 11 96 99 0 78 73 85 63 71 16 97 0 13 23 44 46 0 0 77 0 0 77 0 51 64 0 20 70 0 95 97 45 0 33 0 14 63 94 0 65 0 72 23 8 0 79 94 21 28 59 53 64 25 73 33 33 40 92 3 39 65 0 35 0 0 84 8 0 11 39 20 55 38 59 36 0 37 10 17 6 76 43 77 42 0 68 0 0 49 0 0 0 75 61 84 25 
0 30 58 0 86 29 11 30 6 81 31 75 54 26 88 70 0 58 0 48 0 0 43 0 29 0 72 23 0 0 54 0 82 0 57 41 0 59 0 0 47 9 0 50 92 28 0 17 0 0 65 75 0 98 0 72 68 50 0 0 0 0 71 0 63 0 0 0 57 0 0 12 11 4 1 23 91 81 16 59 32 0 11 32 78 0 0 99 89 0 67 0 0 0 0 0 98 0 37 37 
11 64 84 9 37 50 0 11 6 14 80 8 15 0 34 0 42 0 0 65 73 83 99 0 86 96 53 25 55 64 70 0 75 60 53 0 80 33 0 62 0 18 20 10 0 74 16 0 98 56 14 0 46 0 44 34 53 0 69 38 18 0 0 25 17 21 12 28 97 28 0 57 0 76 39 83 90 0 6 0 32 11 20 97 0 0 40 0 71 0 0 3 6 76 28 69 76 73 0 75 
53 16 66 92 81 58 80 11 80 14 3 31 0 78 92 0 0 36 25 0 23 42 22 92 25 36 84 15 18 7 95 7 73 16 31 0 36 0 68 43 1 14 0 83 61 0 64 0 0 16 0 33 31 66 22 29 90 1 0 0 50 0 98 97 1 12 37 0 56 83 17 35 94 0 86 18 57 75 64 0 0 13 0 13 29 35 90 0 0 95 14 0 95 29 0 44 31 73 75 0 
65 51 24 88 73 3 41 91 14 32 34 51 30 56 0 67 74 0 28 81 87 52 61 88 43 5 83 0 0 86 20 63 0 73 94 0 28 55 0 54 42 85 0 39 0 28 13 26 61 65 0 20 17 83 0 0 71 11 80 25 0 4 87 57 10 0 48 62 49 0 31 73 19 96 52 54 90 53 37 14 0 70 50 32 31 0 82 84 0 20 0 13 0 0 97 0 17 0 24 90 
0 18 52 0 72 7 91 32 0 91 99 86 0 0 0 86 87 44 77 88 0 0 45 88 0 85 41 40 3 32 27 28 26 70 89 4 23 22 0 33 45 20 87 11 22 45 0 68 62 40 87 96 69 36 85 12 11 96 54 95 60 39 3 50 32 92 50 96 67 0 0 75 0 15 97 0 72 74 59 42 26 58 84 0 70 51 55 48 0 40 23 0 73 0 0 11 94 80 0 47 
0 7 25 24 12 0 15 0 0 26 53 5 2 72 11 58 0 0 32 0 93 20 0 26 78 40 25 1 3 84 92 93 40 1 0 95 37 0 1 80 1 9 5 76 72 98 77 0 97 70 0 25 1 9 30 68 0 0 0 28 86 0 0 4 0 83 0 40 75 57 19 49 51 16 0 0 5 76 78 61 29 88 67 66 57 20 0 41 36 65 68 21 1 97 0 0 0 64 0 0 
56 0 99 0 67 40 0 7 0 32 0 23 85 56 30 49 67 27 21 90 0 53 37 14 0 11 2 90 0 0 59 8 0 10 0 0 4 0 0 18 56 71 75 0 51 33 70 22 9 1 2 74 0 0 35 0 20 5 61 0 13 40 0 97 97 0 29 57 46 78 50 9 32 95 21 0 0 0 40 0 89 0 93 90 58 49 0 89 25 71 8 0 6 7 53 0 26 0 68 67 
76 41 97 71 27 53 88 47 75 75 33 18 3 18 0 68 51 43 87 20 0 8 51 42 4 0 40 0 33 0 94 0 20 58 0 0 73 42 40 90 85 0 0 5 99 74 0 0 96 80 31 31 62 37 30 6 85 12 0 89 0 68 95 7 44 82 0 0 59 78 1 7 67 0 80 33 0 0 0 67 0 21 0 27 96 89 0 72 28 0 56 42 0 4 35 86 0 14 0 45 
50 23 0 41 87 0 64 38 50 17 22 10 82 54 0 83 53 11 74 32 72 1 45 41 28 20 0 1 85 81 51 44 50 90 34 83 0 18 22 0 23 26 3 46 78 40 75 47 11 0 30 76 94 87 42 28 32 0 0 15 47 97 27 0 85 84 10 0 81 0 79 78 26 65 35 78 16 3 0 88 0 33 0 0 22 95 89 0 44 22 43 0 0 0 99 77 29 0 75 62 
0 0 80 60 0 60 32 34 97 3 95 23 65 45 98 36 9 31 14 55 1 0 98 50 0 31 58 90 29 42 15 58 87 0 0 11 53 0 93 77 78 7 12 24 51 0 97 32 19 83 25 0 97 72 67 66 0 10 53 23 30 22 38 0 27 26 8 0 80 0 56 91 0 0 96 0 69 7 35 0 28 92 18 15 59 57 8 6 15 1 82 16 39 46 54 13 0 0 0 52 
39 18 79 90 3 0 84 98 59 96 0 55 96 92 77 0 36 1 0 30 67 19 83 38 21 0 0 12 80 2 73 37 2 0 85 17 5 0 62 89 11 98 71 89 99 0 80 18 50 19 0 7 8 61 36 85 30 88 84 8 23 0 33 0 0 16 11 61 90 77 24 0 89 2 0 0 69 29 81 0 66 46 58 23 70 0 0 63 50 0 58 0 24 79 65 46 0 0 72 0 
