100 1000
0 1 2 3 4 5 6 7 8 9 1 2 3 4 5 6 7 8 9 10 2 3 4 5 6 7 8 9 10 11 3 4 5 6 7 8 9 10 11 12 4 5 6 7 8 9 10 11 12 13 5 6 7 8 9 10 11 12 13 14 6 7 8 9 10 11 12 13 14 15 7 8 9 10 11 12 13 14 15 16 8 9 10 11 12 13 14 15 16 17 9 10 11 12 13 14 15 16 17 18 
1 0 1 2 3 4 5 6 7 8 2 1 2 3 4 5 6 7 8 9 3 2 3 4 5 6 7 8 9 10 4 3 4 5 6 7 8 9 10 11 5 4 5 6 7 8 9 10 11 12 6 5 6 7 8 9 10 11 12 13 7 6 7 8 9 10 11 12 13 14 8 7 8 9 10 11 12 13 14 15 9 8 9 10 11 12 13 14 15 16 10 9 10 11 12 13 14 15 16 17 
2 1 0 1 2 3 4 5 6 7 3 2 1 2 3 4 5 6 7 8 4 3 2 3 4 5 6 7 8 9 5 4 3 4 5 6 7 8 9 10 6 5 4 5 6 7 8 9 10 11 7 6 5 6 7 8 9 10 11 12 8 7 6 7 8 9 10 11 12 13 9 8 7 8 9 10 11 12 13 14 10 9 8 9 10 11 12 13 14 15 11 10 9 10 11 12 13 14 15 16 
3 2 1 0 1 2 3 4 5 6 4 3 2 1 2 3 4 5 6 7 5 4 3 2 3 4 5 6 7 8 6 5 4 3 4 5 6 7 8 9 7 6 5 4 5 6 7 8 9 10 8 7 6 5 6 7 8 9 10 11 9 8 7 6 7 8 9 10 11 12 10 9 8 7 8 9 10 11 12 13 11 10 9 8 9 10 11 12 13 14 12 11 10 9 10 11 12 13 14 15 
4 3 2 1 0 1 2 3 4 5 5 4 3 2 1 2 3 4 5 6 6 5 4 3 2 3 4 5 6 7 7 6 5 4 3 4 5 6 7 8 8 7 6 5 4 5 6 7 8 9 9 8 7 6 5 6 7 8 9 10 10 9 8 7 6 7 8 9 10 11 11 10 9 8 7 8 9 10 11 12 12 11 10 9 8 9 10 11 12 13 13 12 11 10 9 10 11 12 13 14 
5 4 3 2 1 0 1 2 3 4 6 5 4 3 2 1 2 3 4 5 7 6 5 4 3 2 3 4 5 6 8 7 6 5 4 3 4 5 6 7 9 8 7 6 5 4 5 6 7 8 10 9 8 7 6 5 6 7 8 9 11 10 9 8 7 6 7 8 9 10 12 11 10 9 8 7 8 9 10 11 13 12 11 10 9 8 9 10 11 12 14 13 12 11 10 9 10 11 12 13 
6 5 4 3 2 1 0 1 2 3 7 6 5 4 3 2 1 2 3 4 8 7 6 5 4 3 2 3 4 5 9 8 7 6 5 4 3 4 5 6 10 9 8 7 6 5 4 5 6 7 11 10 9 8 7 6 5 6 7 8 12 11 10 9 8 7 6 7 8 9 13 12 11 10 9 8 7 8 9 10 14 13 12 11 10 9 8 9 10 11 15 14 13 12 11 10 9 10 11 12 
7 6 5 4 3 2 1 0 1 2 8 7 6 5 4 3 2 1 2 3 9 8 7 6 5 4 3 2 3 4 10 9 8 7 6 5 4 3 4 5 11 10 9 8 7 6 5 4 5 6 12 11 10 9 8 7 6 5 6 7 13 12 11 10 9 8 7 6 7 8 14 13 12 11 10 9 8 7 8 9 15 14 13 12 11 10 9 8 9 10 16 15 14 13 12 11 10 9 10 11 
8 7 6 5 4 3 2 1 0 1 9 8 7 6 5 4 3 2 1 2 10 9 8 7 6 5 4 3 2 3 11 10 9 8 7 6 5 4 3 4 12 11 10 9 8 7 6 5 4 5 13 12 11 10 9 8 7 6 5 6 14 13 12 11 10 9 8 7 6 7 15 14 13 12 11 10 9 8 7 8 16 15 14 13 12 11 10 9 8 9 17 16 15 14 13 12 11 10 9 10 
9 8 7 6 5 4 3 2 1 0 10 9 8 7 6 5 4 3 2 1 11 10 9 8 7 6 5 4 3 2 12 11 10 9 8 7 6 5 4 3 13 12 11 10 9 8 7 6 5 4 14 13 12 11 10 9 8 7 6 5 15 14 13 12 11 10 9 8 7 6 16 15 14 13 12 11 10 9 8 7 17 16 15 14 13 12 11 10 9 8 18 17 16 15 14 13 12 11 10 9 
1 2 3 4 5 6 7 8 9 10 0 1 2 3 4 5 6 7 8 9 1 2 3 4 5 6 7 8 9 10 2 3 4 5 6 7 8 9 10 11 3 4 5 6 7 8 9 10 11 12 4 5 6 7 8 9 10 11 12 13 5 6 7 8 9 10 11 12 13 14 6 7 8 9 10 11 12 13 14 15 7 8 9 10 11 12 13 14 15 16 8 9 10 11 12 13 14 15 16 17 
2 1 2 3 4 5 6 7 8 9 1 0 1 2 3 4 5 6 7 8 2 1 2 3 4 5 6 7 8 9 3 2 3 4 5 6 7 8 9 10 4 3 4 5 6 7 8 9 10 11 5 4 5 6 7 8 9 10 11 12 6 5 6 7 8 9 10 11 12 13 7 6 7 8 9 10 11 12 13 14 8 7 8 9 10 11 12 13 14 15 9 8 9 10 11 12 13 14 15 16 
3 2 1 2 3 4 5 6 7 8 2 1 0 1 2 3 4 5 6 7 3 2 1 2 3 4 5 6 7 8 4 3 2 3 4 5 6 7 8 9 5 4 3 4 5 6 7 8 9 10 6 5 4 5 6 7 8 9 10 11 7 6 5 6 7 8 9 10 11 12 8 7 6 7 8 9 10 11 12 13 9 8 7 8 9 10 11 12 13 14 10 9 8 9 10 11 12 13 14 15 
4 3 2 1 2 3 4 5 6 7 3 2 1 0 1 2 3 4 5 6 4 3 2 1 2 3 4 5 6 7 5 4 3 2 3 4 5 6 7 8 6 5 4 3 4 5 6 7 8 9 7 6 5 4 5 6 7 8 9 10 8 7 6 5 6 7 8 9 10 11 9 8 7 6 7 8 9 10 11 12 10 9 8 7 8 9 10 11 12 13 11 10 9 8 9 10 11 12 13 14 
5 4 3 2 1 2 3 4 5 6 4 3 2 1 0 1 2 3 4 5 5 4 3 2 1 2 3 4 5 6 6 5 4 3 2 3 4 5 6 7 7 6 5 4 3 4 5 6 7 8 8 7 6 5 4 5 6 7 8 9 9 8 7 6 5 6 7 8 9 10 10 9 8 7 6 7 8 9 10 11 11 10 9 8 7 8 9 10 11 12 12 11 10 9 8 9 10 11 12 13 
6 5 4 3 2 1 2 3 4 5 5 4 3 2 1 0 1 2 3 4 6 5 4 3 2 1 2 3 4 5 7 6 5 4 3 2 3 4 5 6 8 7 6 5 4 3 4 5 6 7 9 8 7 6 5 4 5 6 7 8 10 9 8 7 6 5 6 7 8 9 11 10 9 8 7 6 7 8 9 10 12 11 10 9 8 7 8 9 10 11 13 12 11 10 9 8 9 10 11 12 
7 6 5 4 3 2 1 2 3 4 6 5 4 3 2 1 0 1 2 3 7 6 5 4 3 2 1 2 3 4 8 7 6 5 4 3 2 3 4 5 9 8 7 6 5 4 3 4 5 6 10 9 8 7 6 5 4 5 6 7 11 10 9 8 7 6 5 6 7 8 12 11 10 9 8 7 6 7 8 9 13 12 11 10 9 8 7 8 9 10 14 13 12 11 10 9 8 9 10 11 
8 7 6 5 4 3 2 1 2 3 7 6 5 4 3 2 1 0 1 2 8 7 6 5 4 3 2 1 2 3 9 8 7 6 5 4 3 2 3 4 10 9 8 7 6 5 4 3 4 5 11 10 9 8 7 6 5 4 5 6 12 11 10 9 8 7 6 5 6 7 13 12 11 10 9 8 7 6 7 8 14 13 12 11 10 9 8 7 8 9 15 14 13 12 11 10 9 8 9 10 
9 8 7 6 5 4 3 2 1 2 8 7 6 5 4 3 2 1 0 1 9 8 7 6 5 4 3 2 1 2 10 9 8 7 6 5 4 3 2 3 11 10 9 8 7 6 5 4 3 4 12 11 10 9 8 7 6 5 4 5 13 12 11 10 9 8 7 6 5 6 14 13 12 11 10 9 8 7 6 7 15 14 13 12 11 10 9 8 7 8 16 15 14 13 12 11 10 9 8 9 
10 9 8 7 6 5 4 3 2 1 9 8 7 6 5 4 3 2 1 0 10 9 8 7 6 5 4 3 2 1 11 10 9 8 7 6 5 4 3 2 12 11 10 9 8 7 6 5 4 3 13 12 11 10 9 8 7 6 5 4 14 13 12 11 10 9 8 7 6 5 15 14 13 12 11 10 9 8 7 6 16 15 14 13 12 11 10 9 8 7 17 16 15 14 13 12 11 10 9 8 
2 3 4 5 6 7 8 9 10 11 1 2 3 4 5 6 7 8 9 10 0 1 2 3 4 5 6 7 8 9 1 2 3 4 5 6 7 8 9 10 2 3 4 5 6 7 8 9 10 11 3 4 5 6 7 8 9 10 11 12 4 5 6 7 8 9 10 11 12 13 5 6 7 8 9 10 11 12 13 14 6 7 8 9 10 11 12 13 14 15 7 8 9 10 11 12 13 14 15 16 
3 2 3 4 5 6 7 8 9 10 2 1 2 3 4 5 6 7 8 9 1 0 1 2 3 4 5 6 7 8 2 1 2 3 4 5 6 7 8 9 3 2 3 4 5 6 7 8 9 10 4 3 4 5 6 7 8 9 10 11 5 4 5 6 7 8 9 10 11 12 6 5 6 7 8 9 10 11 12 13 7 6 7 8 9 10 11 12 13 14 8 7 8 9 10 11 12 13 14 15 
4 3 2 3 4 5 6 7 8 9 3 2 1 2 3 4 5 6 7 8 2 1 0 1 2 3 4 5 6 7 3 2 1 2 3 4 5 6 7 8 4 3 2 3 4 5 6 7 8 9 5 4 3 4 5 6 7 8 9 10 6 5 4 5 6 7 8 9 10 11 7 6 5 6 7 8 9 10 11 12 8 7 6 7 8 9 10 11 12 13 9 8 7 8 9 10 11 12 13 14 
5 4 3 2 3 4 5 6 7 8 4 3 2 1 2 3 4 5 6 7 3 2 1 0 1 2 3 4 5 6 4 3 2 1 2 3 4 5 6 7 5 4 3 2 3 4 5 6 7 8 6 5 4 3 4 5 6 7 8 9 7 6 5 4 5 6 7 8 9 10 8 7 6 5 6 7 8 9 10 11 9 8 7 6 7 8 9 10 11 12 10 9 8 7 8 9 10 11 12 13 
6 5 4 3 2 3 4 5 6 7 5 4 3 2 1 2 3 4 5 6 4 3 2 1 0 1 2 3 4 5 5 4 3 2 1 2 3 4 5 6 6 5 4 3 2 3 4 5 6 7 7 6 5 4 3 4 5 6 7 8 8 7 6 5 4 5 6 7 8 9 9 8 7 6 5 6 7 8 9 10 10 9 8 7 6 7 8 9 10 11 11 10 9 8 7 8 9 10 11 12 
7 6 5 4 3 2 3 4 5 6 6 5 4 3 2 1 2 3 4 5 5 4 3 2 1 0 1 2 3 4 6 5 4 3 2 1 2 3 4 5 7 6 5 4 3 2 3 4 5 6 8 7 6 5 4 3 4 5 6 7 9 8 7 6 5 4 5 6 7 8 10 9 8 7 6 5 6 7 8 9 11 10 9 8 7 6 7 8 9 10 12 11 10 9 8 7 8 9 10 11 
8 7 6 5 4 3 2 3 4 5 7 6 5 4 3 2 1 2 3 4 6 5 4 3 2 1 0 1 2 3 7 6 5 4 3 2 1 2 3 4 8 7 6 5 4 3 2 3 4 5 9 8 7 6 5 4 3 4 5 6 10 9 8 7 6 5 4 5 6 7 11 10 9 8 7 6 5 6 7 8 12 11 10 9 8 7 6 7 8 9 13 12 11 10 9 8 7 8 9 10 
9 8 7 6 5 4 3 2 3 4 8 7 6 5 4 3 2 1 2 3 7 6 5 4 3 2 1 0 1 2 8 7 6 5 4 3 2 1 2 3 9 8 7 6 5 4 3 2 3 4 10 9 8 7 6 5 4 3 4 5 11 10 9 8 7 6 5 4 5 6 12 11 10 9 8 7 6 5 6 7 13 12 11 10 9 8 7 6 7 8 14 13 12 11 10 9 8 7 8 9 
10 9 8 7 6 5 4 3 2 3 9 8 7 6 5 4 3 2 1 2 8 7 6 5 4 3 2 1 0 1 9 8 7 6 5 4 3 2 1 2 10 9 8 7 6 5 4 3 2 3 11 10 9 8 7 6 5 4 3 4 12 11 10 9 8 7 6 5 4 5 13 12 11 10 9 8 7 6 5 6 14 13 12 11 10 9 8 7 6 7 15 14 13 12 11 10 9 8 7 8 
11 10 9 8 7 6 5 4 3 2 10 9 8 7 6 5 4 3 2 1 9 8 7 6 5 4 3 2 1 0 10 9 8 7 6 5 4 3 2 1 11 10 9 8 7 6 5 4 3 2 12 11 10 9 8 7 6 5 4 3 13 12 11 10 9 8 7 6 5 4 14 13 12 11 10 9 8 7 6 5 15 14 13 12 11 10 9 8 7 6 16 15 14 13 12 11 10 9 8 7 
3 4 5 6 7 8 9 10 11 12 2 3 4 5 6 7 8 9 10 11 1 2 3 4 5 6 7 8 9 10 0 1 2 3 4 5 6 7 8 9 1 2 3 4 5 6 7 8 9 10 2 3 4 5 6 7 8 9 10 11 3 4 5 6 7 8 9 10 11 12 4 5 6 7 8 9 10 11 12 13 5 6 7 8 9 10 11 12 13 14 6 7 8 9 10 11 12 13 14 15 
4 3 4 5 6 7 8 9 10 11 3 2 3 4 5 6 7 8 9 10 2 1 2 3 4 5 6 7 8 9 1 0 1 2 3 4 5 6 7 8 2 1 2 3 4 5 6 7 8 9 3 2 3 4 5 6 7 8 9 10 4 3 4 5 6 7 8 9 10 11 5 4 5 6 7 8 9 10 11 12 6 5 6 7 8 9 10 11 12 13 7 6 7 8 9 10 11 12 13 14 
5 4 3 4 5 6 7 8 9 10 4 3 2 3 4 5 6 7 8 9 3 2 1 2 3 4 5 6 7 8 2 1 0 1 2 3 4 5 6 7 3 2 1 2 3 4 5 6 7 8 4 3 2 3 4 5 6 7 8 9 5 4 3 4 5 6 7 8 9 10 6 5 4 5 6 7 8 9 10 11 7 6 5 6 7 8 9 10 11 12 8 7 6 7 8 9 10 11 12 13 
6 5 4 3 4 5 6 7 8 9 5 4 3 2 3 4 5 6 7 8 4 3 2 1 2 3 4 5 6 7 3 2 1 0 1 2 3 4 5 6 4 3 2 1 2 3 4 5 6 7 5 4 3 2 3 4 5 6 7 8 6 5 4 3 4 5 6 7 8 9 7 6 5 4 5 6 7 8 9 10 8 7 6 5 6 7 8 9 10 11 9 8 7 6 7 8 9 10 11 12 
7 6 5 4 3 4 5 6 7 8 6 5 4 3 2 3 4 5 6 7 5 4 3 2 1 2 3 4 5 6 4 3 2 1 0 1 2 3 4 5 5 4 3 2 1 2 3 4 5 6 6 5 4 3 2 3 4 5 6 7 7 6 5 4 3 4 5 6 7 8 8 7 6 5 4 5 6 7 8 9 9 8 7 6 5 6 7 8 9 10 10 9 8 7 6 7 8 9 10 11 
8 7 6 5 4 3 4 5 6 7 7 6 5 4 3 2 3 4 5 6 6 5 4 3 2 1 2 3 4 5 5 4 3 2 1 0 1 2 3 4 6 5 4 3 2 1 2 3 4 5 7 6 5 4 3 2 3 4 5 6 8 7 6 5 4 3 4 5 6 7 9 8 7 6 5 4 5 6 7 8 10 9 8 7 6 5 6 7 8 9 11 10 9 8 7 6 7 8 9 10 
9 8 7 6 5 4 3 4 5 6 8 7 6 5 4 3 2 3 4 5 7 6 5 4 3 2 1 2 3 4 6 5 4 3 2 1 0 1 2 3 7 6 5 4 3 2 1 2 3 4 8 7 6 5 4 3 2 3 4 5 9 8 7 6 5 4 3 4 5 6 10 9 8 7 6 5 4 5 6 7 11 10 9 8 7 6 5 6 7 8 12 11 10 9 8 7 6 7 8 9 
10 9 8 7 6 5 4 3 4 5 9 8 7 6 5 4 3 2 3 4 8 7 6 5 4 3 2 1 2 3 7 6 5 4 3 2 1 0 1 2 8 7 6 5 4 3 2 1 2 3 9 8 7 6 5 4 3 2 3 4 10 9 8 7 6 5 4 3 4 5 11 10 9 8 7 6 5 4 5 6 12 11 10 9 8 7 6 5 6 7 13 12 11 10 9 8 7 6 7 8 
11 10 9 8 7 6 5 4 3 4 10 9 8 7 6 5 4 3 2 3 9 8 7 6 5 4 3 2 1 2 8 7 6 5 4 3 2 1 0 1 9 8 7 6 5 4 3 2 1 2 10 9 8 7 6 5 4 3 2 3 11 10 9 8 7 6 5 4 3 4 12 11 10 9 8 7 6 5 4 5 13 12 11 10 9 8 7 6 5 6 14 13 12 11 10 9 8 7 6 7 
12 11 10 9 8 7 6 5 4 3 11 10 9 8 7 6 5 4 3 2 10 9 8 7 6 5 4 3 2 1 9 8 7 6 5 4 3 2 1 0 10 9 8 7 6 5 4 3 2 1 11 10 9 8 7 6 5 4 3 2 12 11 10 9 8 7 6 5 4 3 13 12 11 10 9 8 7 6 5 4 14 13 12 11 10 9 8 7 6 5 15 14 13 12 11 10 9 8 7 6 
4 5 6 7 8 9 10 11 12 13 3 4 5 6 7 8 9 10 11 12 2 3 4 5 6 7 8 9 10 11 1 2 3 4 5 6 7 8 9 10 0 1 2 3 4 5 6 7 8 9 1 2 3 4 5 6 7 8 9 10 2 3 4 5 6 7 8 9 10 11 3 4 5 6 7 8 9 10 11 12 4 5 6 7 8 9 10 11 12 13 5 6 7 8 9 10 11 12 13 14 
5 4 5 6 7 8 9 10 11 12 4 3 4 5 6 7 8 9 10 11 3 2 3 4 5 6 7 8 9 10 2 1 2 3 4 5 6 7 8 9 1 0 1 2 3 4 5 6 7 8 2 1 2 3 4 5 6 7 8 9 3 2 3 4 5 6 7 8 9 10 4 3 4 5 6 7 8 9 10 11 5 4 5 6 7 8 9 10 11 12 6 5 6 7 8 9 10 11 12 13 
6 5 4 5 6 7 8 9 10 11 5 4 3 4 5 6 7 8 9 10 4 3 2 3 4 5 6 7 8 9 3 2 1 2 3 4 5 6 7 8 2 1 0 1 2 3 4 5 6 7 3 2 1 2 3 4 5 6 7 8 4 3 2 3 4 5 6 7 8 9 5 4 3 4 5 6 7 8 9 10 6 5 4 5 6 7 8 9 10 11 7 6 5 6 7 8 9 10 11 12 
7 6 5 4 5 6 7 8 9 10 6 5 4 3 4 5 6 7 8 9 5 4 3 2 3 4 5 6 7 8 4 3 2 1 2 3 4 5 6 7 3 2 1 0 1 2 3 4 5 6 4 3 2 1 2 3 4 5 6 7 5 4 3 2 3 4 5 6 7 8 6 5 4 3 4 5 6 7 8 9 7 6 5 4 5 6 7 8 9 10 8 7 6 5 6 7 8 9 10 11 
8 7 6 5 4 5 6 7 8 9 7 6 5 4 3 4 5 6 7 8 6 5 4 3 2 3 4 5 6 7 5 4 3 2 1 2 3 4 5 6 4 3 2 1 0 1 2 3 4 5 5 4 3 2 1 2 3 4 5 6 6 5 4 3 2 3 4 5 6 7 7 6 5 4 3 4 5 6 7 8 8 7 6 5 4 5 6 7 8 9 9 8 7 6 5 6 7 8 9 10 
9 8 7 6 5 4 5 6 7 8 8 7 6 5 4 3 4 5 6 7 7 6 5 4 3 2 3 4 5 6 6 5 4 3 2 1 2 3 4 5 5 4 3 2 1 0 1 2 3 4 6 5 4 3 2 1 2 3 4 5 7 6 5 4 3 2 3 4 5 6 8 7 6 5 4 3 4 5 6 7 9 8 7 6 5 4 5 6 7 8 10 9 8 7 6 5 6 7 8 9 
10 9 8 7 6 5 4 5 6 7 9 8 7 6 5 4 3 4 5 6 8 7 6 5 4 3 2 3 4 5 7 6 5 4 3 2 1 2 3 4 6 5 4 3 2 1 0 1 2 3 7 6 5 4 3 2 1 2 3 4 8 7 6 5 4 3 2 3 4 5 9 8 7 6 5 4 3 4 5 6 10 9 8 7 6 5 4 5 6 7 11 10 9 8 7 6 5 6 7 8 
11 10 9 8 7 6 5 4 5 6 10 9 8 7 6 5 4 3 4 5 9 8 7 6 5 4 3 2 3 4 8 7 6 5 4 3 2 1 2 3 7 6 5 4 3 2 1 0 1 2 8 7 6 5 4 3 2 1 2 3 9 8 7 6 5 4 3 2 3 4 10 9 8 7 6 5 4 3 4 5 11 10 9 8 7 6 5 4 5 6 12 11 10 9 8 7 6 5 6 7 
12 11 10 9 8 7 6 5 4 5 11 10 9 8 7 6 5 4 3 4 10 9 8 7 6 5 4 3 2 3 9 8 7 6 5 4 3 2 1 2 8 7 6 5 4 3 2 1 0 1 9 8 7 6 5 4 3 2 1 2 10 9 8 7 6 5 4 3 2 3 11 10 9 8 7 6 5 4 3 4 12 11 10 9 8 7 6 5 4 5 13 12 11 10 9 8 7 6 5 6 
13 12 11 10 9 8 7 6 5 4 12 11 10 9 8 7 6 5 4 3 11 10 9 8 7 6 5 4 3 2 10 9 8 7 6 5 4 3 2 1 9 8 7 6 5 4 3 2 1 0 10 9 8 7 6 5 4 3 2 1 11 10 9 8 7 6 5 4 3 2 12 11 10 9 8 7 6 5 4 3 13 12 11 10 9 8 7 6 5 4 14 13 12 11 10 9 8 7 6 5 
5 6 7 8 9 10 11 12 13 14 4 5 6 7 8 9 10 11 12 13 3 4 5 6 7 8 9 10 11 12 2 3 4 5 6 7 8 9 10 11 1 2 3 4 5 6 7 8 9 10 0 1 2 3 4 5 6 7 8 9 1 2 3 4 5 6 7 8 9 10 2 3 4 5 6 7 8 9 10 11 3 4 5 6 7 8 9 10 11 12 4 5 6 7 8 9 10 11 12 13 
6 5 6 7 8 9 10 11 12 13 5 4 5 6 7 8 9 10 11 12 4 3 4 5 6 7 8 9 10 11 3 2 3 4 5 6 7 8 9 10 2 1 2 3 4 5 6 7 8 9 1 0 1 2 3 4 5 6 7 8 2 1 2 3 4 5 6 7 8 9 3 2 3 4 5 6 7 8 9 10 4 3 4 5 6 7 8 9 10 11 5 4 5 6 7 8 9 10 11 12 
7 6 5 6 7 8 9 10 11 12 6 5 4 5 6 7 8 9 10 11 5 4 3 4 5 6 7 8 9 10 4 3 2 3 4 5 6 7 8 9 3 2 1 2 3 4 5 6 7 8 2 1 0 1 2 3 4 5 6 7 3 2 1 2 3 4 5 6 7 8 4 3 2 3 4 5 6 7 8 9 5 4 3 4 5 6 7 8 9 10 6 5 4 5 6 7 8 9 10 11 
8 7 6 5 6 7 8 9 10 11 7 6 5 4 5 6 7 8 9 10 6 5 4 3 4 5 6 7 8 9 5 4 3 2 3 4 5 6 7 8 4 3 2 1 2 3 4 5 6 7 3 2 1 0 1 2 3 4 5 6 4 3 2 1 2 3 4 5 6 7 5 4 3 2 3 4 5 6 7 8 6 5 4 3 4 5 6 7 8 9 7 6 5 4 5 6 7 8 9 10 
9 8 7 6 5 6 7 8 9 10 8 7 6 5 4 5 6 7 8 9 7 6 5 4 3 4 5 6 7 8 6 5 4 3 2 3 4 5 6 7 5 4 3 2 1 2 3 4 5 6 4 3 2 1 0 1 2 3 4 5 5 4 3 2 1 2 3 4 5 6 6 5 4 3 2 3 4 5 6 7 7 6 5 4 3 4 5 6 7 8 8 7 6 5 4 5 6 7 8 9 
10 9 8 7 6 5 6 7 8 9 9 8 7 6 5 4 5 6 7 8 8 7 6 5 4 3 4 5 6 7 7 6 5 4 3 2 3 4 5 6 6 5 4 3 2 1 2 3 4 5 5 4 3 2 1 0 1 2 3 4 6 5 4 3 2 1 2 3 4 5 7 6 5 4 3 2 3 4 5 6 8 7 6 5 4 3 4 5 6 7 9 8 7 6 5 4 5 6 7 8 
11 10 9 8 7 6 5 6 7 8 10 9 8 7 6 5 4 5 6 7 9 8 7 6 5 4 3 4 5 6 8 7 6 5 4 3 2 3 4 5 7 6 5 4 3 2 1 2 3 4 6 5 4 3 2 1 0 1 2 3 7 6 5 4 3 2 1 2 3 4 8 7 6 5 4 3 2 3 4 5 9 8 7 6 5 4 3 4 5 6 10 9 8 7 6 5 4 5 6 7 
12 11 10 9 8 7 6 5 6 7 11 10 9 8 7 6 5 4 5 6 10 9 8 7 6 5 4 3 4 5 9 8 7 6 5 4 3 2 3 4 8 7 6 5 4 3 2 1 2 3 7 6 5 4 3 2 1 0 1 2 8 7 6 5 4 3 2 1 2 3 9 8 7 6 5 4 3 2 3 4 10 9 8 7 6 5 4 3 4 5 11 10 9 8 7 6 5 4 5 6 
13 12 11 10 9 8 7 6 5 6 12 11 10 9 8 7 6 5 4 5 11 10 9 8 7 6 5 4 3 4 10 9 8 7 6 5 4 3 2 3 9 8 7 6 5 4 3 2 1 2 8 7 6 5 4 3 2 1 0 1 9 8 7 6 5 4 3 2 1 2 10 9 8 7 6 5 4 3 2 3 11 10 9 8 7 6 5 4 3 4 12 11 10 9 8 7 6 5 4 5 
14 13 12 11 10 9 8 7 6 5 13 12 11 10 9 8 7 6 5 4 12 11 10 9 8 7 6 5 4 3 11 10 9 8 7 6 5 4 3 2 10 9 8 7 6 5 4 3 2 1 9 8 7 6 5 4 3 2 1 0 10 9 8 7 6 5 4 3 2 1 11 10 9 8 7 6 5 4 3 2 12 11 10 9 8 7 6 5 4 3 13 12 11 10 9 8 7 6 5 4 
6 7 8 9 10 11 12 13 14 15 5 6 7 8 9 10 11 12 13 14 4 5 6 7 8 9 10 11 12 13 3 4 5 6 7 8 9 10 11 12 2 3 4 5 6 7 8 9 10 11 1 2 3 4 5 6 7 8 9 10 0 1 2 3 4 5 6 7 8 9 1 2 3 4 5 6 7 8 9 10 2 3 4 5 6 7 8 9 10 11 3 4 5 6 7 8 9 10 11 12 
7 6 7 8 9 10 11 12 13 14 6 5 6 7 8 9 10 11 12 13 5 4 5 6 7 8 9 10 11 12 4 3 4 5 6 7 8 9 10 11 3 2 3 4 5 6 7 8 9 10 2 1 2 3 4 5 6 7 8 9 1 0 1 2 3 4 5 6 7 8 2 1 2 3 4 5 6 7 8 9 3 2 3 4 5 6 7 8 9 10 4 3 4 5 6 7 8 9 10 11 
8 7 6 7 8 9 10 11 12 13 7 6 5 6 7 8 9 10 11 12 6 5 4 5 6 7 8 9 10 11 5 4 3 4 5 6 7 8 9 10 4 3 2 3 4 5 6 7 8 9 3 2 1 2 3 4 5 6 7 8 2 1 0 1 2 3 4 5 6 7 3 2 1 2 3 4 5 6 7 8 4 3 2 3 4 5 6 7 8 9 5 4 3 4 5 6 7 8 9 10 
9 8 7 6 7 8 9 10 11 12 8 7 6 5 6 7 8 9 10 11 7 6 5 4 5 6 7 8 9 10 6 5 4 3 4 5 6 7 8 9 5 4 3 2 3 4 5 6 7 8 4 3 2 1 2 3 4 5 6 7 3 2 1 0 1 2 3 4 5 6 4 3 2 1 2 3 4 5 6 7 5 4 3 2 3 4 5 6 7 8 6 5 4 3 4 5 6 7 8 9 
10 9 8 7 6 7 8 9 10 11 9 8 7 6 5 6 7 8 9 10 8 7 6 5 4 5 6 7 8 9 7 6 5 4 3 4 5 6 7 8 6 5 4 3 2 3 4 5 6 7 5 4 3 2 1 2 3 4 5 6 4 3 2 1 0 1 2 3 4 5 5 4 3 2 1 2 3 4 5 6 6 5 4 3 2 3 4 5 6 7 7 6 5 4 3 4 5 6 7 8 
11 10 9 8 7 6 7 8 9 10 10 9 8 7 6 5 6 7 8 9 9 8 7 6 5 4 5 6 7 8 8 7 6 5 4 3 4 5 6 7 7 6 5 4 3 2 3 4 5 6 6 5 4 3 2 1 2 3 4 5 5 4 3 2 1 0 1 2 3 4 6 5 4 3 2 1 2 3 4 5 7 6 5 4 3 2 3 4 5 6 8 7 6 5 4 3 4 5 6 7 
12 11 10 9 8 7 6 7 8 9 11 10 9 8 7 6 5 6 7 8 10 9 8 7 6 5 4 5 6 7 9 8 7 6 5 4 3 4 5 6 8 7 6 5 4 3 2 3 4 5 7 6 5 4 3 2 1 2 3 4 6 5 4 3 2 1 0 1 2 3 7 6 5 4 3 2 1 2 3 4 8 7 6 5 4 3 2 3 4 5 9 8 7 6 5 4 3 4 5 6 
13 12 11 10 9 8 7 6 7 8 12 11 10 9 8 7 6 5 6 7 11 10 9 8 7 6 5 4 5 6 10 9 8 7 6 5 4 3 4 5 9 8 7 6 5 4 3 2 3 4 8 7 6 5 4 3 2 1 2 3 7 6 5 4 3 2 1 0 1 2 8 7 6 5 4 3 2 1 2 3 9 8 7 6 5 4 3 2 3 4 10 9 8 7 6 5 4 3 4 5 
14 13 12 11 10 9 8 7 6 7 13 12 11 10 9 8 7 6 5 6 12 11 10 9 8 7 6 5 4 5 11 10 9 8 7 6 5 4 3 4 10 9 8 7 6 5 4 3 2 3 9 8 7 6 5 4 3 2 1 2 8 7 6 5 4 3 2 1 0 1 9 8 7 6 5 4 3 2 1 2 10 9 8 7 6 5 4 3 2 3 11 10 9 8 7 6 5 4 3 4 
15 14 13 12 11 10 9 8 7 6 14 13 12 11 10 9 8 7 6 5 13 12 11 10 9 8 7 6 5 4 12 11 10 9 8 7 6 5 4 3 11 10 9 8 7 6 5 4 3 2 10 9 8 7 6 5 4 3 2 1 9 8 7 6 5 4 3 2 1 0 10 9 8 7 6 5 4 3 2 1 11 10 9 8 7 6 5 4 3 2 12 11 10 9 8 7 6 5 4 3 
7 8 9 10 11 12 13 14 15 16 6 7 8 9 10 11 12 13 14 15 5 6 7 8 9 10 11 12 13 14 4 5 6 7 8 9 10 11 12 13 3 4 5 6 7 8 9 10 11 12 2 3 4 5 6 7 8 9 10 11 1 2 3 4 5 6 7 8 9 10 0 1 2 3 4 5 6 7 8 9 1 2 3 4 5 6 7 8 9 10 2 3 4 5 6 7 8 9 10 11 
8 7 8 9 10 11 12 13 14 15 7 6 7 8 9 10 11 12 13 14 6 5 6 7 8 9 10 11 12 13 5 4 5 6 7 8 9 10 11 12 4 3 4 5 6 7 8 9 10 11 3 2 3 4 5 6 7 8 9 10 2 1 2 3 4 5 6 7 8 9 1 0 1 2 3 4 5 6 7 8 2 1 2 3 4 5 6 7 8 9 3 2 3 4 5 6 7 8 9 10 
9 8 7 8 9 10 11 12 13 14 8 7 6 7 8 9 10 11 12 13 7 6 5 6 7 8 9 10 11 12 6 5 4 5 6 7 8 9 10 11 5 4 3 4 5 6 7 8 9 10 4 3 2 3 4 5 6 7 8 9 3 2 1 2 3 4 5 6 7 8 2 1 0 1 2 3 4 5 6 7 3 2 1 2 3 4 5 6 7 8 4 3 2 3 4 5 6 7 8 9 
10 9 8 7 8 9 10 11 12 13 9 8 7 6 7 8 9 10 11 12 8 7 6 5 6 7 8 9 10 11 7 6 5 4 5 6 7 8 9 10 6 5 4 3 4 5 6 7 8 9 5 4 3 2 3 4 5 6 7 8 4 3 2 1 2 3 4 5 6 7 3 2 1 0 1 2 3 4 5 6 4 3 2 1 2 3 4 5 6 7 5 4 3 2 3 4 5 6 7 8 
11 10 9 8 7 8 9 10 11 12 10 9 8 7 6 7 8 9 10 11 9 8 7 6 5 6 7 8 9 10 8 7 6 5 4 5 6 7 8 9 7 6 5 4 3 4 5 6 7 8 6 5 4 3 2 3 4 5 6 7 5 4 3 2 1 2 3 4 5 6 4 3 2 1 0 1 2 3 4 5 5 4 3 2 1 2 3 4 5 6 6 5 4 3 2 3 4 5 6 7 
12 11 10 9 8 7 8 9 10 11 11 10 9 8 7 6 7 8 9 10 10 9 8 7 6 5 6 7 8 9 9 8 7 6 5 4 5 6 7 8 8 7 6 5 4 3 4 5 6 7 7 6 5 4 3 2 3 4 5 6 6 5 4 3 2 1 2 3 4 5 5 4 3 2 1 0 1 2 3 4 6 5 4 3 2 1 2 3 4 5 7 6 5 4 3 2 3 4 5 6 
13 12 11 10 9 8 7 8 9 10 12 11 10 9 8 7 6 7 8 9 11 10 9 8 7 6 5 6 7 8 10 9 8 7 6 5 4 5 6 7 9 8 7 6 5 4 3 4 5 6 8 7 6 5 4 3 2 3 4 5 7 6 5 4 3 2 1 2 3 4 6 5 4 3 2 1 0 1 2 3 7 6 5 4 3 2 1 2 3 4 8 7 6 5 4 3 2 3 4 5 
14 13 12 11 10 9 8 7 8 9 13 12 11 10 9 8 7 6 7 8 12 11 10 9 8 7 6 5 6 7 11 10 9 8 7 6 5 4 5 6 10 9 8 7 6 5 4 3 4 5 9 8 7 6 5 4 3 2 3 4 8 7 6 5 4 3 2 1 2 3 7 6 5 4 3 2 1 0 1 2 8 7 6 5 4 3 2 1 2 3 9 8 7 6 5 4 3 2 3 4 
15 14 13 12 11 10 9 8 7 8 14 13 12 11 10 9 8 7 6 7 13 12 11 10 9 8 7 6 5 6 12 11 10 9 8 7 6 5 4 5 11 10 9 8 7 6 5 4 3 4 10 9 8 7 6 5 4 3 2 3 9 8 7 6 5 4 3 2 1 2 8 7 6 5 4 3 2 1 0 1 9 8 7 6 5 4 3 2 1 2 10 9 8 7 6 5 4 3 2 3 
16 15 14 13 12 11 10 9 8 7 15 14 13 12 11 10 9 8 7 6 14 13 12 11 10 9 8 7 6 5 13 12 11 10 9 8 7 6 5 4 12 11 10 9 8 7 6 5 4 3 11 10 9 8 7 6 5 4 3 2 10 9 8 7 6 5 4 3 2 1 9 8 7 6 5 4 3 2 1 0 10 9 8 7 6 5 4 3 2 1 11 10 9 8 7 6 5 4 3 2 
8 9 10 11 12 13 14 15 16 17 7 8 9 10 11 12 13 14 15 16 6 7 8 9 10 11 12 13 14 15 5 6 7 8 9 10 11 12 13 14 4 5 6 7 8 9 10 11 12 13 3 4 5 6 7 8 9 10 11 12 2 3 4 5 6 7 8 9 10 11 1 2 3 4 5 6 7 8 9 10 0 1 2 3 4 5 6 7 8 9 1 2 3 4 5 6 7 8 9 10 
9 8 9 10 11 12 13 14 15 16 8 7 8 9 10 11 12 13 14 15 7 6 7 8 9 10 11 12 13 14 6 5 6 7 8 9 10 11 12 13 5 4 5 6 7 8 9 10 11 12 4 3 4 5 6 7 8 9 10 11 3 2 3 4 5 6 7 8 9 10 2 1 2 3 4 5 6 7 8 9 1 0 1 2 3 4 5 6 7 8 2 1 2 3 4 5 6 7 8 9 
10 9 8 9 10 11 12 13 14 15 9 8 7 8 9 10 11 12 13 14 8 7 6 7 8 9 10 11 12 13 7 6 5 6 7 8 9 10 11 12 6 5 4 5 6 7 8 9 10 11 5 4 3 4 5 6 7 8 9 10 4 3 2 3 4 5 6 7 8 9 3 2 1 2 3 4 5 6 7 8 2 1 0 1 2 3 4 5 6 7 3 2 1 2 3 4 5 6 7 8 
11 10 9 8 9 10 11 12 13 14 10 9 8 7 8 9 10 11 12 13 9 8 7 6 7 8 9 10 11 12 8 7 6 5 6 7 8 9 10 11 7 6 5 4 5 6 7 8 9 10 6 5 4 3 4 5 6 7 8 9 5 4 3 2 3 4 5 6 7 8 4 3 2 1 2 3 4 5 6 7 3 2 1 0 1 2 3 4 5 6 4 3 2 1 2 3 4 5 6 7 
12 11 10 9 8 9 10 11 12 13 11 10 9 8 7 8 9 10 11 12 10 9 8 7 6 7 8 9 10 11 9 8 7 6 5 6 7 8 9 10 8 7 6 5 4 5 6 7 8 9 7 6 5 4 3 4 5 6 7 8 6 5 4 3 2 3 4 5 6 7 5 4 3 2 1 2 3 4 5 6 4 3 2 1 0 1 2 3 4 5 5 4 3 2 1 2 3 4 5 6 
13 12 11 10 9 8 9 10 11 12 12 11 10 9 8 7 8 9 10 11 11 10 9 8 7 6 7 8 9 10 10 9 8 7 6 5 6 7 8 9 9 8 7 6 5 4 5 6 7 8 8 7 6 5 4 3 4 5 6 7 7 6 5 4 3 2 3 4 5 6 6 5 4 3 2 1 2 3 4 5 5 4 3 2 1 0 1 2 3 4 6 5 4 3 2 1 2 3 4 5 
14 13 12 11 10 9 8 9 10 11 13 12 11 10 9 8 7 8 9 10 12 11 10 9 8 7 6 7 8 9 11 10 9 8 7 6 5 6 7 8 10 9 8 7 6 5 4 5 6 7 9 8 7 6 5 4 3 4 5 6 8 7 6 5 4 3 2 3 4 5 7 6 5 4 3 2 1 2 3 4 6 5 4 3 2 1 0 1 2 3 7 6 5 4 3 2 1 2 3 4 
15 14 13 12 11 10 9 8 9 10 14 13 12 11 10 9 8 7 8 9 13 12 11 10 9 8 7 6 7 8 12 11 10 9 8 7 6 5 6 7 11 10 9 8 7 6 5 4 5 6 10 9 8 7 6 5 4 3 4 5 9 8 7 6 5 4 3 2 3 4 8 7 6 5 4 3 2 1 2 3 7 6 5 4 3 2 1 0 1 2 8 7 6 5 4 3 2 1 2 3 
16 15 14 13 12 11 10 9 8 9 15 14 13 12 11 10 9 8 7 8 14 13 12 11 10 9 8 7 6 7 13 12 11 10 9 8 7 6 5 6 12 11 10 9 8 7 6 5 4 5 11 10 9 8 7 6 5 4 3 4 10 9 8 7 6 5 4 3 2 3 9 8 7 6 5 4 3 2 1 2 8 7 6 5 4 3 2 1 0 1 9 8 7 6 5 4 3 2 1 2 
17 16 15 14 13 12 11 10 9 8 16 15 14 13 12 11 10 9 8 7 15 14 13 12 11 10 9 8 7 6 14 13 12 11 10 9 8 7 6 5 13 12 11 10 9 8 7 6 5 4 12 11 10 9 8 7 6 5 4 3 11 10 9 8 7 6 5 4 3 2 10 9 8 7 6 5 4 3 2 1 9 8 7 6 5 4 3 2 1 0 10 9 8 7 6 5 4 3 2 1 
9 10 11 12 13 14 15 16 17 18 8 9 10 11 12 13 14 15 16 17 7 8 9 10 11 12 13 14 15 16 6 7 8 9 10 11 12 13 14 15 5 6 7 8 9 10 11 12 13 14 4 5 6 7 8 9 10 11 12 13 3 4 5 6 7 8 9 10 11 12 2 3 4 5 6 7 8 9 10 11 1 2 3 4 5 6 7 8 9 10 0 1 2 3 4 5 6 7 8 9 
10 9 10 11 12 13 14 15 16 17 9 8 9 10 11 12 13 14 15 16 8 7 8 9 10 11 12 13 14 15 7 6 7 8 9 10 11 12 13 14 6 5 6 7 8 9 10 11 12 13 5 4 5 6 7 8 9 10 11 12 4 3 4 5 6 7 8 9 10 11 3 2 3 4 5 6 7 8 9 10 2 1 2 3 4 5 6 7 8 9 1 0 1 2 3 4 5 6 7 8 
11 10 9 10 11 12 13 14 15 16 10 9 8 9 10 11 12 13 14 15 9 8 7 8 9 10 11 12 13 14 8 7 6 7 8 9 10 11 12 13 7 6 5 6 7 8 9 10 11 12 6 5 4 5 6 7 8 9 10 11 5 4 3 4 5 6 7 8 9 10 4 3 2 3 4 5 6 7 8 9 3 2 1 2 3 4 5 6 7 8 2 1 0 1 2 3 4 5 6 7 
12 11 10 9 10 11 12 13 14 15 11 10 9 8 9 10 11 12 13 14 10 9 8 7 8 9 10 11 12 13 9 8 7 6 7 8 9 10 11 12 8 7 6 5 6 7 8 9 10 11 7 6 5 4 5 6 7 8 9 10 6 5 4 3 4 5 6 7 8 9 5 4 3 2 3 4 5 6 7 8 4 3 2 1 2 3 4 5 6 7 3 2 1 0 1 2 3 4 5 6 
13 12 11 10 9 10 11 12 13 14 12 11 10 9 8 9 10 11 12 13 11 10 9 8 7 8 9 10 11 12 10 9 8 7 6 7 8 9 10 11 9 8 7 6 5 6 7 8 9 10 8 7 6 5 4 5 6 7 8 9 7 6 5 4 3 4 5 6 7 8 6 5 4 3 2 3 4 5 6 7 5 4 3 2 1 2 3 4 5 6 4 3 2 1 0 1 2 3 4 5 
14 13 12 11 10 9 10 11 12 13 13 12 11 10 9 8 9 10 11 12 12 11 10 9 8 7 8 9 10 11 11 10 9 8 7 6 7 8 9 10 10 9 8 7 6 5 6 7 8 9 9 8 7 6 5 4 5 6 7 8 8 7 6 5 4 3 4 5 6 7 7 6 5 4 3 2 3 4 5 6 6 5 4 3 2 1 2 3 4 5 5 4 3 2 1 0 1 2 3 4 
15 14 13 12 11 10 9 10 11 12 14 13 12 11 10 9 8 9 10 11 13 12 11 10 9 8 7 8 9 10 12 11 10 9 8 7 6 7 8 9 11 10 9 8 7 6 5 6 7 8 10 9 8 7 6 5 4 5 6 7 9 8 7 6 5 4 3 4 5 6 8 7 6 5 4 3 2 3 4 5 7 6 5 4 3 2 1 2 3 4 6 5 4 3 2 1 0 1 2 3 
16 15 14 13 12 11 10 9 10 11 15 14 13 12 11 10 9 8 9 10 14 13 12 11 10 9 8 7 8 9 13 12 11 10 9 8 7 6 7 8 12 11 10 9 8 7 6 5 6 7 11 10 9 8 7 6 5 4 5 6 10 9 8 7 6 5 4 3 4 5 9 8 7 6 5 4 3 2 3 4 8 7 6 5 4 3 2 1 2 3 7 6 5 4 3 2 1 0 1 2 
17 16 15 14 13 12 11 10 9 10 16 15 14 13 12 11 10 9 8 9 15 14 13 12 11 10 9 8 7 8 14 13 12 11 10 9 8 7 6 7 13 12 11 10 9 8 7 6 5 6 12 11 10 9 8 7 6 5 4 5 11 10 9 8 7 6 5 4 3 4 10 9 8 7 6 5 4 3 2 3 9 8 7 6 5 4 3 2 1 2 8 7 6 5 4 3 2 1 0 1 
18 17 16 15 14 13 12 11 10 9 17 16 15 14 13 12 11 10 9 8 16 15 14 13 12 11 10 9 8 7 15 14 13 12 11 10 9 8 7 6 14 13 12 11 10 9 8 7 6 5 13 12 11 10 9 8 7 6 5 4 12 11 10 9 8 7 6 5 4 3 11 10 9 8 7 6 5 4 3 2 10 9 8 7 6 5 4 3 2 1 9 8 7 6 5 4 3 2 1 0 
0 65 0 0 1 0 1 35 124 49 76 1 4 0 1 68 0 1 1 109 0 1 1 46 3 20 27 77 1 19 4 71 0 0 1 2 3 1 1 0 1 27 27 110 1 42 1 1 1 32 5 1 29 1 3 5 1 1 4 0 0 1 33 0 17 33 15 93 27 6 0 8 0 114 89 30 1 28 1 1 3 0 0 5 67 70 0 33 6 31 0 0 0 1 1 0 1 0 60 0 
0 0 1 0 57 32 0 85 33 1 0 1 1 0 0 0 0 7 1 1 1 1 1 29 46 19 0 110 0 15 1 0 52 17 6 0 1 1 24 1 12 1 117 63 1 1 21 1 1 1 56 92 1 1 3 0 0 8 15 14 91 19 1 0 0 58 0 6 0 76 0 37 0 1 0 118 0 16 1 24 15 78 1 1 26 12 3 0 36 70 31 6 27 63 32 9 13 85 0 1 
26 104 0 1 2 7 0 75 3 18 1 0 0 29 1 2 119 36 2 1 1 4 28 0 3 1 79 0 1 97 1 1 0 25 0 0 0 12 42 0 0 1 0 1 0 0 1 58 68 41 24 1 0 81 0 110 1 19 3 26 4 80 18 54 9 0 1 1 0 0 4 16 0 0 56 11 12 0 54 124 1 90 30 54 4 0 36 76 103 55 35 0 0 27 0 22 0 1 0 6 
5 1 0 0 86 2 48 78 0 108 16 0 6 17 28 1 19 106 21 0 1 4 1 104 23 41 0 47 2 1 0 0 37 0 22 0 73 20 1 1 1 5 44 41 3 2 3 0 53 0 25 0 3 2 0 104 5 0 7 12 0 0 15 37 11 1 87 1 32 83 0 0 1 37 86 6 1 49 0 0 0 35 0 37 74 0 0 59 17 1 0 46 0 0 5 1 84 18 24 124 
1 10 63 78 0 1 0 0 1 16 33 125 0 118 0 0 5 1 5 0 13 0 1 0 0 22 10 1 27 1 5 115 1 61 1 37 1 1 23 43 9 0 1 1 0 0 1 0 0 1 0 1 59 2 85 0 1 70 88 22 70 29 19 53 9 0 2 6 90 6 66 0 123 3 107 1 17 1 124 1 7 0 10 0 68 8 0 48 0 14 0 35 2 4 2 3 12 43 64 5 
0 1 93 56 19 0 8 0 33 3 1 1 2 74 15 40 1 1 127 1 3 0 10 0 58 28 3 12 104 1 1 63 1 1 0 1 1 33 0 100 5 1 0 83 0 1 100 58 31 25 4 22 120 21 1 100 113 1 24 22 1 1 1 84 5 58 14 1 67 1 2 0 36 1 9 33 65 10 0 0 13 21 0 110 0 1 2 0 0 1 2 1 8 99 32 6 10 125 66 4 
1 43 1 0 2 13 0 54 12 12 1 120 33 0 22 34 0 70 0 4 0 1 1 33 1 61 1 35 18 1 32 0 0 1 89 0 26 29 0 6 14 1 30 4 76 1 2 32 0 0 1 1 37 35 86 20 7 34 0 0 109 4 6 1 51 0 2 19 111 0 1 11 0 123 33 8 87 46 0 58 0 0 0 26 0 13 5 0 1 1 0 0 42 0 2 1 51 0 1 18 
4 14 31 10 61 48 64 0 16 2 31 1 1 8 40 2 60 12 8 6 15 110 101 0 1 4 32 119 0 3 99 44 41 109 2 1 0 0 0 0 2 0 0 68 3 1 3 1 0 1 1 0 0 28 0 79 0 30 102 0 12 64 0 97 1 105 0 28 18 2 0 0 7 0 1 1 0 0 0 42 68 1 1 0 33 116 107 2 24 1 30 3 29 1 85 1 13 1 1 89 
102 29 29 2 12 8 6 3 0 7 14 76 0 1 67 1 40 0 1 0 0 83 13 0 0 0 1 24 1 1 1 0 0 31 20 53 6 30 1 116 117 1 0 17 1 0 11 0 15 122 126 0 0 28 19 3 103 1 36 0 21 16 0 57 16 73 19 82 31 29 55 56 1 79 0 0 0 74 1 0 1 1 1 0 1 1 2 1 0 108 1 89 57 67 0 11 70 0 0 1 
122 0 9 0 5 1 22 6 36 0 0 0 124 1 0 1 14 3 123 47 13 0 65 0 1 37 22 17 9 0 26 3 1 0 0 0 66 0 0 3 1 1 82 0 0 1 127 16 1 2 19 1 44 1 47 13 19 9 1 58 6 33 1 1 8 20 2 11 1 1 52 0 33 1 0 12 0 1 89 24 49 1 2 0 54 0 12 1 122 5 0 1 1 1 1 2 5 0 126 119 
54 0 0 23 0 2 17 6 18 1 0 58 3 8 1 112 3 7 0 10 0 0 0 11 7 1 1 74 7 0 54 31 0 38 0 0 0 75 1 3 10 113 9 127 0 1 1 0 8 5 3 115 0 0 2 7 6 0 1 46 24 56 94 1 48 1 94 56 1 1 1 12 11 1 69 18 0 1 0 1 38 6 22 28 0 0 69 0 30 1 49 122 0 0 0 3 0 1 1 0 
5 19 1 0 31 0 0 114 1 0 94 0 13 40 6 1 23 5 115 21 1 0 125 1 17 1 14 7 25 1 4 65 1 10 33 0 124 40 0 0 92 1 0 46 0 0 1 25 0 0 0 0 57 6 1 0 55 4 0 0 53 33 42 2 1 1 0 0 0 18 115 4 1 0 0 15 1 48 0 0 8 0 1 103 0 0 5 0 0 16 45 0 1 0 72 29 49 67 33 49 
109 118 1 1 1 1 16 17 1 25 18 0 0 16 1 0 3 1 59 45 2 0 126 85 7 0 0 1 1 43 10 2 19 0 1 1 21 1 2 98 0 1 9 0 1 12 91 1 76 1 111 55 1 0 1 1 18 95 0 67 1 0 1 0 81 4 1 69 9 1 0 1 1 5 1 45 2 36 1 0 6 13 0 112 1 45 2 1 82 52 5 76 32 0 0 3 1 1 0 1 
45 23 1 102 1 41 0 1 79 77 0 1 1 0 3 12 38 80 0 0 0 0 1 38 2 0 32 23 88 1 16 1 1 0 1 36 91 0 98 0 22 3 0 43 1 0 11 0 72 18 0 0 2 26 7 27 7 98 0 110 0 1 7 10 1 49 33 1 127 58 11 31 0 0 1 90 0 0 0 0 1 107 100 94 0 1 1 1 10 32 1 5 80 0 0 0 99 0 0 7 
78 0 81 127 11 0 1 74 42 3 39 1 9 3 0 4 1 0 51 24 0 0 27 106 0 0 23 74 0 6 1 19 1 0 1 1 0 0 115 0 89 5 1 20 0 6 70 1 52 72 1 0 11 1 0 1 6 0 0 1 57 1 1 8 51 0 1 70 1 7 0 107 19 0 0 1 5 0 0 0 1 23 11 112 1 1 87 1 0 23 0 1 95 0 1 72 1 68 29 3 
1 88 2 1 1 1 0 35 0 10 22 47 0 9 4 0 3 1 1 21 28 17 39 1 1 107 0 0 0 7 41 0 0 49 0 0 24 2 1 67 1 42 1 0 1 13 93 3 1 37 1 0 12 7 19 0 50 83 13 1 0 0 3 21 1 12 83 27 0 0 0 95 1 5 30 17 98 0 1 25 14 0 21 0 61 1 1 54 58 0 105 8 0 98 0 0 59 0 115 78 
0 0 70 12 17 0 83 1 5 0 7 1 113 1 2 62 0 0 102 74 58 1 0 0 11 83 19 1 0 113 7 52 1 2 4 15 19 30 8 92 0 1 30 1 63 1 2 9 17 6 1 3 18 18 0 7 1 1 23 0 6 1 0 57 13 0 1 0 1 1 86 1 7 0 1 4 1 11 85 1 3 3 1 0 0 1 0 0 0 1 65 0 1 103 122 3 0 0 0 101 
48 60 1 0 1 85 16 1 44 0 101 0 0 0 0 1 3 0 6 28 1 1 37 4 22 21 0 0 1 2 0 0 65 0 79 84 39 0 25 4 1 1 14 9 7 0 0 27 0 4 0 0 75 3 1 1 0 1 1 6 18 0 1 53 1 0 11 2 127 0 2 0 3 1 16 0 5 1 0 1 0 0 8 0 1 10 1 56 62 0 1 1 114 0 3 0 11 97 37 9 
1 19 20 1 81 0 3 0 34 0 20 1 0 97 41 0 0 1 0 76 79 1 18 0 1 92 1 17 21 1 0 1 29 32 0 1 3 9 19 22 15 1 0 41 70 7 1 1 1 1 1 2 80 60 0 108 74 0 121 77 2 5 59 1 0 0 113 24 18 22 72 1 2 0 2 116 1 16 7 9 32 6 76 113 0 0 1 113 104 0 1 1 60 4 31 12 56 1 1 87 
85 77 66 1 44 1 1 1 37 29 1 18 28 1 1 29 34 1 6 0 9 88 1 1 1 1 1 1 16 1 0 42 0 5 6 9 24 1 28 9 27 0 10 1 120 6 46 0 91 11 57 2 88 4 1 31 1 1 12 11 8 1 18 1 0 6 1 37 1 0 125 49 0 1 19 2 27 1 31 2 3 14 0 13 1 1 2 6 0 1 89 2 20 0 27 0 37 25 0 25 
11 1 12 0 91 33 1 1 1 0 107 0 40 6 0 3 43 32 87 1 0 21 0 36 0 19 60 6 0 1 0 40 19 1 1 1 50 14 0 5 0 38 70 12 59 12 0 0 1 17 3 81 29 1 72 0 1 0 101 112 1 0 71 1 10 21 117 0 67 70 1 1 26 10 1 17 0 14 16 10 7 57 6 1 0 61 16 120 1 50 1 21 81 0 0 64 12 0 111 62 
0 25 0 1 47 1 1 60 36 16 18 1 14 1 4 36 1 0 0 0 38 0 6 29 1 1 0 42 0 52 41 40 0 42 1 63 0 2 5 59 17 5 7 0 1 0 1 34 1 0 0 103 0 2 1 0 0 62 9 0 3 0 1 1 0 16 25 59 1 51 42 2 19 23 1 8 1 1 10 24 114 114 0 1 8 8 0 1 1 0 5 8 1 59 87 6 1 3 0 0 
46 5 1 6 1 13 0 1 0 2 50 1 0 1 4 0 0 1 13 1 47 0 0 1 70 16 20 0 1 1 108 1 1 6 1 1 1 6 49 1 1 72 14 14 1 0 13 0 0 100 37 0 2 0 36 37 0 55 8 3 9 1 0 1 1 2 2 3 1 74 0 0 10 7 1 0 0 15 28 0 115 1 0 84 4 0 16 0 48 2 0 0 0 1 16 10 13 7 9 0 
93 1 0 107 0 1 17 1 22 10 4 1 0 1 88 0 29 1 17 1 1 0 0 0 0 1 0 0 1 33 1 89 1 49 0 4 1 70 1 1 1 1 32 76 2 0 0 23 119 112 37 19 91 119 40 96 0 45 1 10 0 18 0 1 43 1 0 64 21 3 2 126 5 77 59 0 0 15 0 10 42 0 0 51 1 0 0 0 9 1 0 0 0 1 100 16 0 0 1 1 
84 1 68 0 86 79 24 1 0 25 77 1 10 1 67 47 1 1 85 0 114 27 48 15 0 2 4 0 0 11 2 0 0 8 1 1 20 24 0 10 0 1 0 36 12 1 13 5 14 1 33 0 2 45 1 62 1 18 2 0 0 0 91 69 0 0 33 1 1 1 1 0 3 0 2 118 9 1 0 2 22 12 45 1 1 55 4 2 1 6 125 1 81 0 0 0 1 1 41 0 
7 1 1 65 1 15 12 102 2 3 40 12 1 0 35 0 0 103 1 1 88 49 1 1 1 0 0 100 1 1 46 0 7 45 50 1 7 0 10 1 66 0 0 8 16 109 76 19 79 1 1 7 22 1 1 50 98 1 3 41 23 1 46 0 1 1 1 1 2 107 1 1 0 94 101 34 1 75 0 16 27 0 124 0 1 1 4 1 1 1 6 0 125 3 6 1 95 53 47 5 
7 1 22 83 50 85 74 23 53 0 15 0 1 21 36 0 41 0 40 1 1 1 6 8 21 0 0 0 39 1 1 0 1 1 0 37 124 15 0 0 55 95 112 16 2 75 1 1 1 0 46 0 1 1 0 66 4 1 40 6 40 14 1 4 32 30 0 0 111 1 1 1 26 1 15 0 115 24 1 0 56 51 117 119 1 0 1 1 1 0 47 99 0 37 0 26 1 23 38 0 
1 0 0 8 1 1 0 106 57 1 0 22 1 62 1 0 1 2 19 1 16 1 2 5 0 0 7 0 123 0 1 0 75 0 0 1 29 1 0 0 1 0 0 95 45 0 5 1 0 1 66 1 1 1 37 8 1 84 8 0 0 0 0 1 1 0 16 0 22 1 1 1 29 0 1 2 0 90 98 23 0 1 0 8 10 95 1 113 27 0 0 127 1 51 96 5 8 1 0 6 
112 0 6 65 20 1 1 5 0 6 1 68 8 5 1 97 32 30 2 1 113 0 0 1 1 0 1 109 0 44 1 0 23 0 94 19 8 34 1 7 0 1 0 0 120 2 83 0 120 1 0 61 1 13 1 0 1 20 0 25 2 1 16 1 1 86 45 37 0 106 0 95 1 0 51 6 0 0 73 0 1 0 26 1 88 1 1 1 1 1 12 1 32 0 21 36 118 0 7 87 
34 15 0 63 10 0 76 1 4 0 1 1 0 84 16 117 0 1 60 0 24 49 0 12 7 1 111 25 2 0 1 24 7 0 1 113 0 9 9 2 0 1 18 1 1 0 3 82 47 5 1 0 0 23 103 9 1 0 1 0 32 47 5 87 16 0 1 0 6 53 30 59 101 0 63 1 1 69 8 13 1 1 34 13 0 4 1 4 49 0 5 2 0 4 7 0 0 0 3 1 
53 0 4 1 13 13 26 0 3 0 12 66 20 27 0 1 0 99 0 1 1 3 0 57 17 1 1 0 10 59 0 3 0 123 1 0 0 1 1 0 1 15 110 0 6 67 0 77 0 1 12 115 21 1 0 0 2 11 45 1 9 4 68 24 0 54 16 34 1 56 0 1 1 1 126 1 104 87 17 0 39 0 1 1 18 1 0 0 1 0 0 1 0 2 1 34 87 123 1 100 
2 0 10 0 0 9 3 0 1 124 0 59 22 1 0 1 1 1 56 48 0 37 3 0 115 4 73 7 29 1 0 0 19 0 1 1 78 1 2 1 18 111 15 0 104 0 1 16 1 72 1 64 1 0 2 1 10 57 25 1 19 1 20 42 1 0 75 74 0 23 0 0 31 45 51 1 16 37 0 3 15 0 0 4 2 1 0 1 0 18 11 24 0 0 0 71 56 32 40 35 
30 29 2 67 9 8 1 68 1 5 9 9 0 4 0 1 0 64 0 2 86 1 0 11 40 3 1 0 27 19 1 18 0 1 1 9 1 1 37 1 18 12 84 0 19 15 34 44 0 51 0 1 49 1 0 55 8 34 0 12 1 0 48 1 0 70 13 9 1 0 0 0 28 34 105 1 0 1 28 1 0 52 17 1 0 4 55 0 1 63 47 0 36 1 1 3 1 46 62 0 
69 1 62 8 7 1 0 1 4 89 2 1 1 0 0 4 50 100 70 1 1 81 12 1 63 15 5 94 6 1 0 6 1 0 31 18 0 1 2 0 0 0 0 17 70 0 1 1 0 64 0 32 61 53 56 20 49 1 0 1 1 59 41 78 0 19 2 63 24 0 37 0 0 38 2 24 124 0 54 0 1 1 0 1 1 16 1 36 1 45 0 1 1 85 0 11 24 11 0 116 
0 3 1 30 94 3 1 19 79 0 1 33 0 0 0 2 36 42 56 55 3 3 20 14 1 74 1 45 83 3 1 78 1 2 0 1 25 43 0 27 21 0 39 120 85 66 109 0 23 1 6 0 1 38 1 0 1 0 0 0 0 0 12 95 16 98 7 0 6 3 8 13 1 0 1 0 2 31 1 0 3 0 41 0 0 0 23 31 1 9 1 12 51 82 1 53 5 8 3 0 
1 71 63 48 2 113 85 39 109 1 1 1 43 0 116 2 85 0 0 0 0 30 82 0 14 110 1 2 5 0 12 5 0 0 116 0 0 75 28 109 96 2 1 9 0 53 6 1 5 32 0 1 8 1 84 0 1 0 20 90 38 1 1 0 1 0 68 12 111 36 20 1 0 10 1 0 5 1 0 7 0 12 0 1 1 0 50 0 21 0 0 1 0 0 102 92 1 0 1 1 
0 36 1 1 1 1 109 74 1 97 102 3 76 74 0 51 7 5 19 6 0 1 4 123 0 7 114 70 59 1 0 98 12 1 0 1 0 10 34 1 1 38 2 1 112 60 2 1 1 21 1 1 0 1 1 70 0 0 0 22 113 2 123 0 1 1 103 1 40 112 21 4 16 4 11 0 22 87 7 0 1 1 7 0 46 4 6 110 0 0 0 87 3 115 1 10 39 1 0 21 
10 44 0 1 15 21 72 1 15 67 102 1 2 6 5 1 0 1 28 13 0 0 60 2 42 0 0 0 36 10 2 0 67 1 48 7 114 0 2 11 16 58 18 72 1 1 0 3 0 0 13 1 21 0 30 32 55 13 0 0 2 0 0 84 0 98 0 0 13 1 16 0 1 13 54 0 100 24 1 53 19 6 87 0 1 1 0 109 61 1 15 84 17 90 0 56 4 19 92 1 
1 3 21 0 38 5 96 0 22 1 19 37 73 0 33 1 80 0 0 34 2 83 18 0 1 4 22 0 1 8 0 3 0 45 125 89 103 58 0 0 9 1 12 1 48 0 5 0 1 0 0 54 3 0 8 1 1 2 102 1 0 1 92 0 1 1 0 0 28 45 1 0 1 1 0 0 83 31 1 1 115 1 0 8 0 58 81 9 60 96 1 0 17 3 1 0 6 19 1 1 
1 93 0 35 78 5 1 1 1 1 1 0 0 0 0 0 3 1 48 11 0 12 0 0 73 0 9 0 2 4 94 18 1 6 1 1 71 88 9 0 9 82 1 1 0 47 1 0 54 121 1 1 1 1 4 14 0 1 1 107 1 1 1 2 1 39 30 13 24 29 66 0 1 0 1 5 100 16 14 0 0 1 5 84 1 0 1 1 5 54 0 11 1 89 0 45 0 1 0 4 
1 0 15 63 0 0 18 0 114 63 87 0 93 87 1 0 0 15 0 1 0 0 19 1 1 9 42 41 99 12 0 61 1 0 0 0 0 1 17 9 0 0 67 1 4 0 15 4 0 2 2 3 70 112 1 1 1 0 0 1 1 14 1 0 0 12 0 0 1 6 39 1 1 1 42 0 0 50 121 0 0 36 0 110 1 78 0 11 2 1 6 0 4 16 0 1 0 54 19 1 
69 1 106 0 12 15 45 26 109 7 95 0 0 1 17 14 29 1 34 116 1 2 20 1 1 3 0 3 69 12 14 2 5 1 36 105 1 28 18 0 18 0 0 49 0 0 59 18 19 19 78 7 0 10 0 13 30 0 8 1 102 1 0 0 27 1 1 0 23 45 27 20 0 0 7 1 0 89 28 0 1 8 6 16 0 0 0 25 17 0 1 0 6 19 6 68 31 107 0 0 
1 118 15 1 3 11 0 14 0 42 0 85 93 0 3 0 0 0 20 22 1 43 1 100 0 0 4 0 1 0 1 0 3 0 1 1 58 14 0 1 62 0 0 116 1 0 0 4 10 2 0 111 1 2 9 1 0 15 0 1 0 1 1 82 4 1 0 0 1 1 36 3 0 1 3 1 108 10 11 4 9 1 47 70 68 0 1 1 126 0 0 1 37 0 1 1 101 0 0 27 
1 107 8 11 1 1 9 109 121 0 12 0 1 36 10 83 28 80 1 0 1 30 43 1 99 0 80 1 14 57 99 65 10 2 0 62 25 76 0 0 0 0 72 0 12 63 1 13 31 0 0 0 0 1 1 1 66 118 78 1 25 5 1 54 87 118 11 0 24 103 0 101 1 60 44 44 0 45 0 33 48 1 31 1 0 11 32 1 40 108 69 97 28 1 80 37 1 0 27 48 
110 115 1 0 1 0 77 5 0 1 0 1 64 0 1 48 0 1 19 41 1 1 0 0 1 1 45 33 25 1 0 0 5 56 0 28 1 4 0 0 1 75 1 62 0 8 5 24 1 72 13 126 1 1 33 96 8 6 57 24 58 116 103 0 0 0 0 120 4 20 8 1 0 1 26 1 1 0 0 1 1 7 73 0 2 2 0 1 14 1 0 0 86 1 82 1 1 43 49 11 
15 85 0 0 0 7 0 2 1 105 0 61 0 55 32 0 55 6 9 18 0 1 78 1 0 0 0 0 1 0 70 6 81 32 0 47 1 0 8 67 1 88 11 57 0 0 1 0 0 0 64 0 86 1 1 1 122 58 16 0 0 6 1 37 5 18 1 0 1 112 119 1 63 1 0 4 0 1 1 23 21 0 2 6 33 0 1 7 83 35 34 68 1 29 8 0 0 5 1 28 
5 1 1 54 2 111 0 0 124 103 5 7 1 0 1 107 1 0 1 64 40 0 76 1 19 116 1 18 1 35 18 1 2 17 0 0 66 8 5 49 1 54 7 22 29 0 0 1 0 11 0 28 41 11 103 74 114 1 35 1 3 1 2 5 0 3 41 82 9 1 0 1 82 1 1 8 109 98 17 0 0 0 71 122 0 16 1 56 51 1 0 0 4 0 13 103 0 13 31 0 
55 0 104 6 0 1 1 1 65 1 1 0 9 25 2 69 106 35 22 0 30 16 32 79 0 0 29 0 0 1 91 3 1 1 1 70 14 2 8 4 125 85 90 0 0 0 89 0 100 0 0 0 96 119 27 42 1 15 1 2 21 0 0 125 0 81 4 23 43 1 0 125 2 86 122 0 1 7 68 36 0 1 87 0 9 0 1 30 1 38 0 1 6 1 4 18 5 0 0 0 
10 26 4 2 0 71 1 27 107 43 0 1 79 2 28 1 12 30 1 33 77 0 12 47 8 15 117 34 52 25 1 4 0 23 41 98 0 0 47 1 0 11 12 19 1 1 89 19 0 1 41 95 56 64 40 10 88 28 7 0 12 1 1 4 0 1 0 1 30 0 1 1 3 1 0 74 1 108 9 18 1 25 6 95 1 0 1 16 1 1 1 0 30 98 19 0 8 32 0 41 
1 1 3 17 0 4 41 97 8 66 96 1 0 1 0 0 1 6 1 56 27 116 29 85 0 5 1 2 1 1 1 9 0 3 39 0 0 1 52 2 1 43 0 83 1 0 0 1 0 0 0 42 46 86 104 0 0 1 0 74 0 0 1 12 0 39 91 24 35 56 11 0 0 0 25 93 0 71 2 84 1 1 87 31 1 61 85 1 7 103 0 23 0 1 0 0 6 1 1 15 
85 54 0 119 1 98 59 40 51 3 0 1 0 32 0 9 13 66 0 16 73 1 24 3 0 70 1 0 0 14 0 0 1 34 33 41 1 6 3 0 122 1 0 0 0 32 0 3 8 89 0 8 73 17 1 1 11 1 0 13 0 52 34 1 24 110 0 4 1 20 1 5 1 0 0 55 36 104 25 0 101 10 13 0 0 3 1 0 33 1 1 93 109 1 3 34 113 3 6 3 
0 25 1 1 0 0 0 41 0 1 3 1 7 0 0 3 0 0 0 10 8 67 117 18 5 3 17 9 9 0 66 0 1 1 45 105 1 0 1 0 95 61 15 0 30 17 0 1 0 16 9 0 1 0 16 1 0 1 7 12 127 12 123 58 33 0 0 27 26 5 0 98 0 20 1 3 11 9 4 0 1 6 1 0 101 0 68 0 0 0 1 41 0 1 97 0 12 1 44 0 
4 28 71 91 107 1 10 1 0 12 1 92 7 1 0 81 42 0 1 117 0 0 94 0 0 45 1 52 43 0 1 26 114 19 6 4 1 56 0 0 94 13 1 116 1 74 6 2 35 64 0 95 0 123 6 18 17 34 22 3 10 29 125 1 1 1 89 126 7 0 26 1 73 13 1 1 89 122 4 42 1 1 42 0 3 19 1 0 3 125 95 0 26 0 12 16 1 0 8 0 
1 0 1 23 0 60 9 0 0 27 1 12 0 0 0 1 33 2 2 1 0 0 3 37 1 125 121 0 1 16 68 1 0 62 1 1 16 12 96 0 0 0 117 0 1 0 54 84 0 43 25 42 18 0 1 1 24 94 1 5 9 0 1 66 14 111 22 1 12 1 92 1 7 48 71 1 88 124 0 89 1 1 33 16 96 86 0 0 25 73 69 91 1 9 0 53 1 111 20 52 
3 1 1 1 113 1 59 80 1 24 38 12 80 0 1 4 25 49 11 1 0 1 20 1 82 12 28 0 13 15 0 4 57 12 0 1 1 0 1 21 43 2 0 1 1 9 14 0 0 1 1 12 64 91 0 25 1 1 0 1 120 56 1 14 103 1 20 1 1 1 1 0 22 17 0 22 0 10 8 6 89 1 0 1 1 0 0 0 51 58 1 1 13 1 74 1 30 2 0 1 
1 4 1 76 34 1 1 0 0 20 51 85 0 20 11 27 9 12 29 1 15 1 120 1 124 112 21 127 43 0 39 6 1 2 12 1 6 94 2 27 2 0 0 20 71 0 86 1 7 31 101 112 51 14 0 0 78 0 3 0 41 4 1 1 1 61 26 0 56 19 9 4 0 57 46 0 8 27 0 0 11 1 0 1 0 0 0 4 1 0 3 17 104 0 41 0 12 97 0 0 
0 0 118 54 51 35 1 114 1 1 8 49 1 3 0 12 1 39 123 1 37 1 0 1 39 0 102 1 3 69 9 1 1 9 2 0 1 1 0 8 5 15 54 59 1 49 31 53 82 122 0 126 0 0 36 1 0 5 30 19 1 26 0 12 0 14 4 1 0 95 0 16 0 100 19 14 0 100 0 34 0 40 49 9 2 1 0 0 52 15 0 0 0 0 112 16 1 11 104 1 
1 0 12 0 0 2 0 1 7 1 9 0 1 0 38 10 0 0 1 1 92 5 0 12 72 4 1 0 1 0 69 1 0 0 126 7 41 85 0 75 1 0 43 29 25 72 1 1 0 2 100 79 72 0 4 0 15 0 1 86 53 37 1 0 0 1 0 1 51 11 1 0 107 0 0 0 65 70 0 1 0 1 1 1 2 1 1 1 32 10 67 50 0 17 111 21 1 46 0 83 
1 1 1 4 5 29 0 1 0 26 1 5 1 58 6 119 22 0 1 16 1 1 111 73 0 0 8 86 7 61 0 1 1 2 30 0 19 1 13 7 0 106 1 0 1 1 1 1 0 4 1 1 0 0 26 0 45 42 0 75 3 1 52 6 54 27 13 2 4 71 0 31 1 82 101 0 1 81 1 66 1 4 1 11 0 4 49 0 1 2 12 1 3 2 0 1 7 20 1 0 
116 10 1 16 63 17 1 59 1 1 31 0 3 81 73 9 4 28 8 0 1 1 4 2 48 1 1 15 5 0 1 3 60 20 0 1 0 0 25 31 1 0 13 25 46 0 72 17 1 1 76 0 1 60 8 2 68 64 85 0 2 45 29 4 0 11 1 14 1 100 0 61 81 0 15 1 0 0 1 1 0 0 18 35 28 58 0 1 1 0 6 1 1 1 48 1 1 0 29 1 
9 66 6 0 107 34 28 0 0 9 4 1 6 99 0 0 12 12 0 76 7 1 1 0 60 0 5 1 0 1 0 22 3 24 0 1 0 35 5 0 1 1 1 0 127 0 38 1 13 0 0 0 124 1 0 0 0 0 1 19 0 1 12 0 34 0 0 53 0 98 10 21 1 1 0 42 0 56 7 0 2 124 1 0 8 4 4 1 100 0 1 31 1 13 1 0 0 0 73 4 
0 15 95 0 31 0 0 28 6 0 2 1 25 12 61 8 2 27 0 1 1 0 1 103 82 2 91 0 17 0 0 7 1 1 1 0 0 33 0 1 2 12 72 39 0 29 0 1 64 10 0 0 29 39 6 0 48 72 1 63 16 0 42 2 0 16 3 96 32 0 0 30 5 14 43 0 4 0 1 1 0 1 33 51 6 1 75 56 85 10 0 37 34 27 11 0 1 17 0 122 
68 0 0 8 63 0 26 1 14 0 15 46 95 0 1 6 5 73 1 38 32 38 124 0 37 6 2 0 55 41 7 3 7 0 0 0 0 49 1 0 62 1 0 104 1 23 1 0 1 4 49 1 0 1 1 29 32 0 0 0 78 1 0 0 73 125 81 33 79 5 11 0 1 1 12 78 42 91 38 96 1 53 1 0 123 1 0 2 0 0 0 21 1 0 20 15 22 28 1 0 
0 50 6 7 1 1 1 6 0 0 1 51 1 6 2 26 1 1 0 47 7 0 4 20 9 1 64 0 0 1 108 12 1 22 93 51 1 57 1 0 97 1 1 0 2 1 1 118 19 1 1 1 1 4 0 56 8 0 84 112 10 1 30 0 4 4 23 1 1 2 2 0 0 0 35 6 0 1 14 14 0 55 6 0 2 1 94 0 1 45 85 80 1 29 5 90 27 1 4 75 
1 0 106 1 0 38 1 101 52 1 0 4 32 0 28 33 1 1 4 120 0 49 1 9 41 14 1 104 4 24 1 1 0 0 1 3 0 0 35 3 0 36 0 1 38 0 91 11 1 1 0 1 125 0 23 0 0 29 0 62 78 0 1 30 0 1 2 1 0 0 54 5 0 83 1 6 6 8 1 0 0 0 0 65 1 43 6 4 17 11 9 0 1 6 1 0 0 100 13 65 
2 118 0 0 1 11 3 32 0 87 0 0 38 8 34 0 1 37 1 0 1 5 1 3 8 4 112 53 1 24 1 0 18 1 4 10 0 30 37 1 1 37 88 18 6 1 16 1 31 1 110 69 1 0 14 0 1 12 25 0 1 107 0 1 0 0 1 0 97 1 0 0 1 0 0 1 25 1 49 0 4 1 0 113 60 1 19 81 122 8 69 119 97 103 55 25 17 81 47 14 
82 10 59 28 1 0 96 1 5 120 9 7 0 90 1 1 50 0 0 2 1 25 1 0 56 38 0 85 41 0 1 22 116 51 108 112 75 85 9 6 94 4 1 0 40 30 1 0 53 0 1 0 66 70 0 91 0 0 15 25 2 117 0 1 44 0 0 74 31 111 1 88 1 9 1 49 1 1 1 20 1 0 2 85 1 1 86 0 11 57 17 76 2 0 7 43 0 0 0 25 
0 2 3 43 7 1 2 90 117 6 127 0 77 0 1 0 43 0 89 1 1 21 80 21 3 1 98 21 2 0 81 1 0 74 0 81 5 1 0 1 4 0 120 104 114 0 1 18 48 8 3 1 1 0 0 1 1 28 0 0 1 0 0 0 90 39 124 0 3 23 9 0 1 0 1 7 120 18 46 0 3 115 1 0 2 1 0 9 0 40 58 0 0 2 2 53 5 1 1 49 
68 11 1 42 1 13 25 0 0 109 0 4 0 7 0 124 97 1 59 1 0 39 1 1 63 1 0 1 1 0 105 105 119 14 1 99 77 1 43 0 4 1 27 2 8 0 65 50 0 24 1 0 1 7 0 1 0 125 0 17 1 0 14 1 54 1 1 2 0 1 33 1 38 0 56 0 63 1 1 28 10 70 0 2 0 51 0 1 77 73 0 120 26 47 92 25 1 0 0 1 
60 18 1 1 121 1 0 96 1 95 74 0 1 1 1 0 1 0 66 0 0 17 1 0 25 1 0 4 6 92 7 1 0 3 0 57 65 2 0 0 1 0 4 64 1 3 19 2 18 11 1 11 0 1 0 1 74 0 3 4 1 53 11 13 1 82 0 3 1 0 0 36 104 99 0 1 1 21 1 82 1 3 0 101 1 1 1 0 50 13 38 4 1 24 22 1 32 0 10 4 
10 1 2 0 0 26 126 1 13 40 0 8 62 1 1 1 61 9 10 0 19 1 53 69 32 0 29 0 15 0 80 4 15 0 2 10 1 11 82 127 123 29 55 107 4 21 0 0 0 77 4 1 0 55 0 24 24 1 109 5 97 1 3 1 1 0 1 0 1 0 0 77 17 110 12 1 1 0 3 8 0 1 0 0 14 1 106 3 39 58 24 22 0 1 0 0 0 46 3 4 
17 1 9 0 1 1 12 0 4 1 104 1 1 45 74 3 0 76 69 7 2 44 36 0 9 1 1 4 1 0 71 3 4 52 1 12 1 33 18 4 1 127 62 50 6 34 1 3 22 5 0 26 0 49 64 1 11 1 122 1 13 57 1 1 10 3 18 1 59 7 23 0 77 114 1 22 1 0 0 1 102 5 3 44 0 84 111 124 1 9 0 22 111 31 25 38 115 7 38 99 
1 33 0 112 101 0 5 13 56 10 82 0 1 0 0 9 0 1 1 121 1 0 0 1 1 1 1 1 38 0 1 34 9 0 1 1 28 1 2 0 0 107 1 1 1 57 0 0 20 1 0 1 0 0 0 6 36 1 1 1 1 1 69 1 113 1 82 0 35 117 0 0 0 33 1 19 1 38 0 0 4 5 0 58 1 0 49 0 1 18 0 76 104 5 13 102 0 0 1 4 
89 1 1 30 1 108 0 1 6 1 99 1 0 0 57 1 0 2 91 40 0 103 2 58 7 0 8 1 56 0 2 46 0 0 0 11 0 7 1 0 87 1 23 0 24 1 65 1 17 1 50 30 1 0 0 31 111 24 0 1 1 12 3 46 107 0 45 0 6 2 0 0 57 0 0 0 0 5 8 126 1 8 71 0 43 1 1 1 30 4 57 10 39 66 0 32 0 1 54 58 
8 14 41 1 23 54 1 0 90 0 102 6 14 1 12 8 0 14 1 12 13 15 42 4 1 48 8 3 73 1 0 17 1 1 0 33 9 0 43 20 2 12 1 79 36 14 1 1 3 12 5 1 0 52 56 1 82 36 0 3 17 0 13 9 46 1 59 1 85 31 105 16 20 54 0 1 110 61 34 5 0 0 0 0 0 0 87 114 6 1 0 79 46 0 1 112 24 1 1 76 
105 59 0 4 0 49 72 49 0 1 7 1 1 17 25 0 0 3 47 9 1 1 1 0 71 63 8 1 78 1 2 10 0 75 14 1 58 16 13 59 0 1 65 0 1 0 22 2 1 6 1 1 1 0 12 0 22 0 103 68 0 90 1 7 0 0 42 1 1 2 35 1 0 0 1 0 0 0 2 7 2 0 0 0 3 0 53 1 0 0 5 46 110 119 1 0 22 0 1 2 
1 1 25 1 23 46 0 1 5 41 12 0 27 1 39 3 0 6 15 5 0 0 2 0 1 2 28 8 1 0 1 39 12 33 0 2 0 10 0 0 3 14 0 126 24 1 6 2 1 3 27 24 29 5 0 5 3 40 3 60 13 7 31 0 31 60 30 0 4 15 0 1 59 29 3 0 0 3 44 0 0 0 14 3 9 0 87 1 36 65 2 5 25 12 28 124 0 109 0 0 
63 1 8 2 1 69 100 6 0 0 0 4 94 48 49 113 0 0 0 6 1 82 6 0 1 26 0 1 18 28 2 1 24 0 0 0 88 70 10 1 1 1 11 6 60 36 1 15 34 0 99 1 63 0 10 4 1 1 88 0 8 0 1 48 106 22 1 97 19 0 14 18 83 25 77 107 27 0 3 62 38 21 68 72 1 35 1 1 12 50 14 25 87 58 110 1 1 0 4 34 
14 35 1 0 0 64 19 27 91 2 70 3 72 85 23 8 7 4 16 49 1 4 4 40 0 11 21 0 0 61 14 1 1 1 1 1 16 0 0 1 30 57 0 1 1 0 4 47 0 47 6 0 53 21 1 91 10 40 1 0 33 48 1 1 0 1 119 0 2 14 94 1 1 0 112 8 0 123 0 10 127 37 49 1 18 0 1 25 2 1 1 0 0 75 1 0 10 104 1 20 
47 1 1 39 2 0 49 0 26 22 23 0 9 11 119 103 19 11 1 28 30 53 1 2 99 48 0 20 3 1 57 0 0 1 1 1 1 60 5 23 50 0 35 104 0 32 0 0 10 102 92 27 106 0 32 65 0 31 59 0 0 12 1 1 31 19 27 0 0 120 0 0 3 119 74 37 0 5 0 0 2 0 1 1 104 13 7 63 1 0 35 1 1 1 100 72 1 0 0 1 
32 0 1 22 0 0 77 8 65 1 1 9 17 1 122 1 70 50 24 0 0 0 119 13 25 57 0 83 0 0 1 1 33 9 1 52 67 0 42 20 25 16 68 95 0 11 0 14 0 5 1 36 7 1 1 22 1 1 1 2 1 1 22 31 1 1 1 3 0 14 0 96 15 1 0 43 1 35 0 1 0 74 57 22 1 39 17 0 5 1 0 5 0 17 1 1 1 6 0 4 
0 0 1 93 52 27 0 59 0 0 23 2 0 65 0 0 39 34 54 14 64 31 0 9 1 6 104 3 44 1 91 0 2 0 29 1 1 0 1 25 86 0 68 0 2 53 1 1 38 83 1 21 0 1 0 1 12 0 4 0 114 0 3 23 26 117 1 10 1 1 1 71 13 0 2 0 1 106 48 15 121 0 79 3 31 12 0 21 5 0 0 0 1 1 8 1 0 1 1 53 
5 0 1 1 29 0 14 0 76 79 1 81 0 87 0 0 0 73 0 1 7 71 0 109 1 84 46 89 1 5 0 0 1 0 0 13 1 14 0 3 0 1 1 0 7 2 38 76 68 51 1 116 62 0 0 0 39 1 3 99 52 1 1 0 1 86 3 54 0 9 4 2 2 0 4 16 1 106 32 72 1 1 0 0 64 20 0 0 1 25 26 78 53 1 0 0 1 98 3 21 
3 10 0 98 52 1 1 11 49 52 1 1 102 10 76 0 1 4 3 2 13 0 0 0 0 1 12 73 18 6 1 28 0 81 1 0 0 1 1 40 1 0 10 1 26 4 1 20 28 14 95 1 1 0 23 0 14 0 4 67 0 30 0 2 33 10 47 0 85 1 0 0 8 0 22 19 0 4 16 58 0 0 0 0 1 0 11 14 0 3 3 1 3 1 0 29 1 5 3 0 
0 115 1 64 1 100 1 13 48 66 16 1 36 0 1 1 0 1 0 34 65 3 0 0 104 1 1 1 1 16 81 49 61 42 1 28 1 1 0 87 1 1 94 7 51 98 1 1 3 29 7 101 50 0 8 23 1 4 44 0 0 24 105 0 0 14 95 1 1 18 14 2 52 1 81 1 0 1 61 0 1 32 1 13 0 1 26 9 1 10 1 1 44 32 0 0 1 0 0 53 
0 60 1 96 11 1 5 28 5 0 2 74 1 22 13 0 1 0 54 24 1 1 1 1 0 15 21 126 1 0 0 0 1 1 1 83 111 1 7 51 16 17 10 23 0 88 104 25 0 1 70 0 1 46 1 34 9 3 7 0 0 1 125 25 92 8 0 0 0 0 0 14 57 0 73 0 33 109 1 1 0 51 1 13 14 0 2 8 1 104 92 80 2 17 1 1 0 1 53 1 
23 0 100 7 1 1 13 110 8 0 1 108 0 0 102 1 1 107 0 10 111 1 36 1 5 1 1 22 0 64 1 1 62 25 1 91 1 32 106 102 24 100 1 124 14 15 12 1 0 1 0 1 1 18 46 5 1 49 45 79 0 15 1 107 1 1 8 53 1 0 2 0 0 10 1 0 0 0 0 73 1 17 0 0 21 1 0 0 0 6 0 0 0 36 19 104 91 7 4 28 
0 60 1 1 1 1 80 121 0 64 0 111 3 63 0 99 1 32 116 1 1 23 1 1 1 40 0 0 0 0 0 0 4 3 1 0 49 57 0 0 0 40 2 1 0 127 121 0 43 2 1 0 0 0 53 1 0 44 0 0 24 0 118 62 86 47 20 42 6 1 31 0 1 0 1 66 0 0 10 74 11 0 1 1 18 1 94 0 0 4 0 1 7 90 104 47 1 89 1 1 
1 45 1 63 0 115 0 0 48 10 111 13 33 56 104 0 0 1 36 37 1 59 1 71 107 1 0 123 14 0 6 15 1 84 1 1 29 1 1 1 114 13 1 42 0 2 1 44 2 0 18 7 0 72 28 85 0 1 0 1 1 58 4 1 0 1 2 28 0 0 52 0 1 45 116 0 9 12 43 7 7 1 0 0 36 36 12 52 0 31 114 114 121 94 1 0 1 9 0 1 
1 67 1 0 0 66 35 1 1 17 6 0 7 11 1 10 59 1 3 103 1 1 123 87 15 1 3 0 5 0 115 0 0 0 54 100 1 1 72 8 0 1 100 0 1 1 7 0 1 1 32 17 0 1 0 0 0 1 76 21 21 4 24 0 1 9 0 29 71 82 6 0 0 0 1 0 0 13 0 1 0 6 1 38 0 74 13 5 0 0 0 1 19 1 1 8 37 0 81 1 
43 7 0 45 1 1 3 20 118 1 44 1 0 112 26 0 11 0 0 0 0 1 0 0 54 0 39 0 1 57 45 0 1 0 0 5 7 1 1 9 9 13 126 3 0 81 1 0 6 58 9 1 2 40 3 41 1 80 39 1 1 1 0 40 1 1 34 0 0 0 88 54 1 69 1 28 73 0 1 2 86 0 1 1 0 14 1 110 1 13 0 1 18 0 8 1 1 6 96 1 
0 37 0 1 36 0 0 1 52 62 1 0 5 23 71 1 5 0 1 118 0 43 68 0 48 1 61 1 26 35 5 6 0 0 1 1 0 0 1 113 82 7 70 5 0 10 2 0 4 0 19 85 99 15 77 9 2 1 1 1 1 0 0 34 0 2 27 13 7 1 2 1 1 0 0 1 42 7 44 0 3 1 0 1 0 0 96 0 5 1 1 0 9 106 17 0 1 2 10 79 
12 0 1 1 46 1 1 1 1 127 1 2 97 0 0 119 67 26 0 0 1 25 0 1 2 5 21 1 0 1 58 1 55 1 1 30 1 27 0 1 104 38 36 0 1 0 0 55 0 47 1 1 39 0 52 3 0 18 0 46 0 0 108 14 0 0 0 1 0 0 0 0 1 0 0 4 103 114 61 120 1 5 0 75 1 13 2 80 1 1 3 0 0 2 54 1 0 4 0 1 
40 10 1 21 127 11 18 4 13 5 59 0 1 32 0 17 123 1 114 0 0 0 2 0 30 0 0 4 1 29 1 5 0 61 0 67 97 0 0 23 18 1 0 17 18 0 7 60 70 20 22 1 0 8 6 1 6 1 60 0 1 63 1 62 1 107 0 0 4 29 124 102 93 7 1 1 1 111 21 1 17 1 0 0 0 1 70 0 1 1 0 0 13 0 1 66 1 0 63 40 
3 19 58 1 13 69 1 109 1 1 70 0 39 1 0 11 1 0 0 1 1 5 6 0 1 48 1 18 18 0 3 1 104 6 1 5 0 45 0 1 1 1 99 0 0 1 10 85 0 110 0 21 53 11 0 14 0 1 1 18 22 15 1 1 1 4 65 18 32 57 100 4 0 90 0 30 1 20 14 50 91 1 0 1 0 21 20 3 4 2 0 1 1 0 0 2 0 2 47 3 
0 3 95 12 1 68 49 13 0 1 79 0 12 1 20 1 1 1 11 5 1 0 2 1 98 4 29 0 2 0 4 28 87 15 1 29 10 0 1 1 17 0 10 2 72 1 1 0 7 42 1 1 2 27 7 0 0 1 0 1 0 1 1 0 0 0 105 59 4 74 0 24 2 0 1 1 4 92 12 36 54 121 1 1 1 20 47 0 0 18 1 1 19 20 1 0 1 9 73 1 
124 1 1 21 1 0 1 127 55 1 1 0 22 2 1 0 108 0 0 0 0 0 1 38 0 67 1 0 1 0 3 1 35 0 14 7 106 20 82 113 1 1 0 39 1 85 0 3 1 80 34 1 29 83 0 2 52 10 18 1 0 26 1 1 0 61 1 20 1 0 3 0 12 3 117 99 123 1 7 1 0 64 1 1 10 0 28 0 0 0 31 59 1 58 64 0 0 7 1 1 
3 1 97 20 16 1 110 0 66 0 0 1 25 0 3 28 105 2 1 2 1 0 18 0 55 16 89 1 127 1 0 0 20 9 75 1 39 105 126 38 2 19 2 1 26 1 106 20 4 83 0 0 98 24 1 1 3 7 8 86 19 6 1 0 17 0 0 1 1 22 10 10 35 2 1 29 1 85 27 26 4 0 22 3 46 1 1 0 0 71 0 0 4 1 0 0 1 0 0 0 
15 1 0 0 75 92 0 64 68 26 3 3 0 2 0 9 56 5 1 1 9 54 8 29 0 0 26 4 100 4 51 4 74 0 1 0 22 6 2 0 1 39 28 0 13 114 50 116 48 89 43 119 1 0 0 35 1 0 0 0 1 1 15 0 35 69 27 0 110 2 5 60 28 1 0 0 0 0 0 0 72 0 25 0 84 33 28 68 9 26 20 6 0 1 66 91 2 0 0 29 
11 0 0 10 0 71 31 27 92 1 15 1 0 1 118 18 70 2 1 0 41 10 7 51 0 1 0 1 3 0 54 12 1 0 0 1 19 0 0 0 1 1 97 1 68 1 112 1 116 17 0 0 12 0 49 71 122 26 23 55 103 1 0 42 0 9 0 82 0 18 41 1 0 11 6 0 53 1 47 0 5 1 21 1 1 1 2 1 28 6 1 79 2 4 14 21 1 50 0 0 
