100 1000
0 1 2 3 4 5 6 7 8 9 1 2 3 4 5 6 7 8 9 10 2 3 4 5 6 7 8 9 10 11 3 4 5 6 7 8 9 10 11 12 4 5 6 7 8 9 10 11 12 13 5 6 7 8 9 10 11 12 13 14 6 7 8 9 10 11 12 13 14 15 7 8 9 10 11 12 13 14 15 16 8 9 10 11 12 13 14 15 16 17 9 10 11 12 13 14 15 16 17 18 
1 0 1 2 3 4 5 6 7 8 2 1 2 3 4 5 6 7 8 9 3 2 3 4 5 6 7 8 9 10 4 3 4 5 6 7 8 9 10 11 5 4 5 6 7 8 9 10 11 12 6 5 6 7 8 9 10 11 12 13 7 6 7 8 9 10 11 12 13 14 8 7 8 9 10 11 12 13 14 15 9 8 9 10 11 12 13 14 15 16 10 9 10 11 12 13 14 15 16 17 
2 1 0 1 2 3 4 5 6 7 3 2 1 2 3 4 5 6 7 8 4 3 2 3 4 5 6 7 8 9 5 4 3 4 5 6 7 8 9 10 6 5 4 5 6 7 8 9 10 11 7 6 5 6 7 8 9 10 11 12 8 7 6 7 8 9 10 11 12 13 9 8 7 8 9 10 11 12 13 14 10 9 8 9 10 11 12 13 14 15 11 10 9 10 11 12 13 14 15 16 
3 2 1 0 1 2 3 4 5 6 4 3 2 1 2 3 4 5 6 7 5 4 3 2 3 4 5 6 7 8 6 5 4 3 4 5 6 7 8 9 7 6 5 4 5 6 7 8 9 10 8 7 6 5 6 7 8 9 10 11 9 8 7 6 7 8 9 10 11 12 10 9 8 7 8 9 10 11 12 13 11 10 9 8 9 10 11 12 13 14 12 11 10 9 10 11 12 13 14 15 
4 3 2 1 0 1 2 3 4 5 5 4 3 2 1 2 3 4 5 6 6 5 4 3 2 3 4 5 6 7 7 6 5 4 3 4 5 6 7 8 8 7 6 5 4 5 6 7 8 9 9 8 7 6 5 6 7 8 9 10 10 9 8 7 6 7 8 9 10 11 11 10 9 8 7 8 9 10 11 12 12 11 10 9 8 9 10 11 12 13 13 12 11 10 9 10 11 12 13 14 
5 4 3 2 1 0 1 2 3 4 6 5 4 3 2 1 2 3 4 5 7 6 5 4 3 2 3 4 5 6 8 7 6 5 4 3 4 5 6 7 9 8 7 6 5 4 5 6 7 8 10 9 8 7 6 5 6 7 8 9 11 10 9 8 7 6 7 8 9 10 12 11 10 9 8 7 8 9 10 11 13 12 11 10 9 8 9 10 11 12 14 13 12 11 10 9 10 11 12 13 
6 5 4 3 2 1 0 1 2 3 7 6 5 4 3 2 1 2 3 4 8 7 6 5 4 3 2 3 4 5 9 8 7 6 5 4 3 4 5 6 10 9 8 7 6 5 4 5 6 7 11 10 9 8 7 6 5 6 7 8 12 11 10 9 8 7 6 7 8 9 13 12 11 10 9 8 7 8 9 10 14 13 12 11 10 9 8 9 10 11 15 14 13 12 11 10 9 10 11 12 
7 6 5 4 3 2 1 0 1 2 8 7 6 5 4 3 2 1 2 3 9 8 7 6 5 4 3 2 3 4 10 9 8 7 6 5 4 3 4 5 11 10 9 8 7 6 5 4 5 6 12 11 10 9 8 7 6 5 6 7 13 12 11 10 9 8 7 6 7 8 14 13 12 11 10 9 8 7 8 9 15 14 13 12 11 10 9 8 9 10 16 15 14 13 12 11 10 9 10 11 
8 7 6 5 4 3 2 1 0 1 9 8 7 6 5 4 3 2 1 2 10 9 8 7 6 5 4 3 2 3 11 10 9 8 7 6 5 4 3 4 12 11 10 9 8 7 6 5 4 5 13 12 11 10 9 8 7 6 5 6 14 13 12 11 10 9 8 7 6 7 15 14 13 12 11 10 9 8 7 8 16 15 14 13 12 11 10 9 8 9 17 16 15 14 13 12 11 10 9 10 
9 8 7 6 5 4 3 2 1 0 10 9 8 7 6 5 4 3 2 1 11 10 9 8 7 6 5 4 3 2 12 11 10 9 8 7 6 5 4 3 13 12 11 10 9 8 7 6 5 4 14 13 12 11 10 9 8 7 6 5 15 14 13 12 11 10 9 8 7 6 16 15 14 13 12 11 10 9 8 7 17 16 15 14 13 12 11 10 9 8 18 17 16 15 14 13 12 11 10 9 
1 2 3 4 5 6 7 8 9 10 0 1 2 3 4 5 6 7 8 9 1 2 3 4 5 6 7 8 9 10 2 3 4 5 6 7 8 9 10 11 3 4 5 6 7 8 9 10 11 12 4 5 6 7 8 9 10 11 12 13 5 6 7 8 9 10 11 12 13 14 6 7 8 9 10 11 12 13 14 15 7 8 9 10 11 12 13 14 15 16 8 9 10 11 12 13 14 15 16 17 
2 1 2 3 4 5 6 7 8 9 1 0 1 2 3 4 5 6 7 8 2 1 2 3 4 5 6 7 8 9 3 2 3 4 5 6 7 8 9 10 4 3 4 5 6 7 8 9 10 11 5 4 5 6 7 8 9 10 11 12 6 5 6 7 8 9 10 11 12 13 7 6 7 8 9 10 11 12 13 14 8 7 8 9 10 11 12 13 14 15 9 8 9 10 11 12 13 14 15 16 
3 2 1 2 3 4 5 6 7 8 2 1 0 1 2 3 4 5 6 7 3 2 1 2 3 4 5 6 7 8 4 3 2 3 4 5 6 7 8 9 5 4 3 4 5 6 7 8 9 10 6 5 4 5 6 7 8 9 10 11 7 6 5 6 7 8 9 10 11 12 8 7 6 7 8 9 10 11 12 13 9 8 7 8 9 10 11 12 13 14 10 9 8 9 10 11 12 13 14 15 
4 3 2 1 2 3 4 5 6 7 3 2 1 0 1 2 3 4 5 6 4 3 2 1 2 3 4 5 6 7 5 4 3 2 3 4 5 6 7 8 6 5 4 3 4 5 6 7 8 9 7 6 5 4 5 6 7 8 9 10 8 7 6 5 6 7 8 9 10 11 9 8 7 6 7 8 9 10 11 12 10 9 8 7 8 9 10 11 12 13 11 10 9 8 9 10 11 12 13 14 
5 4 3 2 1 2 3 4 5 6 4 3 2 1 0 1 2 3 4 5 5 4 3 2 1 2 3 4 5 6 6 5 4 3 2 3 4 5 6 7 7 6 5 4 3 4 5 6 7 8 8 7 6 5 4 5 6 7 8 9 9 8 7 6 5 6 7 8 9 10 10 9 8 7 6 7 8 9 10 11 11 10 9 8 7 8 9 10 11 12 12 11 10 9 8 9 10 11 12 13 
6 5 4 3 2 1 2 3 4 5 5 4 3 2 1 0 1 2 3 4 6 5 4 3 2 1 2 3 4 5 7 6 5 4 3 2 3 4 5 6 8 7 6 5 4 3 4 5 6 7 9 8 7 6 5 4 5 6 7 8 10 9 8 7 6 5 6 7 8 9 11 10 9 8 7 6 7 8 9 10 12 11 10 9 8 7 8 9 10 11 13 12 11 10 9 8 9 10 11 12 
7 6 5 4 3 2 1 2 3 4 6 5 4 3 2 1 0 1 2 3 7 6 5 4 3 2 1 2 3 4 8 7 6 5 4 3 2 3 4 5 9 8 7 6 5 4 3 4 5 6 10 9 8 7 6 5 4 5 6 7 11 10 9 8 7 6 5 6 7 8 12 11 10 9 8 7 6 7 8 9 13 12 11 10 9 8 7 8 9 10 14 13 12 11 10 9 8 9 10 11 
8 7 6 5 4 3 2 1 2 3 7 6 5 4 3 2 1 0 1 2 8 7 6 5 4 3 2 1 2 3 9 8 7 6 5 4 3 2 3 4 10 9 8 7 6 5 4 3 4 5 11 10 9 8 7 6 5 4 5 6 12 11 10 9 8 7 6 5 6 7 13 12 11 10 9 8 7 6 7 8 14 13 12 11 10 9 8 7 8 9 15 14 13 12 11 10 9 8 9 10 
9 8 7 6 5 4 3 2 1 2 8 7 6 5 4 3 2 1 0 1 9 8 7 6 5 4 3 2 1 2 10 9 8 7 6 5 4 3 2 3 11 10 9 8 7 6 5 4 3 4 12 11 10 9 8 7 6 5 4 5 13 12 11 10 9 8 7 6 5 6 14 13 12 11 10 9 8 7 6 7 15 14 13 12 11 10 9 8 7 8 16 15 14 13 12 11 10 9 8 9 
10 9 8 7 6 5 4 3 2 1 9 8 7 6 5 4 3 2 1 0 10 9 8 7 6 5 4 3 2 1 11 10 9 8 7 6 5 4 3 2 12 11 10 9 8 7 6 5 4 3 13 12 11 10 9 8 7 6 5 4 14 13 12 11 10 9 8 7 6 5 15 14 13 12 11 10 9 8 7 6 16 15 14 13 12 11 10 9 8 7 17 16 15 14 13 12 11 10 9 8 
2 3 4 5 6 7 8 9 10 11 1 2 3 4 5 6 7 8 9 10 0 1 2 3 4 5 6 7 8 9 1 2 3 4 5 6 7 8 9 10 2 3 4 5 6 7 8 9 10 11 3 4 5 6 7 8 9 10 11 12 4 5 6 7 8 9 10 11 12 13 5 6 7 8 9 10 11 12 13 14 6 7 8 9 10 11 12 13 14 15 7 8 9 10 11 12 13 14 15 16 
3 2 3 4 5 6 7 8 9 10 2 1 2 3 4 5 6 7 8 9 1 0 1 2 3 4 5 6 7 8 2 1 2 3 4 5 6 7 8 9 3 2 3 4 5 6 7 8 9 10 4 3 4 5 6 7 8 9 10 11 5 4 5 6 7 8 9 10 11 12 6 5 6 7 8 9 10 11 12 13 7 6 7 8 9 10 11 12 13 14 8 7 8 9 10 11 12 13 14 15 
4 3 2 3 4 5 6 7 8 9 3 2 1 2 3 4 5 6 7 8 2 1 0 1 2 3 4 5 6 7 3 2 1 2 3 4 5 6 7 8 4 3 2 3 4 5 6 7 8 9 5 4 3 4 5 6 7 8 9 10 6 5 4 5 6 7 8 9 10 11 7 6 5 6 7 8 9 10 11 12 8 7 6 7 8 9 10 11 12 13 9 8 7 8 9 10 11 12 13 14 
5 4 3 2 3 4 5 6 7 8 4 3 2 1 2 3 4 5 6 7 3 2 1 0 1 2 3 4 5 6 4 3 2 1 2 3 4 5 6 7 5 4 3 2 3 4 5 6 7 8 6 5 4 3 4 5 6 7 8 9 7 6 5 4 5 6 7 8 9 10 8 7 6 5 6 7 8 9 10 11 9 8 7 6 7 8 9 10 11 12 10 9 8 7 8 9 10 11 12 13 
6 5 4 3 2 3 4 5 6 7 5 4 3 2 1 2 3 4 5 6 4 3 2 1 0 1 2 3 4 5 5 4 3 2 1 2 3 4 5 6 6 5 4 3 2 3 4 5 6 7 7 6 5 4 3 4 5 6 7 8 8 7 6 5 4 5 6 7 8 9 9 8 7 6 5 6 7 8 9 10 10 9 8 7 6 7 8 9 10 11 11 10 9 8 7 8 9 10 11 12 
7 6 5 4 3 2 3 4 5 6 6 5 4 3 2 1 2 3 4 5 5 4 3 2 1 0 1 2 3 4 6 5 4 3 2 1 2 3 4 5 7 6 5 4 3 2 3 4 5 6 8 7 6 5 4 3 4 5 6 7 9 8 7 6 5 4 5 6 7 8 10 9 8 7 6 5 6 7 8 9 11 10 9 8 7 6 7 8 9 10 12 11 10 9 8 7 8 9 10 11 
8 7 6 5 4 3 2 3 4 5 7 6 5 4 3 2 1 2 3 4 6 5 4 3 2 1 0 1 2 3 7 6 5 4 3 2 1 2 3 4 8 7 6 5 4 3 2 3 4 5 9 8 7 6 5 4 3 4 5 6 10 9 8 7 6 5 4 5 6 7 11 10 9 8 7 6 5 6 7 8 12 11 10 9 8 7 6 7 8 9 13 12 11 10 9 8 7 8 9 10 
9 8 7 6 5 4 3 2 3 4 8 7 6 5 4 3 2 1 2 3 7 6 5 4 3 2 1 0 1 2 8 7 6 5 4 3 2 1 2 3 9 8 7 6 5 4 3 2 3 4 10 9 8 7 6 5 4 3 4 5 11 10 9 8 7 6 5 4 5 6 12 11 10 9 8 7 6 5 6 7 13 12 11 10 9 8 7 6 7 8 14 13 12 11 10 9 8 7 8 9 
10 9 8 7 6 5 4 3 2 3 9 8 7 6 5 4 3 2 1 2 8 7 6 5 4 3 2 1 0 1 9 8 7 6 5 4 3 2 1 2 10 9 8 7 6 5 4 3 2 3 11 10 9 8 7 6 5 4 3 4 12 11 10 9 8 7 6 5 4 5 13 12 11 10 9 8 7 6 5 6 14 13 12 11 10 9 8 7 6 7 15 14 13 12 11 10 9 8 7 8 
11 10 9 8 7 6 5 4 3 2 10 9 8 7 6 5 4 3 2 1 9 8 7 6 5 4 3 2 1 0 10 9 8 7 6 5 4 3 2 1 11 10 9 8 7 6 5 4 3 2 12 11 10 9 8 7 6 5 4 3 13 12 11 10 9 8 7 6 5 4 14 13 12 11 10 9 8 7 6 5 15 14 13 12 11 10 9 8 7 6 16 15 14 13 12 11 10 9 8 7 
3 4 5 6 7 8 9 10 11 12 2 3 4 5 6 7 8 9 10 11 1 2 3 4 5 6 7 8 9 10 0 1 2 3 4 5 6 7 8 9 1 2 3 4 5 6 7 8 9 10 2 3 4 5 6 7 8 9 10 11 3 4 5 6 7 8 9 10 11 12 4 5 6 7 8 9 10 11 12 13 5 6 7 8 9 10 11 12 13 14 6 7 8 9 10 11 12 13 14 15 
4 3 4 5 6 7 8 9 10 11 3 2 3 4 5 6 7 8 9 10 2 1 2 3 4 5 6 7 8 9 1 0 1 2 3 4 5 6 7 8 2 1 2 3 4 5 6 7 8 9 3 2 3 4 5 6 7 8 9 10 4 3 4 5 6 7 8 9 10 11 5 4 5 6 7 8 9 10 11 12 6 5 6 7 8 9 10 11 12 13 7 6 7 8 9 10 11 12 13 14 
5 4 3 4 5 6 7 8 9 10 4 3 2 3 4 5 6 7 8 9 3 2 1 2 3 4 5 6 7 8 2 1 0 1 2 3 4 5 6 7 3 2 1 2 3 4 5 6 7 8 4 3 2 3 4 5 6 7 8 9 5 4 3 4 5 6 7 8 9 10 6 5 4 5 6 7 8 9 10 11 7 6 5 6 7 8 9 10 11 12 8 7 6 7 8 9 10 11 12 13 
6 5 4 3 4 5 6 7 8 9 5 4 3 2 3 4 5 6 7 8 4 3 2 1 2 3 4 5 6 7 3 2 1 0 1 2 3 4 5 6 4 3 2 1 2 3 4 5 6 7 5 4 3 2 3 4 5 6 7 8 6 5 4 3 4 5 6 7 8 9 7 6 5 4 5 6 7 8 9 10 8 7 6 5 6 7 8 9 10 11 9 8 7 6 7 8 9 10 11 12 
7 6 5 4 3 4 5 6 7 8 6 5 4 3 2 3 4 5 6 7 5 4 3 2 1 2 3 4 5 6 4 3 2 1 0 1 2 3 4 5 5 4 3 2 1 2 3 4 5 6 6 5 4 3 2 3 4 5 6 7 7 6 5 4 3 4 5 6 7 8 8 7 6 5 4 5 6 7 8 9 9 8 7 6 5 6 7 8 9 10 10 9 8 7 6 7 8 9 10 11 
8 7 6 5 4 3 4 5 6 7 7 6 5 4 3 2 3 4 5 6 6 5 4 3 2 1 2 3 4 5 5 4 3 2 1 0 1 2 3 4 6 5 4 3 2 1 2 3 4 5 7 6 5 4 3 2 3 4 5 6 8 7 6 5 4 3 4 5 6 7 9 8 7 6 5 4 5 6 7 8 10 9 8 7 6 5 6 7 8 9 11 10 9 8 7 6 7 8 9 10 
9 8 7 6 5 4 3 4 5 6 8 7 6 5 4 3 2 3 4 5 7 6 5 4 3 2 1 2 3 4 6 5 4 3 2 1 0 1 2 3 7 6 5 4 3 2 1 2 3 4 8 7 6 5 4 3 2 3 4 5 9 8 7 6 5 4 3 4 5 6 10 9 8 7 6 5 4 5 6 7 11 10 9 8 7 6 5 6 7 8 12 11 10 9 8 7 6 7 8 9 
10 9 8 7 6 5 4 3 4 5 9 8 7 6 5 4 3 2 3 4 8 7 6 5 4 3 2 1 2 3 7 6 5 4 3 2 1 0 1 2 8 7 6 5 4 3 2 1 2 3 9 8 7 6 5 4 3 2 3 4 10 9 8 7 6 5 4 3 4 5 11 10 9 8 7 6 5 4 5 6 12 11 10 9 8 7 6 5 6 7 13 12 11 10 9 8 7 6 7 8 
11 10 9 8 7 6 5 4 3 4 10 9 8 7 6 5 4 3 2 3 9 8 7 6 5 4 3 2 1 2 8 7 6 5 4 3 2 1 0 1 9 8 7 6 5 4 3 2 1 2 10 9 8 7 6 5 4 3 2 3 11 10 9 8 7 6 5 4 3 4 12 11 10 9 8 7 6 5 4 5 13 12 11 10 9 8 7 6 5 6 14 13 12 11 10 9 8 7 6 7 
12 11 10 9 8 7 6 5 4 3 11 10 9 8 7 6 5 4 3 2 10 9 8 7 6 5 4 3 2 1 9 8 7 6 5 4 3 2 1 0 10 9 8 7 6 5 4 3 2 1 11 10 9 8 7 6 5 4 3 2 12 11 10 9 8 7 6 5 4 3 13 12 11 10 9 8 7 6 5 4 14 13 12 11 10 9 8 7 6 5 15 14 13 12 11 10 9 8 7 6 
4 5 6 7 8 9 10 11 12 13 3 4 5 6 7 8 9 10 11 12 2 3 4 5 6 7 8 9 10 11 1 2 3 4 5 6 7 8 9 10 0 1 2 3 4 5 6 7 8 9 1 2 3 4 5 6 7 8 9 10 2 3 4 5 6 7 8 9 10 11 3 4 5 6 7 8 9 10 11 12 4 5 6 7 8 9 10 11 12 13 5 6 7 8 9 10 11 12 13 14 
5 4 5 6 7 8 9 10 11 12 4 3 4 5 6 7 8 9 10 11 3 2 3 4 5 6 7 8 9 10 2 1 2 3 4 5 6 7 8 9 1 0 1 2 3 4 5 6 7 8 2 1 2 3 4 5 6 7 8 9 3 2 3 4 5 6 7 8 9 10 4 3 4 5 6 7 8 9 10 11 5 4 5 6 7 8 9 10 11 12 6 5 6 7 8 9 10 11 12 13 
6 5 4 5 6 7 8 9 10 11 5 4 3 4 5 6 7 8 9 10 4 3 2 3 4 5 6 7 8 9 3 2 1 2 3 4 5 6 7 8 2 1 0 1 2 3 4 5 6 7 3 2 1 2 3 4 5 6 7 8 4 3 2 3 4 5 6 7 8 9 5 4 3 4 5 6 7 8 9 10 6 5 4 5 6 7 8 9 10 11 7 6 5 6 7 8 9 10 11 12 
7 6 5 4 5 6 7 8 9 10 6 5 4 3 4 5 6 7 8 9 5 4 3 2 3 4 5 6 7 8 4 3 2 1 2 3 4 5 6 7 3 2 1 0 1 2 3 4 5 6 4 3 2 1 2 3 4 5 6 7 5 4 3 2 3 4 5 6 7 8 6 5 4 3 4 5 6 7 8 9 7 6 5 4 5 6 7 8 9 10 8 7 6 5 6 7 8 9 10 11 
8 7 6 5 4 5 6 7 8 9 7 6 5 4 3 4 5 6 7 8 6 5 4 3 2 3 4 5 6 7 5 4 3 2 1 2 3 4 5 6 4 3 2 1 0 1 2 3 4 5 5 4 3 2 1 2 3 4 5 6 6 5 4 3 2 3 4 5 6 7 7 6 5 4 3 4 5 6 7 8 8 7 6 5 4 5 6 7 8 9 9 8 7 6 5 6 7 8 9 10 
9 8 7 6 5 4 5 6 7 8 8 7 6 5 4 3 4 5 6 7 7 6 5 4 3 2 3 4 5 6 6 5 4 3 2 1 2 3 4 5 5 4 3 2 1 0 1 2 3 4 6 5 4 3 2 1 2 3 4 5 7 6 5 4 3 2 3 4 5 6 8 7 6 5 4 3 4 5 6 7 9 8 7 6 5 4 5 6 7 8 10 9 8 7 6 5 6 7 8 9 
10 9 8 7 6 5 4 5 6 7 9 8 7 6 5 4 3 4 5 6 8 7 6 5 4 3 2 3 4 5 7 6 5 4 3 2 1 2 3 4 6 5 4 3 2 1 0 1 2 3 7 6 5 4 3 2 1 2 3 4 8 7 6 5 4 3 2 3 4 5 9 8 7 6 5 4 3 4 5 6 10 9 8 7 6 5 4 5 6 7 11 10 9 8 7 6 5 6 7 8 
11 10 9 8 7 6 5 4 5 6 10 9 8 7 6 5 4 3 4 5 9 8 7 6 5 4 3 2 3 4 8 7 6 5 4 3 2 1 2 3 7 6 5 4 3 2 1 0 1 2 8 7 6 5 4 3 2 1 2 3 9 8 7 6 5 4 3 2 3 4 10 9 8 7 6 5 4 3 4 5 11 10 9 8 7 6 5 4 5 6 12 11 10 9 8 7 6 5 6 7 
12 11 10 9 8 7 6 5 4 5 11 10 9 8 7 6 5 4 3 4 10 9 8 7 6 5 4 3 2 3 9 8 7 6 5 4 3 2 1 2 8 7 6 5 4 3 2 1 0 1 9 8 7 6 5 4 3 2 1 2 10 9 8 7 6 5 4 3 2 3 11 10 9 8 7 6 5 4 3 4 12 11 10 9 8 7 6 5 4 5 13 12 11 10 9 8 7 6 5 6 
13 12 11 10 9 8 7 6 5 4 12 11 10 9 8 7 6 5 4 3 11 10 9 8 7 6 5 4 3 2 10 9 8 7 6 5 4 3 2 1 9 8 7 6 5 4 3 2 1 0 10 9 8 7 6 5 4 3 2 1 11 10 9 8 7 6 5 4 3 2 12 11 10 9 8 7 6 5 4 3 13 12 11 10 9 8 7 6 5 4 14 13 12 11 10 9 8 7 6 5 
5 6 7 8 9 10 11 12 13 14 4 5 6 7 8 9 10 11 12 13 3 4 5 6 7 8 9 10 11 12 2 3 4 5 6 7 8 9 10 11 1 2 3 4 5 6 7 8 9 10 0 1 2 3 4 5 6 7 8 9 1 2 3 4 5 6 7 8 9 10 2 3 4 5 6 7 8 9 10 11 3 4 5 6 7 8 9 10 11 12 4 5 6 7 8 9 10 11 12 13 
6 5 6 7 8 9 10 11 12 13 5 4 5 6 7 8 9 10 11 12 4 3 4 5 6 7 8 9 10 11 3 2 3 4 5 6 7 8 9 10 2 1 2 3 4 5 6 7 8 9 1 0 1 2 3 4 5 6 7 8 2 1 2 3 4 5 6 7 8 9 3 2 3 4 5 6 7 8 9 10 4 3 4 5 6 7 8 9 10 11 5 4 5 6 7 8 9 10 11 12 
7 6 5 6 7 8 9 10 11 12 6 5 4 5 6 7 8 9 10 11 5 4 3 4 5 6 7 8 9 10 4 3 2 3 4 5 6 7 8 9 3 2 1 2 3 4 5 6 7 8 2 1 0 1 2 3 4 5 6 7 3 2 1 2 3 4 5 6 7 8 4 3 2 3 4 5 6 7 8 9 5 4 3 4 5 6 7 8 9 10 6 5 4 5 6 7 8 9 10 11 
8 7 6 5 6 7 8 9 10 11 7 6 5 4 5 6 7 8 9 10 6 5 4 3 4 5 6 7 8 9 5 4 3 2 3 4 5 6 7 8 4 3 2 1 2 3 4 5 6 7 3 2 1 0 1 2 3 4 5 6 4 3 2 1 2 3 4 5 6 7 5 4 3 2 3 4 5 6 7 8 6 5 4 3 4 5 6 7 8 9 7 6 5 4 5 6 7 8 9 10 
9 8 7 6 5 6 7 8 9 10 8 7 6 5 4 5 6 7 8 9 7 6 5 4 3 4 5 6 7 8 6 5 4 3 2 3 4 5 6 7 5 4 3 2 1 2 3 4 5 6 4 3 2 1 0 1 2 3 4 5 5 4 3 2 1 2 3 4 5 6 6 5 4 3 2 3 4 5 6 7 7 6 5 4 3 4 5 6 7 8 8 7 6 5 4 5 6 7 8 9 
10 9 8 7 6 5 6 7 8 9 9 8 7 6 5 4 5 6 7 8 8 7 6 5 4 3 4 5 6 7 7 6 5 4 3 2 3 4 5 6 6 5 4 3 2 1 2 3 4 5 5 4 3 2 1 0 1 2 3 4 6 5 4 3 2 1 2 3 4 5 7 6 5 4 3 2 3 4 5 6 8 7 6 5 4 3 4 5 6 7 9 8 7 6 5 4 5 6 7 8 
11 10 9 8 7 6 5 6 7 8 10 9 8 7 6 5 4 5 6 7 9 8 7 6 5 4 3 4 5 6 8 7 6 5 4 3 2 3 4 5 7 6 5 4 3 2 1 2 3 4 6 5 4 3 2 1 0 1 2 3 7 6 5 4 3 2 1 2 3 4 8 7 6 5 4 3 2 3 4 5 9 8 7 6 5 4 3 4 5 6 10 9 8 7 6 5 4 5 6 7 
12 11 10 9 8 7 6 5 6 7 11 10 9 8 7 6 5 4 5 6 10 9 8 7 6 5 4 3 4 5 9 8 7 6 5 4 3 2 3 4 8 7 6 5 4 3 2 1 2 3 7 6 5 4 3 2 1 0 1 2 8 7 6 5 4 3 2 1 2 3 9 8 7 6 5 4 3 2 3 4 10 9 8 7 6 5 4 3 4 5 11 10 9 8 7 6 5 4 5 6 
13 12 11 10 9 8 7 6 5 6 12 11 10 9 8 7 6 5 4 5 11 10 9 8 7 6 5 4 3 4 10 9 8 7 6 5 4 3 2 3 9 8 7 6 5 4 3 2 1 2 8 7 6 5 4 3 2 1 0 1 9 8 7 6 5 4 3 2 1 2 10 9 8 7 6 5 4 3 2 3 11 10 9 8 7 6 5 4 3 4 12 11 10 9 8 7 6 5 4 5 
14 13 12 11 10 9 8 7 6 5 13 12 11 10 9 8 7 6 5 4 12 11 10 9 8 7 6 5 4 3 11 10 9 8 7 6 5 4 3 2 10 9 8 7 6 5 4 3 2 1 9 8 7 6 5 4 3 2 1 0 10 9 8 7 6 5 4 3 2 1 11 10 9 8 7 6 5 4 3 2 12 11 10 9 8 7 6 5 4 3 13 12 11 10 9 8 7 6 5 4 
6 7 8 9 10 11 12 13 14 15 5 6 7 8 9 10 11 12 13 14 4 5 6 7 8 9 10 11 12 13 3 4 5 6 7 8 9 10 11 12 2 3 4 5 6 7 8 9 10 11 1 2 3 4 5 6 7 8 9 10 0 1 2 3 4 5 6 7 8 9 1 2 3 4 5 6 7 8 9 10 2 3 4 5 6 7 8 9 10 11 3 4 5 6 7 8 9 10 11 12 
7 6 7 8 9 10 11 12 13 14 6 5 6 7 8 9 10 11 12 13 5 4 5 6 7 8 9 10 11 12 4 3 4 5 6 7 8 9 10 11 3 2 3 4 5 6 7 8 9 10 2 1 2 3 4 5 6 7 8 9 1 0 1 2 3 4 5 6 7 8 2 1 2 3 4 5 6 7 8 9 3 2 3 4 5 6 7 8 9 10 4 3 4 5 6 7 8 9 10 11 
8 7 6 7 8 9 10 11 12 13 7 6 5 6 7 8 9 10 11 12 6 5 4 5 6 7 8 9 10 11 5 4 3 4 5 6 7 8 9 10 4 3 2 3 4 5 6 7 8 9 3 2 1 2 3 4 5 6 7 8 2 1 0 1 2 3 4 5 6 7 3 2 1 2 3 4 5 6 7 8 4 3 2 3 4 5 6 7 8 9 5 4 3 4 5 6 7 8 9 10 
9 8 7 6 7 8 9 10 11 12 8 7 6 5 6 7 8 9 10 11 7 6 5 4 5 6 7 8 9 10 6 5 4 3 4 5 6 7 8 9 5 4 3 2 3 4 5 6 7 8 4 3 2 1 2 3 4 5 6 7 3 2 1 0 1 2 3 4 5 6 4 3 2 1 2 3 4 5 6 7 5 4 3 2 3 4 5 6 7 8 6 5 4 3 4 5 6 7 8 9 
10 9 8 7 6 7 8 9 10 11 9 8 7 6 5 6 7 8 9 10 8 7 6 5 4 5 6 7 8 9 7 6 5 4 3 4 5 6 7 8 6 5 4 3 2 3 4 5 6 7 5 4 3 2 1 2 3 4 5 6 4 3 2 1 0 1 2 3 4 5 5 4 3 2 1 2 3 4 5 6 6 5 4 3 2 3 4 5 6 7 7 6 5 4 3 4 5 6 7 8 
11 10 9 8 7 6 7 8 9 10 10 9 8 7 6 5 6 7 8 9 9 8 7 6 5 4 5 6 7 8 8 7 6 5 4 3 4 5 6 7 7 6 5 4 3 2 3 4 5 6 6 5 4 3 2 1 2 3 4 5 5 4 3 2 1 0 1 2 3 4 6 5 4 3 2 1 2 3 4 5 7 6 5 4 3 2 3 4 5 6 8 7 6 5 4 3 4 5 6 7 
12 11 10 9 8 7 6 7 8 9 11 10 9 8 7 6 5 6 7 8 10 9 8 7 6 5 4 5 6 7 9 8 7 6 5 4 3 4 5 6 8 7 6 5 4 3 2 3 4 5 7 6 5 4 3 2 1 2 3 4 6 5 4 3 2 1 0 1 2 3 7 6 5 4 3 2 1 2 3 4 8 7 6 5 4 3 2 3 4 5 9 8 7 6 5 4 3 4 5 6 
13 12 11 10 9 8 7 6 7 8 12 11 10 9 8 7 6 5 6 7 11 10 9 8 7 6 5 4 5 6 10 9 8 7 6 5 4 3 4 5 9 8 7 6 5 4 3 2 3 4 8 7 6 5 4 3 2 1 2 3 7 6 5 4 3 2 1 0 1 2 8 7 6 5 4 3 2 1 2 3 9 8 7 6 5 4 3 2 3 4 10 9 8 7 6 5 4 3 4 5 
14 13 12 11 10 9 8 7 6 7 13 12 11 10 9 8 7 6 5 6 12 11 10 9 8 7 6 5 4 5 11 10 9 8 7 6 5 4 3 4 10 9 8 7 6 5 4 3 2 3 9 8 7 6 5 4 3 2 1 2 8 7 6 5 4 3 2 1 0 1 9 8 7 6 5 4 3 2 1 2 10 9 8 7 6 5 4 3 2 3 11 10 9 8 7 6 5 4 3 4 
15 14 13 12 11 10 9 8 7 6 14 13 12 11 10 9 8 7 6 5 13 12 11 10 9 8 7 6 5 4 12 11 10 9 8 7 6 5 4 3 11 10 9 8 7 6 5 4 3 2 10 9 8 7 6 5 4 3 2 1 9 8 7 6 5 4 3 2 1 0 10 9 8 7 6 5 4 3 2 1 11 10 9 8 7 6 5 4 3 2 12 11 10 9 8 7 6 5 4 3 
7 8 9 10 11 12 13 14 15 16 6 7 8 9 10 11 12 13 14 15 5 6 7 8 9 10 11 12 13 14 4 5 6 7 8 9 10 11 12 13 3 4 5 6 7 8 9 10 11 12 2 3 4 5 6 7 8 9 10 11 1 2 3 4 5 6 7 8 9 10 0 1 2 3 4 5 6 7 8 9 1 2 3 4 5 6 7 8 9 10 2 3 4 5 6 7 8 9 10 11 
8 7 8 9 10 11 12 13 14 15 7 6 7 8 9 10 11 12 13 14 6 5 6 7 8 9 10 11 12 13 5 4 5 6 7 8 9 10 11 12 4 3 4 5 6 7 8 9 10 11 3 2 3 4 5 6 7 8 9 10 2 1 2 3 4 5 6 7 8 9 1 0 1 2 3 4 5 6 7 8 2 1 2 3 4 5 6 7 8 9 3 2 3 4 5 6 7 8 9 10 
9 8 7 8 9 10 11 12 13 14 8 7 6 7 8 9 10 11 12 13 7 6 5 6 7 8 9 10 11 12 6 5 4 5 6 7 8 9 10 11 5 4 3 4 5 6 7 8 9 10 4 3 2 3 4 5 6 7 8 9 3 2 1 2 3 4 5 6 7 8 2 1 0 1 2 3 4 5 6 7 3 2 1 2 3 4 5 6 7 8 4 3 2 3 4 5 6 7 8 9 
10 9 8 7 8 9 10 11 12 13 9 8 7 6 7 8 9 10 11 12 8 7 6 5 6 7 8 9 10 11 7 6 5 4 5 6 7 8 9 10 6 5 4 3 4 5 6 7 8 9 5 4 3 2 3 4 5 6 7 8 4 3 2 1 2 3 4 5 6 7 3 2 1 0 1 2 3 4 5 6 4 3 2 1 2 3 4 5 6 7 5 4 3 2 3 4 5 6 7 8 
11 10 9 8 7 8 9 10 11 12 10 9 8 7 6 7 8 9 10 11 9 8 7 6 5 6 7 8 9 10 8 7 6 5 4 5 6 7 8 9 7 6 5 4 3 4 5 6 7 8 6 5 4 3 2 3 4 5 6 7 5 4 3 2 1 2 3 4 5 6 4 3 2 1 0 1 2 3 4 5 5 4 3 2 1 2 3 4 5 6 6 5 4 3 2 3 4 5 6 7 
12 11 10 9 8 7 8 9 10 11 11 10 9 8 7 6 7 8 9 10 10 9 8 7 6 5 6 7 8 9 9 8 7 6 5 4 5 6 7 8 8 7 6 5 4 3 4 5 6 7 7 6 5 4 3 2 3 4 5 6 6 5 4 3 2 1 2 3 4 5 5 4 3 2 1 0 1 2 3 4 6 5 4 3 2 1 2 3 4 5 7 6 5 4 3 2 3 4 5 6 
13 12 11 10 9 8 7 8 9 10 12 11 10 9 8 7 6 7 8 9 11 10 9 8 7 6 5 6 7 8 10 9 8 7 6 5 4 5 6 7 9 8 7 6 5 4 3 4 5 6 8 7 6 5 4 3 2 3 4 5 7 6 5 4 3 2 1 2 3 4 6 5 4 3 2 1 0 1 2 3 7 6 5 4 3 2 1 2 3 4 8 7 6 5 4 3 2 3 4 5 
14 13 12 11 10 9 8 7 8 9 13 12 11 10 9 8 7 6 7 8 12 11 10 9 8 7 6 5 6 7 11 10 9 8 7 6 5 4 5 6 10 9 8 7 6 5 4 3 4 5 9 8 7 6 5 4 3 2 3 4 8 7 6 5 4 3 2 1 2 3 7 6 5 4 3 2 1 0 1 2 8 7 6 5 4 3 2 1 2 3 9 8 7 6 5 4 3 2 3 4 
15 14 13 12 11 10 9 8 7 8 14 13 12 11 10 9 8 7 6 7 13 12 11 10 9 8 7 6 5 6 12 11 10 9 8 7 6 5 4 5 11 10 9 8 7 6 5 4 3 4 10 9 8 7 6 5 4 3 2 3 9 8 7 6 5 4 3 2 1 2 8 7 6 5 4 3 2 1 0 1 9 8 7 6 5 4 3 2 1 2 10 9 8 7 6 5 4 3 2 3 
16 15 14 13 12 11 10 9 8 7 15 14 13 12 11 10 9 8 7 6 14 13 12 11 10 9 8 7 6 5 13 12 11 10 9 8 7 6 5 4 12 11 10 9 8 7 6 5 4 3 11 10 9 8 7 6 5 4 3 2 10 9 8 7 6 5 4 3 2 1 9 8 7 6 5 4 3 2 1 0 10 9 8 7 6 5 4 3 2 1 11 10 9 8 7 6 5 4 3 2 
8 9 10 11 12 13 14 15 16 17 7 8 9 10 11 12 13 14 15 16 6 7 8 9 10 11 12 13 14 15 5 6 7 8 9 10 11 12 13 14 4 5 6 7 8 9 10 11 12 13 3 4 5 6 7 8 9 10 11 12 2 3 4 5 6 7 8 9 10 11 1 2 3 4 5 6 7 8 9 10 0 1 2 3 4 5 6 7 8 9 1 2 3 4 5 6 7 8 9 10 
9 8 9 10 11 12 13 14 15 16 8 7 8 9 10 11 12 13 14 15 7 6 7 8 9 10 11 12 13 14 6 5 6 7 8 9 10 11 12 13 5 4 5 6 7 8 9 10 11 12 4 3 4 5 6 7 8 9 10 11 3 2 3 4 5 6 7 8 9 10 2 1 2 3 4 5 6 7 8 9 1 0 1 2 3 4 5 6 7 8 2 1 2 3 4 5 6 7 8 9 
10 9 8 9 10 11 12 13 14 15 9 8 7 8 9 10 11 12 13 14 8 7 6 7 8 9 10 11 12 13 7 6 5 6 7 8 9 10 11 12 6 5 4 5 6 7 8 9 10 11 5 4 3 4 5 6 7 8 9 10 4 3 2 3 4 5 6 7 8 9 3 2 1 2 3 4 5 6 7 8 2 1 0 1 2 3 4 5 6 7 3 2 1 2 3 4 5 6 7 8 
11 10 9 8 9 10 11 12 13 14 10 9 8 7 8 9 10 11 12 13 9 8 7 6 7 8 9 10 11 12 8 7 6 5 6 7 8 9 10 11 7 6 5 4 5 6 7 8 9 10 6 5 4 3 4 5 6 7 8 9 5 4 3 2 3 4 5 6 7 8 4 3 2 1 2 3 4 5 6 7 3 2 1 0 1 2 3 4 5 6 4 3 2 1 2 3 4 5 6 7 
12 11 10 9 8 9 10 11 12 13 11 10 9 8 7 8 9 10 11 12 10 9 8 7 6 7 8 9 10 11 9 8 7 6 5 6 7 8 9 10 8 7 6 5 4 5 6 7 8 9 7 6 5 4 3 4 5 6 7 8 6 5 4 3 2 3 4 5 6 7 5 4 3 2 1 2 3 4 5 6 4 3 2 1 0 1 2 3 4 5 5 4 3 2 1 2 3 4 5 6 
13 12 11 10 9 8 9 10 11 12 12 11 10 9 8 7 8 9 10 11 11 10 9 8 7 6 7 8 9 10 10 9 8 7 6 5 6 7 8 9 9 8 7 6 5 4 5 6 7 8 8 7 6 5 4 3 4 5 6 7 7 6 5 4 3 2 3 4 5 6 6 5 4 3 2 1 2 3 4 5 5 4 3 2 1 0 1 2 3 4 6 5 4 3 2 1 2 3 4 5 
14 13 12 11 10 9 8 9 10 11 13 12 11 10 9 8 7 8 9 10 12 11 10 9 8 7 6 7 8 9 11 10 9 8 7 6 5 6 7 8 10 9 8 7 6 5 4 5 6 7 9 8 7 6 5 4 3 4 5 6 8 7 6 5 4 3 2 3 4 5 7 6 5 4 3 2 1 2 3 4 6 5 4 3 2 1 0 1 2 3 7 6 5 4 3 2 1 2 3 4 
15 14 13 12 11 10 9 8 9 10 14 13 12 11 10 9 8 7 8 9 13 12 11 10 9 8 7 6 7 8 12 11 10 9 8 7 6 5 6 7 11 10 9 8 7 6 5 4 5 6 10 9 8 7 6 5 4 3 4 5 9 8 7 6 5 4 3 2 3 4 8 7 6 5 4 3 2 1 2 3 7 6 5 4 3 2 1 0 1 2 8 7 6 5 4 3 2 1 2 3 
16 15 14 13 12 11 10 9 8 9 15 14 13 12 11 10 9 8 7 8 14 13 12 11 10 9 8 7 6 7 13 12 11 10 9 8 7 6 5 6 12 11 10 9 8 7 6 5 4 5 11 10 9 8 7 6 5 4 3 4 10 9 8 7 6 5 4 3 2 3 9 8 7 6 5 4 3 2 1 2 8 7 6 5 4 3 2 1 0 1 9 8 7 6 5 4 3 2 1 2 
17 16 15 14 13 12 11 10 9 8 16 15 14 13 12 11 10 9 8 7 15 14 13 12 11 10 9 8 7 6 14 13 12 11 10 9 8 7 6 5 13 12 11 10 9 8 7 6 5 4 12 11 10 9 8 7 6 5 4 3 11 10 9 8 7 6 5 4 3 2 10 9 8 7 6 5 4 3 2 1 9 8 7 6 5 4 3 2 1 0 10 9 8 7 6 5 4 3 2 1 
9 10 11 12 13 14 15 16 17 18 8 9 10 11 12 13 14 15 16 17 7 8 9 10 11 12 13 14 15 16 6 7 8 9 10 11 12 13 14 15 5 6 7 8 9 10 11 12 13 14 4 5 6 7 8 9 10 11 12 13 3 4 5 6 7 8 9 10 11 12 2 3 4 5 6 7 8 9 10 11 1 2 3 4 5 6 7 8 9 10 0 1 2 3 4 5 6 7 8 9 
10 9 10 11 12 13 14 15 16 17 9 8 9 10 11 12 13 14 15 16 8 7 8 9 10 11 12 13 14 15 7 6 7 8 9 10 11 12 13 14 6 5 6 7 8 9 10 11 12 13 5 4 5 6 7 8 9 10 11 12 4 3 4 5 6 7 8 9 10 11 3 2 3 4 5 6 7 8 9 10 2 1 2 3 4 5 6 7 8 9 1 0 1 2 3 4 5 6 7 8 
11 10 9 10 11 12 13 14 15 16 10 9 8 9 10 11 12 13 14 15 9 8 7 8 9 10 11 12 13 14 8 7 6 7 8 9 10 11 12 13 7 6 5 6 7 8 9 10 11 12 6 5 4 5 6 7 8 9 10 11 5 4 3 4 5 6 7 8 9 10 4 3 2 3 4 5 6 7 8 9 3 2 1 2 3 4 5 6 7 8 2 1 0 1 2 3 4 5 6 7 
12 11 10 9 10 11 12 13 14 15 11 10 9 8 9 10 11 12 13 14 10 9 8 7 8 9 10 11 12 13 9 8 7 6 7 8 9 10 11 12 8 7 6 5 6 7 8 9 10 11 7 6 5 4 5 6 7 8 9 10 6 5 4 3 4 5 6 7 8 9 5 4 3 2 3 4 5 6 7 8 4 3 2 1 2 3 4 5 6 7 3 2 1 0 1 2 3 4 5 6 
13 12 11 10 9 10 11 12 13 14 12 11 10 9 8 9 10 11 12 13 11 10 9 8 7 8 9 10 11 12 10 9 8 7 6 7 8 9 10 11 9 8 7 6 5 6 7 8 9 10 8 7 6 5 4 5 6 7 8 9 7 6 5 4 3 4 5 6 7 8 6 5 4 3 2 3 4 5 6 7 5 4 3 2 1 2 3 4 5 6 4 3 2 1 0 1 2 3 4 5 
14 13 12 11 10 9 10 11 12 13 13 12 11 10 9 8 9 10 11 12 12 11 10 9 8 7 8 9 10 11 11 10 9 8 7 6 7 8 9 10 10 9 8 7 6 5 6 7 8 9 9 8 7 6 5 4 5 6 7 8 8 7 6 5 4 3 4 5 6 7 7 6 5 4 3 2 3 4 5 6 6 5 4 3 2 1 2 3 4 5 5 4 3 2 1 0 1 2 3 4 
15 14 13 12 11 10 9 10 11 12 14 13 12 11 10 9 8 9 10 11 13 12 11 10 9 8 7 8 9 10 12 11 10 9 8 7 6 7 8 9 11 10 9 8 7 6 5 6 7 8 10 9 8 7 6 5 4 5 6 7 9 8 7 6 5 4 3 4 5 6 8 7 6 5 4 3 2 3 4 5 7 6 5 4 3 2 1 2 3 4 6 5 4 3 2 1 0 1 2 3 
16 15 14 13 12 11 10 9 10 11 15 14 13 12 11 10 9 8 9 10 14 13 12 11 10 9 8 7 8 9 13 12 11 10 9 8 7 6 7 8 12 11 10 9 8 7 6 5 6 7 11 10 9 8 7 6 5 4 5 6 10 9 8 7 6 5 4 3 4 5 9 8 7 6 5 4 3 2 3 4 8 7 6 5 4 3 2 1 2 3 7 6 5 4 3 2 1 0 1 2 
17 16 15 14 13 12 11 10 9 10 16 15 14 13 12 11 10 9 8 9 15 14 13 12 11 10 9 8 7 8 14 13 12 11 10 9 8 7 6 7 13 12 11 10 9 8 7 6 5 6 12 11 10 9 8 7 6 5 4 5 11 10 9 8 7 6 5 4 3 4 10 9 8 7 6 5 4 3 2 3 9 8 7 6 5 4 3 2 1 2 8 7 6 5 4 3 2 1 0 1 
18 17 16 15 14 13 12 11 10 9 17 16 15 14 13 12 11 10 9 8 16 15 14 13 12 11 10 9 8 7 15 14 13 12 11 10 9 8 7 6 14 13 12 11 10 9 8 7 6 5 13 12 11 10 9 8 7 6 5 4 12 11 10 9 8 7 6 5 4 3 11 10 9 8 7 6 5 4 3 2 10 9 8 7 6 5 4 3 2 1 9 8 7 6 5 4 3 2 1 0 
0 29 17 28 63 45 83 12 26 13 2 5 48 21 1 10 26 1 7 2 52 31 39 4 43 98 6 10 24 1 54 14 95 14 28 4 95 25 2 21 59 26 12 71 1 24 4 29 62 62 1 20 1 85 36 36 19 26 17 10 1 12 2 35 61 1 1 23 3 37 43 35 47 57 27 31 1 77 75 16 85 29 93 76 55 73 13 40 37 25 18 99 1 5 2 51 1 42 5 11 
65 0 1 79 20 6 86 67 8 25 2 39 36 1 1 93 92 10 5 1 92 58 79 1 11 7 14 93 45 89 1 1 9 80 1 81 36 2 39 45 95 78 24 11 1 34 66 5 8 28 50 6 56 13 1 14 5 37 1 1 1 21 17 34 23 8 96 13 21 80 60 1 34 3 13 6 49 4 72 9 1 34 84 9 97 4 3 63 70 9 3 1 94 1 49 32 47 49 10 17 
5 66 0 56 68 80 8 73 18 59 2 92 83 15 1 58 13 59 70 47 17 17 11 52 82 28 14 54 37 18 42 25 79 19 56 19 7 94 26 18 14 15 18 1 1 33 4 1 28 1 40 1 70 39 79 77 3 1 9 83 21 18 3 2 12 3 64 22 48 27 76 31 56 4 66 30 3 26 12 1 73 21 8 28 13 1 87 10 93 28 49 57 18 97 27 15 5 11 16 4 
57 12 91 0 19 16 1 74 18 41 24 55 1 12 50 1 1 1 98 42 98 95 46 7 54 69 48 16 47 46 3 4 3 51 79 73 5 16 69 98 15 49 35 10 25 26 37 5 1 40 1 50 13 1 8 51 22 2 76 54 10 3 50 4 25 13 71 9 2 2 1 1 86 59 3 26 5 7 16 30 34 1 68 70 1 8 17 53 3 88 1 65 41 1 91 62 49 1 3 76 
2 76 94 3 0 8 3 32 1 33 1 13 46 64 1 1 62 3 4 5 69 1 1 26 1 10 92 6 63 2 38 2 1 14 21 76 15 1 24 30 43 1 11 30 2 21 11 93 16 53 1 4 24 17 1 67 18 47 4 34 3 13 83 1 59 12 13 30 21 74 4 51 88 64 15 65 18 4 3 26 50 81 69 44 1 26 58 32 35 5 35 70 24 29 33 71 1 90 91 5 
51 3 42 68 55 0 19 4 6 26 37 43 5 38 65 72 4 28 65 5 3 40 77 4 13 14 54 16 56 1 23 73 28 18 94 22 86 56 41 11 88 58 1 75 1 78 4 1 7 1 3 1 27 9 9 73 1 15 31 7 99 3 16 40 61 71 44 71 57 44 58 1 61 63 4 7 47 95 1 3 85 85 67 5 22 64 40 1 4 87 22 23 90 8 42 11 6 1 1 84 
19 31 1 8 25 28 0 51 2 1 10 66 40 1 38 94 61 29 99 4 18 83 22 16 8 1 46 1 1 29 1 99 37 70 69 50 13 48 34 2 1 30 12 8 55 22 1 84 9 17 39 9 49 61 6 2 24 1 8 4 57 77 70 13 68 83 1 35 20 72 51 90 22 30 50 8 4 74 6 72 6 63 17 42 1 3 21 22 8 4 4 59 2 49 45 1 1 4 16 1 
1 77 14 53 12 12 69 0 59 2 64 82 11 9 57 1 39 3 38 90 87 50 41 1 31 66 79 1 13 52 26 1 64 1 15 61 5 12 37 43 51 56 68 2 67 28 76 61 82 1 72 88 7 92 82 14 2 24 45 26 4 23 85 51 1 24 40 18 54 1 6 99 28 30 1 10 23 8 51 49 90 1 29 16 24 1 43 16 33 1 34 9 13 1 76 19 37 27 19 70 
1 28 52 9 22 11 7 1 0 1 28 40 82 26 18 5 37 95 14 96 2 58 77 96 38 28 35 71 10 58 28 34 18 5 66 14 92 21 1 39 67 2 1 1 4 72 2 1 1 1 27 87 1 11 3 15 46 20 16 34 25 9 38 5 12 9 29 97 27 10 66 44 60 63 16 14 21 53 1 66 3 61 23 24 48 1 1 1 99 79 68 32 4 34 81 46 82 41 3 63 
33 1 11 3 55 10 18 92 93 0 75 23 42 17 8 6 6 92 17 12 30 10 31 40 36 78 14 96 44 63 89 73 36 1 97 86 10 35 4 7 87 8 51 79 32 29 1 17 43 20 12 31 20 71 57 11 82 1 35 21 91 43 48 2 1 77 26 15 88 29 4 25 69 14 1 12 55 50 88 2 21 85 7 58 18 45 30 1 14 2 89 11 37 11 98 86 6 20 3 29 
12 53 8 6 60 44 46 2 27 33 0 78 64 24 37 32 79 27 1 40 7 94 75 40 1 89 60 47 22 83 76 6 16 95 71 44 77 81 9 42 1 70 77 41 31 7 40 8 13 59 3 22 43 1 6 53 30 57 39 94 74 2 1 3 43 1 16 1 47 1 96 26 77 71 70 80 2 78 2 36 65 1 8 52 54 1 20 21 14 56 54 15 18 15 52 54 7 58 35 1 
1 1 11 16 1 75 42 22 37 27 64 0 1 8 15 9 1 67 39 6 56 1 1 18 52 80 27 79 2 3 3 47 36 9 25 8 76 1 55 26 1 1 15 74 1 1 1 72 54 27 7 1 21 21 25 6 1 93 19 8 97 3 3 33 41 1 79 6 13 18 20 34 10 49 79 83 63 22 35 70 97 86 29 57 54 1 1 16 47 4 80 47 84 81 91 51 12 4 27 8 
51 84 1 1 14 76 8 15 16 69 79 20 0 64 27 10 7 8 33 8 50 24 3 5 33 36 86 32 4 7 12 48 58 6 1 39 14 15 31 27 14 1 29 5 50 81 1 85 1 1 76 38 85 6 23 39 5 37 85 75 1 4 4 77 76 55 15 27 73 8 19 27 46 88 92 8 2 2 4 18 98 8 1 76 53 1 77 4 13 6 12 2 1 5 90 36 27 32 1 55 
87 13 10 1 29 7 72 96 12 38 64 56 12 0 41 10 33 22 14 99 26 6 21 18 19 1 26 25 25 51 87 80 26 1 31 73 28 29 47 3 93 10 1 6 55 67 64 23 13 29 7 17 31 19 25 72 20 72 20 87 84 9 7 17 26 39 1 3 60 24 4 67 12 43 1 20 4 1 73 45 5 38 4 52 99 22 7 21 52 24 57 10 44 98 12 11 17 47 8 1 
11 95 1 1 2 72 31 82 22 90 1 74 76 1 0 8 5 91 1 13 11 69 57 22 76 3 94 48 1 83 81 60 69 1 3 75 85 14 32 6 40 75 2 81 94 15 60 29 15 11 26 80 4 89 27 92 1 4 21 6 54 72 4 46 18 14 43 12 1 64 62 74 20 15 89 48 19 1 4 5 19 24 90 82 10 1 23 6 26 1 8 60 35 68 30 6 26 2 1 75 
4 74 21 19 85 4 55 41 1 76 17 1 45 5 7 0 13 4 82 14 51 26 37 4 12 10 32 90 1 32 22 6 3 3 29 1 5 25 28 93 9 7 15 9 26 46 21 59 25 23 1 39 13 29 49 20 1 9 89 11 70 46 22 17 49 36 29 48 68 21 3 75 1 49 34 16 76 8 34 7 24 52 26 3 20 35 1 22 10 4 99 88 1 1 9 1 9 70 85 31 
52 34 40 60 3 48 85 3 69 56 92 5 90 8 21 27 0 53 34 4 54 3 85 7 1 52 8 1 41 89 17 71 1 1 22 43 7 49 64 7 30 42 10 89 11 34 83 73 44 9 9 93 63 32 33 9 5 27 42 8 94 64 82 31 63 7 51 34 94 19 1 32 7 1 61 83 95 98 1 39 8 1 20 77 23 2 3 47 1 73 7 62 1 8 14 3 7 5 10 79 
2 40 50 93 52 30 8 77 78 49 32 3 5 1 2 5 5 0 1 1 58 3 1 31 1 61 42 4 1 17 91 1 24 1 66 90 34 31 1 39 1 13 97 80 46 9 71 63 18 1 85 69 29 1 20 84 65 27 1 6 26 9 71 1 18 17 21 4 68 1 14 43 91 1 2 1 4 6 41 1 54 2 19 44 56 52 9 20 20 12 27 47 55 93 1 48 20 13 20 48 
1 48 5 82 38 43 41 54 9 93 1 16 43 33 86 49 1 16 0 54 11 33 1 6 17 48 1 40 86 61 13 33 68 12 1 1 86 8 12 23 3 13 32 75 21 67 96 26 1 64 34 35 4 13 21 1 21 8 9 66 10 92 7 1 2 86 39 5 13 14 26 18 36 22 10 74 2 86 30 24 32 2 32 4 4 33 19 17 7 48 48 63 67 74 1 50 1 1 38 1 
37 63 62 2 10 18 65 12 1 17 98 25 36 8 19 1 21 1 17 0 1 1 36 99 32 40 25 8 3 66 90 1 1 27 1 1 59 23 40 71 37 53 73 47 97 30 73 59 66 59 65 4 6 41 95 84 1 7 92 76 1 18 5 67 74 6 67 6 20 4 7 16 38 51 22 96 9 4 11 42 10 34 80 42 93 1 10 19 58 2 1 21 94 11 68 30 3 1 6 1 
1 4 41 12 1 24 45 34 19 1 10 62 57 44 1 1 1 43 82 60 0 9 12 73 3 77 2 39 30 3 44 47 33 49 95 61 45 65 1 16 48 1 30 1 46 1 4 28 9 32 28 60 4 40 1 76 9 1 44 14 14 7 21 49 8 54 7 43 67 12 51 34 90 30 50 1 86 10 17 38 4 14 1 2 1 15 21 71 17 22 9 2 35 18 44 72 29 32 1 26 
1 13 25 65 20 77 45 2 84 14 79 22 6 99 61 19 35 8 1 7 65 0 18 1 55 27 7 6 20 3 8 7 86 44 25 57 58 73 27 1 73 32 5 67 10 77 48 1 33 65 72 48 40 47 1 13 18 2 18 42 39 1 47 84 15 1 1 15 71 29 32 71 7 95 40 10 97 33 5 75 15 55 67 8 16 14 15 83 41 14 46 84 78 11 64 59 1 2 46 1 
68 1 20 62 1 49 56 8 23 57 3 2 91 12 1 7 25 83 96 66 29 84 0 1 6 27 1 76 86 8 42 83 20 1 10 8 1 5 75 62 28 8 22 88 96 94 1 93 54 18 45 67 37 9 43 7 57 47 89 8 3 1 6 80 66 81 50 49 35 37 30 90 74 30 1 33 78 97 20 1 1 31 73 30 87 87 81 14 8 72 75 48 53 3 3 77 11 59 33 8 
17 51 81 13 2 27 1 10 92 24 19 9 9 75 39 35 36 79 6 20 1 68 7 0 1 1 2 83 33 59 31 67 48 43 42 44 14 75 6 92 7 35 30 86 90 1 80 6 32 34 41 95 3 2 1 30 64 15 9 64 1 1 46 29 16 41 21 47 76 10 89 67 3 13 1 1 20 31 24 45 28 74 5 98 51 19 18 44 5 61 87 94 3 1 2 98 40 43 56 1 
61 65 8 4 34 1 16 2 1 71 17 98 27 32 25 6 45 1 10 35 22 17 6 50 0 6 23 28 76 34 68 24 68 16 1 10 19 64 5 31 86 3 32 76 1 1 33 47 26 88 69 1 81 7 28 6 1 32 9 43 97 2 25 82 1 35 3 12 32 12 87 78 11 1 72 37 79 1 57 1 5 53 1 40 1 6 27 94 42 24 44 1 25 54 65 35 91 73 71 63 
61 39 53 3 1 5 57 3 33 66 91 1 60 4 35 19 36 54 7 16 55 17 61 79 74 0 2 1 7 95 1 2 13 15 1 28 13 41 26 77 1 8 60 1 91 8 3 42 63 25 11 2 52 56 34 46 27 5 69 2 81 3 11 69 24 10 4 55 22 22 1 9 12 9 72 4 70 26 92 19 95 8 18 3 29 37 65 51 1 8 91 92 63 76 1 1 11 56 60 94 
26 38 8 91 12 79 50 23 96 4 1 67 82 4 67 74 31 30 1 19 1 7 1 1 91 1 0 1 13 36 11 11 23 21 10 1 44 56 10 61 7 3 47 35 38 43 1 88 36 34 6 8 22 82 42 47 16 1 43 31 11 11 3 65 29 92 2 13 22 91 57 65 27 73 12 1 2 6 20 74 71 49 8 38 62 63 1 27 59 90 1 6 45 41 86 1 45 30 1 6 
94 79 4 52 68 8 2 42 71 25 79 1 77 37 2 39 8 1 7 7 1 15 83 92 5 89 63 0 1 1 9 9 1 48 51 18 1 5 20 31 54 5 32 8 98 74 33 37 26 95 47 16 14 39 50 55 90 2 83 26 42 12 5 3 2 3 6 1 94 83 49 1 1 62 13 23 81 21 39 13 48 93 63 27 3 71 92 1 24 9 28 79 36 1 39 7 64 11 52 81 
98 86 20 20 16 18 2 62 1 5 6 42 2 18 60 13 82 31 60 3 85 55 27 11 56 97 87 13 0 46 17 2 7 39 32 10 5 11 2 66 42 22 97 54 1 1 43 35 1 1 2 62 20 80 75 25 58 17 3 21 34 32 38 54 10 25 67 1 29 2 60 60 38 3 81 1 25 1 1 36 6 26 6 5 1 49 65 94 18 7 70 1 54 30 7 9 57 1 48 16 
60 91 47 7 19 1 51 64 94 1 52 37 54 15 48 45 26 56 17 1 5 51 70 3 70 40 1 76 43 0 19 1 88 18 6 79 60 40 63 2 5 59 5 16 4 34 11 26 23 51 28 1 94 12 18 45 9 3 13 93 13 3 1 67 72 45 14 14 3 26 5 47 69 39 46 27 83 24 43 89 14 38 48 21 86 53 9 52 37 20 66 2 9 89 62 12 59 1 56 3 
1 71 1 88 1 95 9 1 38 1 77 52 84 45 1 6 4 55 1 39 1 56 84 2 27 22 62 1 35 22 0 1 78 87 2 36 2 5 1 24 4 78 79 10 51 8 70 1 1 1 25 94 5 1 80 2 70 8 5 68 40 18 67 3 1 3 66 31 45 80 12 6 1 6 71 1 19 13 1 17 27 60 47 63 18 2 1 1 1 15 72 26 14 13 1 1 79 49 1 24 
24 1 1 47 29 25 62 31 12 94 13 39 44 59 4 60 30 79 56 7 33 38 3 5 42 8 55 46 1 52 77 0 85 22 76 13 40 63 3 93 21 1 6 48 14 84 3 7 14 53 31 36 2 1 73 1 38 4 2 24 36 67 1 19 16 56 78 8 32 79 1 58 18 44 94 84 17 2 8 1 60 63 7 88 23 89 93 2 13 36 14 21 98 25 76 98 8 10 4 74 
30 59 58 2 1 3 73 23 23 19 15 94 97 3 28 4 1 4 1 10 41 45 1 46 45 22 81 58 5 1 69 93 0 53 3 15 45 1 84 1 1 1 89 12 4 15 8 56 2 29 46 38 4 16 9 4 1 7 13 1 1 1 7 28 7 90 44 7 48 3 1 1 21 3 24 11 3 47 10 9 51 33 97 1 35 11 1 21 16 26 83 8 8 43 94 1 97 3 1 2 
32 11 1 29 38 27 1 20 1 36 1 8 94 13 1 2 10 32 18 12 10 15 1 1 1 16 23 34 99 19 69 1 1 0 67 18 32 18 50 6 2 1 9 39 5 8 69 21 61 86 24 89 7 69 14 19 62 59 24 1 57 55 49 1 1 42 9 19 20 80 35 1 49 40 63 34 87 84 60 37 47 82 5 1 15 18 53 28 14 5 80 4 1 3 78 3 56 40 8 28 
90 97 5 66 47 36 17 18 34 43 1 91 14 74 40 51 6 62 13 1 92 87 1 15 93 79 1 52 1 98 1 48 92 42 0 57 24 1 29 12 10 85 23 66 1 1 1 29 19 1 11 19 35 23 11 1 89 26 4 5 1 1 80 7 51 1 1 28 1 26 49 62 1 1 28 20 67 4 1 27 1 72 31 4 13 32 23 50 5 64 73 42 22 91 14 7 2 1 50 54 
21 92 27 7 1 74 87 14 50 92 80 1 78 38 60 63 4 58 20 81 70 1 82 42 36 90 54 3 1 88 20 4 6 29 15 0 58 1 1 1 36 1 32 84 59 56 1 65 20 92 11 2 60 1 28 4 61 89 7 25 31 56 45 12 27 59 51 1 60 49 95 66 45 34 1 16 85 85 74 1 28 85 1 30 9 6 51 10 13 98 13 68 87 54 29 3 12 4 90 14 
30 37 63 32 59 37 58 28 62 58 26 52 22 3 43 20 23 53 1 10 34 55 95 35 85 64 57 39 47 7 58 86 36 2 25 37 0 47 22 5 5 33 17 37 26 41 21 47 82 7 10 1 91 74 4 29 14 11 44 46 82 5 25 8 2 3 14 1 1 13 72 3 13 50 64 97 8 2 28 3 41 62 90 28 97 15 38 1 2 39 13 9 39 4 51 34 95 64 32 71 
30 9 6 69 1 72 19 51 12 93 70 10 42 70 1 95 14 23 44 91 8 20 37 12 5 43 39 32 25 30 97 44 23 1 37 53 1 0 1 40 9 1 23 17 75 50 1 12 1 99 38 15 54 99 30 92 1 11 56 33 14 66 1 16 75 84 13 6 17 37 71 8 1 18 8 39 42 1 1 5 4 43 41 43 2 70 64 1 39 5 18 39 81 16 45 1 1 1 45 3 
3 1 29 82 2 44 30 28 9 11 10 1 18 72 23 1 40 37 1 20 3 31 98 61 92 23 35 1 3 10 22 72 53 97 37 24 74 24 0 15 38 84 76 4 64 1 1 29 54 27 5 1 20 6 22 51 61 15 62 48 27 5 32 99 6 7 5 73 46 17 56 46 39 52 19 5 33 1 48 29 93 59 71 43 5 52 98 44 1 48 97 9 64 2 29 1 36 5 3 4 
1 26 87 1 52 85 98 44 83 7 3 1 66 5 68 22 62 17 18 36 1 2 36 70 76 99 31 17 1 2 70 1 28 72 88 3 1 72 48 0 95 21 2 1 8 15 43 13 19 6 25 66 1 8 65 79 45 51 2 1 18 70 17 24 26 51 17 26 56 6 15 32 1 6 37 11 46 37 6 18 67 1 66 38 56 58 73 39 13 1 69 78 36 17 48 37 41 29 13 70 
40 71 5 42 3 37 55 39 54 7 1 36 1 50 6 65 1 64 1 60 1 1 66 98 16 52 5 40 54 87 4 40 6 86 25 4 10 92 38 8 0 49 3 1 47 25 19 25 85 1 39 29 74 39 32 18 9 81 6 64 15 39 3 39 19 7 14 43 2 21 20 96 31 37 1 74 25 92 17 33 1 2 91 19 26 35 28 85 1 1 3 1 1 23 1 35 81 47 20 34 
10 61 62 3 51 78 30 61 81 34 1 1 4 98 57 35 97 6 11 1 39 64 53 1 3 10 55 5 81 13 3 47 73 84 69 13 30 1 66 52 97 0 37 27 11 83 61 20 50 24 48 1 65 88 32 72 3 15 2 24 20 77 21 25 6 1 66 73 32 1 9 51 88 2 16 4 79 3 84 3 53 69 24 7 72 15 26 23 4 1 95 71 31 16 26 24 9 1 46 1 
67 1 19 41 20 52 30 29 31 45 95 28 17 90 37 75 88 78 24 23 1 20 82 6 4 62 56 45 48 1 26 1 33 68 30 2 54 1 58 27 2 51 0 46 43 21 16 88 1 7 10 1 1 28 19 36 71 21 42 50 27 84 1 46 46 1 1 27 42 24 83 24 47 35 31 15 22 39 39 13 60 12 5 16 21 2 2 1 66 15 47 89 1 5 68 36 91 14 2 42 
26 87 4 45 1 29 55 1 72 48 37 1 32 39 6 44 1 72 1 24 6 85 56 1 4 81 61 57 34 1 63 58 1 31 16 25 48 53 15 1 21 1 31 0 24 14 51 26 11 92 15 46 1 91 36 7 67 32 1 38 75 38 15 63 4 8 2 6 40 25 1 1 86 27 82 11 3 22 95 24 33 3 93 29 52 1 6 1 14 77 57 48 66 45 72 3 51 70 52 92 
69 36 18 56 55 23 12 5 1 1 40 24 8 10 89 56 57 67 1 57 30 68 1 51 6 5 2 60 33 19 2 10 24 71 40 21 5 18 28 13 82 50 90 66 0 40 1 1 65 1 99 14 1 59 16 51 1 1 24 57 1 17 99 54 8 8 2 1 1 23 3 74 1 82 20 4 1 38 86 1 92 11 79 66 22 62 27 16 23 9 10 35 86 32 1 51 4 2 1 28 
68 5 71 22 1 89 25 7 10 23 97 19 1 32 20 81 90 16 95 1 14 3 96 6 19 1 37 77 26 90 33 35 71 1 19 27 3 1 42 5 82 1 1 97 61 0 39 68 37 31 96 73 52 40 20 20 27 65 24 22 46 75 38 4 85 1 9 9 91 3 23 1 1 64 57 39 34 2 14 56 6 49 13 1 24 46 62 6 3 1 83 66 54 83 41 31 68 35 21 1 
68 7 5 81 42 36 1 5 11 10 42 8 1 5 1 1 27 3 4 22 22 33 4 72 50 63 45 51 64 1 1 5 1 21 43 99 62 1 39 75 38 20 17 10 1 86 0 50 1 23 74 3 20 1 55 13 34 42 22 31 52 1 1 99 45 53 1 1 4 36 36 58 97 24 43 83 1 3 7 65 15 1 46 81 92 25 3 5 1 72 1 24 1 5 1 1 54 22 33 93 
56 4 1 59 68 50 31 75 35 1 42 35 26 3 57 66 4 22 13 41 13 5 1 43 63 2 62 2 57 1 57 72 12 1 94 85 17 1 19 85 34 35 7 32 39 46 1 0 3 21 77 69 1 1 24 21 5 19 1 89 47 25 84 50 1 37 90 1 3 23 2 39 11 1 20 29 1 94 3 14 11 23 52 27 18 90 65 18 10 5 3 18 64 31 65 8 49 23 79 60 
2 9 19 11 24 1 4 60 89 1 40 30 14 37 92 59 85 26 1 1 26 79 2 37 1 3 10 30 52 1 66 6 15 49 15 23 28 1 98 22 11 23 5 85 63 65 62 72 0 8 30 1 50 92 1 1 76 52 95 93 71 15 4 16 55 1 2 2 40 96 39 18 70 29 1 19 51 27 67 90 13 1 29 48 1 23 10 1 19 57 78 20 60 57 22 45 13 29 23 92 
90 48 90 46 1 8 10 1 25 19 76 51 96 1 61 8 31 50 74 1 12 41 31 97 83 41 39 4 74 1 84 68 10 82 46 71 1 25 5 32 1 90 54 36 13 7 17 1 1 0 19 13 7 1 83 17 19 13 26 70 1 22 37 49 1 1 11 44 91 51 6 17 96 21 7 48 2 60 1 34 83 96 4 80 10 1 98 51 86 32 86 92 1 22 60 77 5 4 7 86 
1 3 41 1 92 69 43 95 2 34 60 3 94 97 78 2 2 8 31 15 1 85 1 26 3 4 65 1 52 1 3 1 10 50 2 3 92 22 35 2 62 1 60 60 1 12 16 57 29 1 0 16 1 1 2 37 66 36 23 19 1 1 50 6 42 5 1 55 72 2 21 6 65 23 32 4 1 55 66 1 12 6 30 21 85 40 3 75 21 3 18 11 6 65 13 72 21 45 4 62 
4 52 2 11 2 65 18 41 1 76 1 2 6 9 64 64 45 7 41 22 1 29 86 67 50 83 60 1 19 79 9 82 20 46 3 50 23 52 84 20 2 64 37 30 61 25 1 26 31 57 75 0 13 17 31 55 92 52 11 8 63 55 2 1 25 1 77 1 99 18 87 43 1 51 1 1 14 33 1 37 27 9 26 49 1 19 47 7 1 25 16 7 90 1 1 94 49 2 22 37 
1 20 1 96 62 4 79 36 11 16 31 75 1 43 21 30 1 8 1 51 38 64 3 44 55 80 1 3 1 75 94 80 96 1 9 3 53 51 1 63 31 1 47 69 99 50 32 25 60 84 80 39 0 4 47 1 13 73 60 74 30 42 3 1 33 16 50 18 72 45 31 81 5 18 65 24 60 6 7 11 72 10 9 82 43 45 47 97 1 31 98 6 3 74 14 2 63 32 12 35 
94 4 7 98 8 3 91 24 1 91 7 72 18 26 5 1 23 36 5 27 15 1 21 84 42 80 31 19 22 1 12 4 93 5 1 98 50 1 19 26 83 5 3 22 14 44 13 94 15 1 2 52 5 0 28 31 91 1 96 40 59 64 2 97 11 12 55 14 46 31 58 1 93 35 11 3 52 2 82 61 4 26 38 41 1 87 1 17 3 39 91 7 68 16 1 9 8 74 2 13 
98 6 16 66 18 64 50 50 48 41 2 93 9 2 56 16 92 41 6 34 5 96 88 45 62 17 4 36 99 1 67 1 44 3 5 71 61 37 25 4 97 18 45 1 29 36 42 2 18 1 5 39 1 72 0 33 10 53 37 66 8 50 39 17 2 8 15 21 1 37 5 31 19 91 1 1 69 1 34 28 5 3 1 24 12 70 23 13 1 10 16 26 11 28 68 13 60 87 10 91 
9 68 16 65 43 1 49 20 1 36 21 46 74 1 80 82 80 73 43 1 20 27 47 1 51 18 23 7 1 28 26 45 31 2 83 2 1 5 58 21 1 80 1 98 1 1 30 1 40 9 30 57 1 7 29 0 2 87 45 34 6 94 1 46 52 1 35 80 1 49 46 5 38 55 77 1 74 59 5 5 92 90 32 20 19 20 37 38 2 27 39 9 6 62 1 13 38 91 1 83 
25 65 58 42 42 64 89 70 82 1 1 9 1 8 76 9 27 29 3 1 1 27 74 1 4 6 3 47 76 7 16 55 5 53 13 1 2 44 32 1 7 1 39 20 1 63 50 7 75 1 24 3 4 1 34 51 0 1 1 6 61 98 3 1 9 4 70 9 83 59 59 54 15 7 26 71 82 88 75 23 7 56 8 32 23 12 1 21 1 53 9 2 21 95 88 32 2 68 6 88 
3 30 52 6 94 19 4 75 12 5 7 6 10 79 72 1 34 11 98 8 20 25 20 60 1 64 18 35 87 63 10 2 13 8 98 44 1 26 6 99 79 1 64 4 6 34 35 4 21 2 40 7 9 24 61 1 67 0 84 22 28 72 18 15 1 22 2 24 89 55 31 7 47 1 6 1 1 8 11 89 52 86 21 99 1 46 70 8 14 2 35 18 26 24 12 36 5 29 1 55 
13 5 74 62 54 4 83 4 2 1 12 87 10 44 15 12 11 38 39 69 1 25 44 10 28 1 8 56 65 85 56 40 95 44 10 89 86 90 85 12 95 30 27 48 58 64 14 96 59 26 6 26 15 89 1 2 12 66 0 48 18 27 99 11 7 19 31 4 17 94 9 71 35 10 1 14 28 13 92 87 71 9 36 21 95 25 1 17 20 98 1 95 8 27 35 62 1 81 39 27 
18 61 17 44 3 2 62 66 20 88 1 8 4 4 63 93 91 67 66 72 83 2 3 7 83 11 89 44 34 4 14 1 47 47 82 2 54 24 5 19 81 53 18 99 91 46 1 47 78 73 8 91 29 41 50 45 10 87 1 0 1 71 32 3 58 33 95 63 25 31 44 1 73 50 17 1 13 1 1 20 18 1 65 1 3 36 1 42 1 7 7 46 58 94 56 7 80 9 89 45 
55 35 75 14 70 29 16 45 58 7 67 5 28 6 1 85 70 24 56 1 2 44 10 30 89 85 2 19 32 1 13 29 87 85 16 4 1 12 75 61 89 95 65 17 49 75 95 3 1 1 39 74 4 23 1 75 2 6 39 17 0 96 10 12 7 78 5 30 42 3 70 80 1 90 1 30 66 1 78 1 75 30 4 15 83 92 99 5 68 9 3 29 3 68 15 18 9 78 9 36 
80 11 15 22 48 6 3 88 40 1 14 9 36 26 6 42 49 13 1 3 4 94 24 71 1 84 52 23 24 57 9 4 75 11 2 16 4 85 90 20 63 32 39 14 1 86 4 1 10 49 41 31 63 55 12 75 59 85 18 1 4 0 15 4 30 2 36 23 2 20 82 14 23 2 60 16 46 61 2 1 1 31 26 1 8 32 4 71 1 24 87 49 35 51 8 4 19 1 87 6 
90 28 1 21 15 82 4 54 11 28 42 32 3 1 1 3 62 37 8 1 40 1 50 1 8 94 1 4 5 18 15 64 78 30 84 59 5 6 64 29 71 53 50 8 3 23 43 25 16 51 33 1 3 20 39 2 13 1 44 10 5 82 0 1 32 54 61 1 1 78 5 1 89 1 25 51 6 30 80 6 7 16 10 12 17 1 39 89 4 2 15 51 14 30 30 6 80 10 69 16 
5 27 5 3 16 14 20 10 4 62 22 3 48 4 77 5 95 46 77 25 5 8 1 11 10 1 39 6 18 80 56 34 21 1 6 77 85 18 39 51 2 86 1 43 8 40 28 3 11 47 6 93 1 63 74 27 35 86 74 91 91 75 13 0 10 1 63 77 17 85 4 70 23 9 70 55 23 30 22 45 1 79 1 15 1 63 19 96 2 18 15 24 3 1 12 1 11 72 66 1 
4 18 72 1 6 70 74 42 4 1 64 1 47 28 63 91 19 1 2 29 42 88 79 22 53 1 79 10 1 56 3 15 5 24 7 1 45 82 75 1 45 95 29 45 10 85 30 1 6 15 22 18 1 16 22 25 25 91 14 1 7 5 12 42 0 17 1 56 37 7 8 1 96 6 71 1 27 90 33 8 10 53 18 30 61 1 77 3 75 61 62 8 21 28 28 64 1 43 1 22 
48 29 26 56 7 9 49 53 90 66 27 2 22 94 32 6 4 1 47 12 11 81 23 37 71 44 49 35 89 2 4 9 7 93 31 1 9 18 8 2 10 9 4 44 92 83 91 75 20 3 11 12 12 4 34 16 2 14 79 4 45 51 71 23 3 0 93 83 25 17 1 23 6 73 39 67 26 4 32 47 85 17 1 51 54 91 28 36 40 80 41 9 1 14 98 1 78 65 14 21 
33 1 17 88 25 79 78 3 71 65 1 38 33 8 98 24 57 1 43 95 59 79 51 33 64 59 49 15 74 25 28 41 2 49 17 19 94 67 7 1 19 10 74 18 3 32 95 2 41 43 53 44 37 20 49 4 44 56 18 41 54 73 49 54 40 95 0 51 25 29 1 41 15 55 60 32 56 60 1 17 16 85 23 73 1 1 85 11 24 1 3 8 30 7 17 1 1 24 64 8 
1 1 6 25 26 9 60 88 1 16 1 26 1 1 4 1 20 2 12 1 19 79 43 5 85 91 25 71 68 89 13 24 11 6 41 36 76 1 15 1 19 5 65 41 21 6 48 20 44 34 8 57 24 1 37 4 29 14 30 2 39 72 10 6 17 58 94 0 9 1 3 17 38 4 57 33 14 20 1 5 91 6 1 28 60 4 6 17 99 1 91 99 58 52 78 28 90 1 52 1 
71 88 1 32 2 4 18 21 21 1 51 36 12 27 20 42 1 69 13 5 1 67 15 4 6 26 1 2 54 5 29 61 1 1 14 1 31 33 1 1 43 56 8 31 1 29 63 23 20 4 26 3 57 6 3 4 19 4 1 38 12 11 42 3 94 81 2 1 0 30 25 32 56 16 23 27 11 40 34 69 1 1 10 65 89 1 1 29 20 5 4 67 51 46 16 31 28 90 59 17 
48 6 34 1 5 93 44 15 46 6 12 62 78 1 15 19 7 47 3 98 2 48 22 96 33 2 76 53 2 11 1 73 63 36 7 4 54 71 39 90 77 1 1 7 22 46 1 54 16 22 16 62 1 9 59 69 45 1 5 10 15 2 38 1 45 1 77 54 46 0 1 54 40 39 72 56 88 1 19 34 69 1 55 30 30 92 16 5 76 1 13 66 27 38 1 1 44 88 53 24 
12 22 26 71 67 23 48 62 3 31 37 97 8 17 15 39 56 38 49 1 90 74 86 31 22 58 1 20 3 24 57 1 2 22 1 49 47 3 38 35 4 1 54 1 1 58 1 4 74 74 3 60 78 51 91 1 26 2 1 1 79 53 1 64 20 3 30 1 14 81 0 16 14 16 39 32 2 7 1 55 88 14 75 1 89 30 91 94 79 75 3 1 3 99 23 96 43 3 7 5 
90 14 29 73 14 96 82 2 55 66 7 1 96 6 44 54 1 3 51 86 1 58 7 1 36 1 33 1 5 1 16 1 79 5 16 25 36 7 90 66 4 9 48 88 6 49 33 35 11 8 6 82 4 70 89 91 18 85 32 41 65 82 1 5 1 20 32 49 44 12 93 0 32 35 14 1 1 82 1 17 5 21 11 50 41 57 34 2 20 49 1 1 1 29 26 20 10 4 36 87 
7 3 1 6 1 25 45 39 38 43 86 15 87 57 46 12 78 69 88 2 61 26 2 12 29 80 9 59 4 20 96 71 1 84 1 82 1 76 28 15 57 1 13 96 23 73 7 19 66 2 72 37 63 55 1 31 42 13 12 29 94 56 23 20 84 10 14 24 47 24 75 31 0 11 49 60 36 11 60 11 25 2 97 4 47 20 99 35 38 1 9 39 50 23 35 12 26 1 21 45 
7 24 2 23 1 5 56 19 5 99 2 96 38 25 52 1 42 44 3 13 7 53 16 1 78 9 1 97 1 12 36 5 17 8 88 59 57 5 1 49 68 1 3 63 22 35 2 1 2 6 43 7 5 8 2 9 1 10 46 1 34 44 50 46 37 84 9 36 78 70 88 1 13 0 52 78 14 26 53 10 21 10 48 22 7 4 61 13 1 10 28 86 28 1 10 3 11 98 21 62 
50 99 8 22 80 1 1 1 12 3 68 41 11 24 4 53 90 10 1 98 54 5 1 61 1 71 88 15 91 2 18 3 74 98 25 21 58 66 12 54 20 1 37 48 1 87 6 87 78 1 1 48 9 57 40 23 30 20 34 17 2 63 53 18 1 3 9 51 3 1 9 1 5 41 0 95 25 55 3 73 4 2 20 25 8 73 31 10 93 40 94 25 74 78 96 70 27 1 6 18 
5 1 1 1 1 12 76 93 64 38 18 8 33 38 63 14 16 1 24 6 2 60 20 26 80 68 32 12 17 11 3 23 32 4 36 40 82 64 4 69 7 18 36 69 1 58 58 19 11 76 43 20 21 54 1 55 61 1 50 23 1 66 1 39 67 46 40 49 45 9 8 1 18 71 96 0 11 91 29 28 25 16 40 96 99 26 23 8 7 1 95 96 90 98 13 25 2 22 27 9 
1 88 25 97 2 98 39 28 23 89 2 1 4 48 92 27 11 2 1 1 93 4 1 1 23 1 32 1 97 45 2 25 22 67 6 1 74 4 56 31 30 1 47 6 39 70 33 31 38 58 18 53 49 3 74 43 47 24 5 8 74 2 49 2 3 1 65 92 88 65 21 51 53 80 1 67 0 5 40 94 65 2 90 26 1 6 9 40 72 1 98 59 48 9 1 1 58 1 3 1 
50 20 48 99 1 47 1 8 81 15 60 3 10 89 1 3 11 35 50 82 18 16 38 2 79 6 54 55 1 19 1 79 8 1 73 54 4 2 6 10 70 70 9 47 27 40 3 66 56 2 18 53 1 2 84 17 77 45 17 22 5 6 67 19 36 12 9 14 1 51 1 26 76 37 83 4 19 0 19 75 98 36 5 15 1 84 17 30 10 1 69 23 53 1 15 10 58 68 1 8 
1 88 72 4 45 14 73 14 73 89 48 21 41 1 5 50 5 9 7 68 55 2 74 64 2 48 1 1 94 59 77 1 47 77 5 3 1 92 8 94 20 75 15 31 1 78 71 1 1 74 77 2 98 7 81 53 45 63 91 22 4 22 8 60 23 12 44 1 8 23 7 57 15 4 79 8 31 70 0 9 38 2 29 16 55 3 1 9 26 91 1 68 59 12 27 3 1 24 25 87 
84 1 1 8 16 8 18 60 33 34 2 41 12 10 56 4 88 2 38 19 46 41 9 92 88 9 34 2 25 97 30 53 57 1 5 44 42 3 2 1 66 41 1 45 55 40 7 17 3 34 93 33 1 17 70 29 46 1 89 7 46 17 17 2 25 1 1 91 1 74 1 1 68 92 25 1 7 72 46 0 2 4 5 1 1 94 55 61 10 74 2 52 96 22 90 21 54 1 1 11 
63 39 81 52 43 18 1 1 25 5 2 4 1 1 4 7 2 26 1 7 1 23 27 1 68 25 1 5 54 61 70 19 57 1 1 67 58 39 12 22 83 35 51 5 1 94 69 1 1 3 20 7 6 1 92 49 61 79 1 2 53 2 3 1 20 2 19 84 71 83 98 38 20 81 95 30 38 50 2 11 0 3 28 3 1 16 46 93 63 36 59 66 61 22 41 57 84 29 60 1 
7 50 1 90 75 24 51 11 2 66 48 1 92 3 38 65 26 17 16 17 58 59 1 12 52 81 69 19 16 54 47 6 1 4 14 32 52 46 3 1 1 10 3 1 25 66 34 13 32 6 51 89 25 4 34 33 70 7 12 24 47 45 44 25 47 31 43 10 83 1 1 61 30 61 16 95 1 17 3 3 52 0 3 5 20 28 99 46 34 7 1 76 59 40 52 95 2 81 30 22 
18 49 1 59 37 53 1 74 99 22 23 66 95 45 68 31 14 3 1 1 69 3 6 55 39 19 28 84 10 1 67 5 94 82 17 16 1 2 20 1 2 71 1 45 5 97 56 91 3 1 81 52 22 99 23 26 90 82 23 1 23 7 66 15 95 2 50 10 3 35 4 1 1 54 26 25 80 1 9 32 46 1 0 1 19 1 29 1 80 2 15 12 50 41 83 2 15 1 24 70 
9 1 48 50 63 14 28 21 1 19 1 11 73 1 45 1 6 13 5 73 95 93 31 1 28 1 40 57 12 9 79 18 8 11 98 33 72 3 94 12 1 67 1 98 96 74 16 49 33 6 33 27 69 3 78 84 43 1 1 41 12 22 2 3 3 1 1 85 1 44 95 23 54 1 74 72 26 49 37 8 1 84 7 0 90 1 1 1 64 8 97 88 12 94 2 17 49 13 43 90 
3 94 1 25 1 22 34 22 67 47 56 49 28 57 17 1 1 9 84 14 6 76 93 9 12 13 40 45 73 27 19 83 28 4 80 14 66 24 12 32 6 74 4 45 12 42 61 42 15 1 32 15 7 65 16 6 2 62 41 95 61 3 2 35 97 60 4 1 45 2 34 3 36 73 1 94 9 15 44 9 1 21 21 72 0 15 41 58 57 54 15 26 13 1 68 82 8 8 87 19 
6 32 83 62 25 3 65 10 82 8 88 75 98 28 98 19 46 3 31 4 27 1 29 92 37 91 2 65 88 20 89 1 5 3 47 7 9 40 58 3 21 30 15 20 96 30 26 36 29 68 72 30 1 5 1 70 60 43 6 64 17 1 4 36 43 70 15 58 1 19 94 16 2 66 75 54 14 28 4 13 95 41 4 59 3 0 1 39 18 41 9 8 93 89 77 53 14 41 15 28 
50 11 1 10 35 54 1 44 48 8 75 32 90 6 78 25 5 1 7 7 41 21 34 27 34 5 82 69 4 31 81 19 5 65 21 27 6 1 8 28 39 71 5 14 22 22 2 38 1 35 23 88 12 38 89 80 21 95 1 1 40 17 14 2 3 90 1 20 17 75 94 2 26 32 29 25 20 2 25 6 3 26 55 11 35 1 0 50 3 26 1 53 67 8 3 32 1 43 19 57 
14 33 42 5 4 1 34 11 41 1 1 28 2 54 4 31 86 50 67 20 18 6 1 74 4 62 19 1 49 2 2 1 12 77 35 91 3 25 37 95 1 24 1 2 12 27 71 44 10 11 19 45 9 18 88 6 7 1 95 87 50 12 1 22 5 38 65 69 2 25 88 24 87 31 1 98 55 1 29 20 1 34 14 29 1 69 22 0 18 1 17 75 7 37 77 52 5 15 4 72 
97 2 1 38 4 69 12 3 19 51 1 23 46 62 72 7 2 18 55 1 1 46 14 66 1 21 46 43 1 23 25 55 5 66 4 30 44 62 19 19 9 4 21 95 15 43 39 99 54 5 93 2 3 91 61 65 1 41 8 34 61 55 41 1 85 58 1 1 78 83 66 1 6 22 60 7 4 1 6 20 7 17 16 84 52 62 1 69 0 35 28 1 54 34 1 25 7 67 92 60 
51 1 4 24 1 1 75 59 39 1 7 34 74 23 7 75 39 1 28 53 13 32 1 63 39 82 89 31 1 1 1 2 74 53 23 1 5 8 1 60 86 75 59 5 7 73 50 57 13 2 1 29 32 1 37 1 1 62 1 79 39 74 72 18 84 88 7 1 1 16 14 1 58 32 66 1 12 7 4 80 12 9 81 38 44 41 10 93 3 0 1 23 36 1 7 25 79 87 1 22 
26 8 1 13 4 23 12 12 29 4 16 18 5 4 38 85 25 89 95 23 78 62 14 46 72 68 42 6 48 21 1 69 9 14 3 82 21 45 1 2 6 24 4 92 61 10 82 26 39 86 1 9 35 45 56 80 1 25 48 23 22 47 66 64 29 7 70 16 1 5 3 29 15 46 13 8 3 1 97 20 20 1 30 14 1 97 87 33 80 80 0 51 1 6 1 4 10 39 45 44 
6 79 52 7 57 3 49 1 22 4 18 40 72 1 25 17 26 44 31 2 74 9 46 1 1 13 47 1 6 17 14 2 9 21 19 7 4 2 41 45 35 6 41 12 53 83 1 4 10 26 66 19 1 3 95 4 68 1 3 76 56 9 55 41 48 42 48 11 8 4 53 37 37 67 14 68 56 1 11 4 9 66 1 7 1 4 32 47 12 4 95 0 17 13 6 72 63 1 74 79 
29 11 22 12 53 30 2 31 57 29 1 1 24 44 1 45 41 70 56 43 20 53 1 3 61 44 8 78 1 3 53 55 40 5 19 1 5 29 93 1 49 86 3 1 72 8 10 47 14 5 42 93 21 1 1 1 89 3 2 1 12 49 2 82 1 66 11 41 23 41 16 1 91 8 2 6 83 1 1 7 34 1 82 39 37 11 95 28 34 9 1 36 0 28 60 86 21 7 1 88 
34 15 24 2 1 1 4 95 60 56 1 49 20 80 4 1 52 76 1 86 92 92 12 1 52 32 9 18 74 72 1 81 65 27 6 60 26 96 89 14 1 6 43 1 1 23 74 27 30 39 29 14 1 45 1 92 18 52 8 1 79 1 45 64 64 84 62 54 1 1 39 21 20 1 1 24 15 99 71 42 60 1 30 46 2 89 23 7 81 1 2 75 8 0 80 95 81 55 33 1 
48 1 62 8 35 3 1 4 22 14 1 4 1 1 81 55 1 17 37 2 88 59 2 15 1 1 25 68 45 2 90 13 99 21 60 99 29 88 71 94 66 22 1 41 16 38 6 49 66 9 48 92 11 1 78 31 75 1 54 18 19 1 30 58 1 1 19 39 1 53 8 29 16 51 1 82 8 69 74 5 1 25 26 4 64 32 4 43 27 41 33 85 4 4 0 21 13 56 89 6 
21 33 48 98 71 29 33 29 12 65 24 6 68 1 58 99 3 1 6 29 18 51 18 1 1 1 12 49 77 2 88 14 15 8 36 1 43 7 81 82 72 7 26 1 90 22 43 1 11 67 18 54 51 12 1 1 1 22 70 9 80 1 25 1 39 1 18 1 30 9 94 11 11 7 21 36 15 44 37 1 29 95 1 35 2 12 2 5 18 67 52 17 93 42 15 0 4 11 32 72 
64 1 26 1 78 27 69 57 64 91 27 43 69 16 1 31 59 44 2 1 22 91 63 9 51 62 1 35 86 1 5 14 73 28 20 47 41 81 86 47 1 82 20 18 1 67 25 84 8 26 2 52 1 69 6 46 10 6 80 50 42 73 85 42 19 55 2 17 1 1 54 29 6 39 96 57 24 71 66 22 86 68 2 13 56 47 14 2 13 31 88 79 43 28 56 74 0 53 1 69 
2 14 38 2 4 1 88 48 73 34 66 29 15 14 1 56 47 91 1 18 53 89 8 45 3 39 26 9 27 63 79 5 8 1 5 26 12 89 24 21 1 1 31 69 44 1 5 2 28 17 45 1 36 92 1 19 20 1 15 4 49 1 72 94 15 94 26 4 9 91 5 3 8 45 22 30 47 5 31 9 19 88 72 93 67 21 12 91 61 28 83 43 37 6 3 1 49 0 19 25 
11 52 72 7 47 3 79 99 1 56 1 49 45 5 5 19 43 54 45 8 11 16 50 28 5 31 30 84 1 14 8 27 96 82 16 63 77 9 1 26 26 81 1 4 52 95 49 55 3 79 91 54 32 5 9 17 39 8 1 8 19 14 35 26 13 28 11 4 1 28 3 8 3 5 1 48 92 11 14 1 86 25 1 24 57 34 12 72 1 54 1 99 28 38 52 1 29 14 0 64 
6 8 39 39 67 57 81 15 21 50 1 3 1 77 3 1 24 50 59 24 16 8 13 97 39 60 35 5 96 1 19 22 40 10 51 33 34 86 63 62 1 10 80 24 79 35 1 1 55 1 31 49 89 1 1 13 50 24 76 78 10 1 52 15 67 14 13 61 39 1 60 78 8 35 9 58 3 6 4 20 46 85 48 2 83 1 1 3 48 72 20 38 61 14 27 7 36 7 24 0 
