100 1000
0 1 2 3 4 5 6 7 8 9 1 2 3 4 5 6 7 8 9 10 2 3 4 5 6 7 8 9 10 11 3 4 5 6 7 8 9 10 11 12 4 5 6 7 8 9 10 11 12 13 5 6 7 8 9 10 11 12 13 14 6 7 8 9 10 11 12 13 14 15 7 8 9 10 11 12 13 14 15 16 8 9 10 11 12 13 14 15 16 17 9 10 11 12 13 14 15 16 17 18 
1 0 1 2 3 4 5 6 7 8 2 1 2 3 4 5 6 7 8 9 3 2 3 4 5 6 7 8 9 10 4 3 4 5 6 7 8 9 10 11 5 4 5 6 7 8 9 10 11 12 6 5 6 7 8 9 10 11 12 13 7 6 7 8 9 10 11 12 13 14 8 7 8 9 10 11 12 13 14 15 9 8 9 10 11 12 13 14 15 16 10 9 10 11 12 13 14 15 16 17 
2 1 0 1 2 3 4 5 6 7 3 2 1 2 3 4 5 6 7 8 4 3 2 3 4 5 6 7 8 9 5 4 3 4 5 6 7 8 9 10 6 5 4 5 6 7 8 9 10 11 7 6 5 6 7 8 9 10 11 12 8 7 6 7 8 9 10 11 12 13 9 8 7 8 9 10 11 12 13 14 10 9 8 9 10 11 12 13 14 15 11 10 9 10 11 12 13 14 15 16 
3 2 1 0 1 2 3 4 5 6 4 3 2 1 2 3 4 5 6 7 5 4 3 2 3 4 5 6 7 8 6 5 4 3 4 5 6 7 8 9 7 6 5 4 5 6 7 8 9 10 8 7 6 5 6 7 8 9 10 11 9 8 7 6 7 8 9 10 11 12 10 9 8 7 8 9 10 11 12 13 11 10 9 8 9 10 11 12 13 14 12 11 10 9 10 11 12 13 14 15 
4 3 2 1 0 1 2 3 4 5 5 4 3 2 1 2 3 4 5 6 6 5 4 3 2 3 4 5 6 7 7 6 5 4 3 4 5 6 7 8 8 7 6 5 4 5 6 7 8 9 9 8 7 6 5 6 7 8 9 10 10 9 8 7 6 7 8 9 10 11 11 10 9 8 7 8 9 10 11 12 12 11 10 9 8 9 10 11 12 13 13 12 11 10 9 10 11 12 13 14 
5 4 3 2 1 0 1 2 3 4 6 5 4 3 2 1 2 3 4 5 7 6 5 4 3 2 3 4 5 6 8 7 6 5 4 3 4 5 6 7 9 8 7 6 5 4 5 6 7 8 10 9 8 7 6 5 6 7 8 9 11 10 9 8 7 6 7 8 9 10 12 11 10 9 8 7 8 9 10 11 13 12 11 10 9 8 9 10 11 12 14 13 12 11 10 9 10 11 12 13 
6 5 4 3 2 1 0 1 2 3 7 6 5 4 3 2 1 2 3 4 8 7 6 5 4 3 2 3 4 5 9 8 7 6 5 4 3 4 5 6 10 9 8 7 6 5 4 5 6 7 11 10 9 8 7 6 5 6 7 8 12 11 10 9 8 7 6 7 8 9 13 12 11 10 9 8 7 8 9 10 14 13 12 11 10 9 8 9 10 11 15 14 13 12 11 10 9 10 11 12 
7 6 5 4 3 2 1 0 1 2 8 7 6 5 4 3 2 1 2 3 9 8 7 6 5 4 3 2 3 4 10 9 8 7 6 5 4 3 4 5 11 10 9 8 7 6 5 4 5 6 12 11 10 9 8 7 6 5 6 7 13 12 11 10 9 8 7 6 7 8 14 13 12 11 10 9 8 7 8 9 15 14 13 12 11 10 9 8 9 10 16 15 14 13 12 11 10 9 10 11 
8 7 6 5 4 3 2 1 0 1 9 8 7 6 5 4 3 2 1 2 10 9 8 7 6 5 4 3 2 3 11 10 9 8 7 6 5 4 3 4 12 11 10 9 8 7 6 5 4 5 13 12 11 10 9 8 7 6 5 6 14 13 12 11 10 9 8 7 6 7 15 14 13 12 11 10 9 8 7 8 16 15 14 13 12 11 10 9 8 9 17 16 15 14 13 12 11 10 9 10 
9 8 7 6 5 4 3 2 1 0 10 9 8 7 6 5 4 3 2 1 11 10 9 8 7 6 5 4 3 2 12 11 10 9 8 7 6 5 4 3 13 12 11 10 9 8 7 6 5 4 14 13 12 11 10 9 8 7 6 5 15 14 13 12 11 10 9 8 7 6 16 15 14 13 12 11 10 9 8 7 17 16 15 14 13 12 11 10 9 8 18 17 16 15 14 13 12 11 10 9 
1 2 3 4 5 6 7 8 9 10 0 1 2 3 4 5 6 7 8 9 1 2 3 4 5 6 7 8 9 10 2 3 4 5 6 7 8 9 10 11 3 4 5 6 7 8 9 10 11 12 4 5 6 7 8 9 10 11 12 13 5 6 7 8 9 10 11 12 13 14 6 7 8 9 10 11 12 13 14 15 7 8 9 10 11 12 13 14 15 16 8 9 10 11 12 13 14 15 16 17 
2 1 2 3 4 5 6 7 8 9 1 0 1 2 3 4 5 6 7 8 2 1 2 3 4 5 6 7 8 9 3 2 3 4 5 6 7 8 9 10 4 3 4 5 6 7 8 9 10 11 5 4 5 6 7 8 9 10 11 12 6 5 6 7 8 9 10 11 12 13 7 6 7 8 9 10 11 12 13 14 8 7 8 9 10 11 12 13 14 15 9 8 9 10 11 12 13 14 15 16 
3 2 1 2 3 4 5 6 7 8 2 1 0 1 2 3 4 5 6 7 3 2 1 2 3 4 5 6 7 8 4 3 2 3 4 5 6 7 8 9 5 4 3 4 5 6 7 8 9 10 6 5 4 5 6 7 8 9 10 11 7 6 5 6 7 8 9 10 11 12 8 7 6 7 8 9 10 11 12 13 9 8 7 8 9 10 11 12 13 14 10 9 8 9 10 11 12 13 14 15 
4 3 2 1 2 3 4 5 6 7 3 2 1 0 1 2 3 4 5 6 4 3 2 1 2 3 4 5 6 7 5 4 3 2 3 4 5 6 7 8 6 5 4 3 4 5 6 7 8 9 7 6 5 4 5 6 7 8 9 10 8 7 6 5 6 7 8 9 10 11 9 8 7 6 7 8 9 10 11 12 10 9 8 7 8 9 10 11 12 13 11 10 9 8 9 10 11 12 13 14 
5 4 3 2 1 2 3 4 5 6 4 3 2 1 0 1 2 3 4 5 5 4 3 2 1 2 3 4 5 6 6 5 4 3 2 3 4 5 6 7 7 6 5 4 3 4 5 6 7 8 8 7 6 5 4 5 6 7 8 9 9 8 7 6 5 6 7 8 9 10 10 9 8 7 6 7 8 9 10 11 11 10 9 8 7 8 9 10 11 12 12 11 10 9 8 9 10 11 12 13 
6 5 4 3 2 1 2 3 4 5 5 4 3 2 1 0 1 2 3 4 6 5 4 3 2 1 2 3 4 5 7 6 5 4 3 2 3 4 5 6 8 7 6 5 4 3 4 5 6 7 9 8 7 6 5 4 5 6 7 8 10 9 8 7 6 5 6 7 8 9 11 10 9 8 7 6 7 8 9 10 12 11 10 9 8 7 8 9 10 11 13 12 11 10 9 8 9 10 11 12 
7 6 5 4 3 2 1 2 3 4 6 5 4 3 2 1 0 1 2 3 7 6 5 4 3 2 1 2 3 4 8 7 6 5 4 3 2 3 4 5 9 8 7 6 5 4 3 4 5 6 10 9 8 7 6 5 4 5 6 7 11 10 9 8 7 6 5 6 7 8 12 11 10 9 8 7 6 7 8 9 13 12 11 10 9 8 7 8 9 10 14 13 12 11 10 9 8 9 10 11 
8 7 6 5 4 3 2 1 2 3 7 6 5 4 3 2 1 0 1 2 8 7 6 5 4 3 2 1 2 3 9 8 7 6 5 4 3 2 3 4 10 9 8 7 6 5 4 3 4 5 11 10 9 8 7 6 5 4 5 6 12 11 10 9 8 7 6 5 6 7 13 12 11 10 9 8 7 6 7 8 14 13 12 11 10 9 8 7 8 9 15 14 13 12 11 10 9 8 9 10 
9 8 7 6 5 4 3 2 1 2 8 7 6 5 4 3 2 1 0 1 9 8 7 6 5 4 3 2 1 2 10 9 8 7 6 5 4 3 2 3 11 10 9 8 7 6 5 4 3 4 12 11 10 9 8 7 6 5 4 5 13 12 11 10 9 8 7 6 5 6 14 13 12 11 10 9 8 7 6 7 15 14 13 12 11 10 9 8 7 8 16 15 14 13 12 11 10 9 8 9 
10 9 8 7 6 5 4 3 2 1 9 8 7 6 5 4 3 2 1 0 10 9 8 7 6 5 4 3 2 1 11 10 9 8 7 6 5 4 3 2 12 11 10 9 8 7 6 5 4 3 13 12 11 10 9 8 7 6 5 4 14 13 12 11 10 9 8 7 6 5 15 14 13 12 11 10 9 8 7 6 16 15 14 13 12 11 10 9 8 7 17 16 15 14 13 12 11 10 9 8 
2 3 4 5 6 7 8 9 10 11 1 2 3 4 5 6 7 8 9 10 0 1 2 3 4 5 6 7 8 9 1 2 3 4 5 6 7 8 9 10 2 3 4 5 6 7 8 9 10 11 3 4 5 6 7 8 9 10 11 12 4 5 6 7 8 9 10 11 12 13 5 6 7 8 9 10 11 12 13 14 6 7 8 9 10 11 12 13 14 15 7 8 9 10 11 12 13 14 15 16 
3 2 3 4 5 6 7 8 9 10 2 1 2 3 4 5 6 7 8 9 1 0 1 2 3 4 5 6 7 8 2 1 2 3 4 5 6 7 8 9 3 2 3 4 5 6 7 8 9 10 4 3 4 5 6 7 8 9 10 11 5 4 5 6 7 8 9 10 11 12 6 5 6 7 8 9 10 11 12 13 7 6 7 8 9 10 11 12 13 14 8 7 8 9 10 11 12 13 14 15 
4 3 2 3 4 5 6 7 8 9 3 2 1 2 3 4 5 6 7 8 2 1 0 1 2 3 4 5 6 7 3 2 1 2 3 4 5 6 7 8 4 3 2 3 4 5 6 7 8 9 5 4 3 4 5 6 7 8 9 10 6 5 4 5 6 7 8 9 10 11 7 6 5 6 7 8 9 10 11 12 8 7 6 7 8 9 10 11 12 13 9 8 7 8 9 10 11 12 13 14 
5 4 3 2 3 4 5 6 7 8 4 3 2 1 2 3 4 5 6 7 3 2 1 0 1 2 3 4 5 6 4 3 2 1 2 3 4 5 6 7 5 4 3 2 3 4 5 6 7 8 6 5 4 3 4 5 6 7 8 9 7 6 5 4 5 6 7 8 9 10 8 7 6 5 6 7 8 9 10 11 9 8 7 6 7 8 9 10 11 12 10 9 8 7 8 9 10 11 12 13 
6 5 4 3 2 3 4 5 6 7 5 4 3 2 1 2 3 4 5 6 4 3 2 1 0 1 2 3 4 5 5 4 3 2 1 2 3 4 5 6 6 5 4 3 2 3 4 5 6 7 7 6 5 4 3 4 5 6 7 8 8 7 6 5 4 5 6 7 8 9 9 8 7 6 5 6 7 8 9 10 10 9 8 7 6 7 8 9 10 11 11 10 9 8 7 8 9 10 11 12 
7 6 5 4 3 2 3 4 5 6 6 5 4 3 2 1 2 3 4 5 5 4 3 2 1 0 1 2 3 4 6 5 4 3 2 1 2 3 4 5 7 6 5 4 3 2 3 4 5 6 8 7 6 5 4 3 4 5 6 7 9 8 7 6 5 4 5 6 7 8 10 9 8 7 6 5 6 7 8 9 11 10 9 8 7 6 7 8 9 10 12 11 10 9 8 7 8 9 10 11 
8 7 6 5 4 3 2 3 4 5 7 6 5 4 3 2 1 2 3 4 6 5 4 3 2 1 0 1 2 3 7 6 5 4 3 2 1 2 3 4 8 7 6 5 4 3 2 3 4 5 9 8 7 6 5 4 3 4 5 6 10 9 8 7 6 5 4 5 6 7 11 10 9 8 7 6 5 6 7 8 12 11 10 9 8 7 6 7 8 9 13 12 11 10 9 8 7 8 9 10 
9 8 7 6 5 4 3 2 3 4 8 7 6 5 4 3 2 1 2 3 7 6 5 4 3 2 1 0 1 2 8 7 6 5 4 3 2 1 2 3 9 8 7 6 5 4 3 2 3 4 10 9 8 7 6 5 4 3 4 5 11 10 9 8 7 6 5 4 5 6 12 11 10 9 8 7 6 5 6 7 13 12 11 10 9 8 7 6 7 8 14 13 12 11 10 9 8 7 8 9 
10 9 8 7 6 5 4 3 2 3 9 8 7 6 5 4 3 2 1 2 8 7 6 5 4 3 2 1 0 1 9 8 7 6 5 4 3 2 1 2 10 9 8 7 6 5 4 3 2 3 11 10 9 8 7 6 5 4 3 4 12 11 10 9 8 7 6 5 4 5 13 12 11 10 9 8 7 6 5 6 14 13 12 11 10 9 8 7 6 7 15 14 13 12 11 10 9 8 7 8 
11 10 9 8 7 6 5 4 3 2 10 9 8 7 6 5 4 3 2 1 9 8 7 6 5 4 3 2 1 0 10 9 8 7 6 5 4 3 2 1 11 10 9 8 7 6 5 4 3 2 12 11 10 9 8 7 6 5 4 3 13 12 11 10 9 8 7 6 5 4 14 13 12 11 10 9 8 7 6 5 15 14 13 12 11 10 9 8 7 6 16 15 14 13 12 11 10 9 8 7 
3 4 5 6 7 8 9 10 11 12 2 3 4 5 6 7 8 9 10 11 1 2 3 4 5 6 7 8 9 10 0 1 2 3 4 5 6 7 8 9 1 2 3 4 5 6 7 8 9 10 2 3 4 5 6 7 8 9 10 11 3 4 5 6 7 8 9 10 11 12 4 5 6 7 8 9 10 11 12 13 5 6 7 8 9 10 11 12 13 14 6 7 8 9 10 11 12 13 14 15 
4 3 4 5 6 7 8 9 10 11 3 2 3 4 5 6 7 8 9 10 2 1 2 3 4 5 6 7 8 9 1 0 1 2 3 4 5 6 7 8 2 1 2 3 4 5 6 7 8 9 3 2 3 4 5 6 7 8 9 10 4 3 4 5 6 7 8 9 10 11 5 4 5 6 7 8 9 10 11 12 6 5 6 7 8 9 10 11 12 13 7 6 7 8 9 10 11 12 13 14 
5 4 3 4 5 6 7 8 9 10 4 3 2 3 4 5 6 7 8 9 3 2 1 2 3 4 5 6 7 8 2 1 0 1 2 3 4 5 6 7 3 2 1 2 3 4 5 6 7 8 4 3 2 3 4 5 6 7 8 9 5 4 3 4 5 6 7 8 9 10 6 5 4 5 6 7 8 9 10 11 7 6 5 6 7 8 9 10 11 12 8 7 6 7 8 9 10 11 12 13 
6 5 4 3 4 5 6 7 8 9 5 4 3 2 3 4 5 6 7 8 4 3 2 1 2 3 4 5 6 7 3 2 1 0 1 2 3 4 5 6 4 3 2 1 2 3 4 5 6 7 5 4 3 2 3 4 5 6 7 8 6 5 4 3 4 5 6 7 8 9 7 6 5 4 5 6 7 8 9 10 8 7 6 5 6 7 8 9 10 11 9 8 7 6 7 8 9 10 11 12 
7 6 5 4 3 4 5 6 7 8 6 5 4 3 2 3 4 5 6 7 5 4 3 2 1 2 3 4 5 6 4 3 2 1 0 1 2 3 4 5 5 4 3 2 1 2 3 4 5 6 6 5 4 3 2 3 4 5 6 7 7 6 5 4 3 4 5 6 7 8 8 7 6 5 4 5 6 7 8 9 9 8 7 6 5 6 7 8 9 10 10 9 8 7 6 7 8 9 10 11 
8 7 6 5 4 3 4 5 6 7 7 6 5 4 3 2 3 4 5 6 6 5 4 3 2 1 2 3 4 5 5 4 3 2 1 0 1 2 3 4 6 5 4 3 2 1 2 3 4 5 7 6 5 4 3 2 3 4 5 6 8 7 6 5 4 3 4 5 6 7 9 8 7 6 5 4 5 6 7 8 10 9 8 7 6 5 6 7 8 9 11 10 9 8 7 6 7 8 9 10 
9 8 7 6 5 4 3 4 5 6 8 7 6 5 4 3 2 3 4 5 7 6 5 4 3 2 1 2 3 4 6 5 4 3 2 1 0 1 2 3 7 6 5 4 3 2 1 2 3 4 8 7 6 5 4 3 2 3 4 5 9 8 7 6 5 4 3 4 5 6 10 9 8 7 6 5 4 5 6 7 11 10 9 8 7 6 5 6 7 8 12 11 10 9 8 7 6 7 8 9 
10 9 8 7 6 5 4 3 4 5 9 8 7 6 5 4 3 2 3 4 8 7 6 5 4 3 2 1 2 3 7 6 5 4 3 2 1 0 1 2 8 7 6 5 4 3 2 1 2 3 9 8 7 6 5 4 3 2 3 4 10 9 8 7 6 5 4 3 4 5 11 10 9 8 7 6 5 4 5 6 12 11 10 9 8 7 6 5 6 7 13 12 11 10 9 8 7 6 7 8 
11 10 9 8 7 6 5 4 3 4 10 9 8 7 6 5 4 3 2 3 9 8 7 6 5 4 3 2 1 2 8 7 6 5 4 3 2 1 0 1 9 8 7 6 5 4 3 2 1 2 10 9 8 7 6 5 4 3 2 3 11 10 9 8 7 6 5 4 3 4 12 11 10 9 8 7 6 5 4 5 13 12 11 10 9 8 7 6 5 6 14 13 12 11 10 9 8 7 6 7 
12 11 10 9 8 7 6 5 4 3 11 10 9 8 7 6 5 4 3 2 10 9 8 7 6 5 4 3 2 1 9 8 7 6 5 4 3 2 1 0 10 9 8 7 6 5 4 3 2 1 11 10 9 8 7 6 5 4 3 2 12 11 10 9 8 7 6 5 4 3 13 12 11 10 9 8 7 6 5 4 14 13 12 11 10 9 8 7 6 5 15 14 13 12 11 10 9 8 7 6 
4 5 6 7 8 9 10 11 12 13 3 4 5 6 7 8 9 10 11 12 2 3 4 5 6 7 8 9 10 11 1 2 3 4 5 6 7 8 9 10 0 1 2 3 4 5 6 7 8 9 1 2 3 4 5 6 7 8 9 10 2 3 4 5 6 7 8 9 10 11 3 4 5 6 7 8 9 10 11 12 4 5 6 7 8 9 10 11 12 13 5 6 7 8 9 10 11 12 13 14 
5 4 5 6 7 8 9 10 11 12 4 3 4 5 6 7 8 9 10 11 3 2 3 4 5 6 7 8 9 10 2 1 2 3 4 5 6 7 8 9 1 0 1 2 3 4 5 6 7 8 2 1 2 3 4 5 6 7 8 9 3 2 3 4 5 6 7 8 9 10 4 3 4 5 6 7 8 9 10 11 5 4 5 6 7 8 9 10 11 12 6 5 6 7 8 9 10 11 12 13 
6 5 4 5 6 7 8 9 10 11 5 4 3 4 5 6 7 8 9 10 4 3 2 3 4 5 6 7 8 9 3 2 1 2 3 4 5 6 7 8 2 1 0 1 2 3 4 5 6 7 3 2 1 2 3 4 5 6 7 8 4 3 2 3 4 5 6 7 8 9 5 4 3 4 5 6 7 8 9 10 6 5 4 5 6 7 8 9 10 11 7 6 5 6 7 8 9 10 11 12 
7 6 5 4 5 6 7 8 9 10 6 5 4 3 4 5 6 7 8 9 5 4 3 2 3 4 5 6 7 8 4 3 2 1 2 3 4 5 6 7 3 2 1 0 1 2 3 4 5 6 4 3 2 1 2 3 4 5 6 7 5 4 3 2 3 4 5 6 7 8 6 5 4 3 4 5 6 7 8 9 7 6 5 4 5 6 7 8 9 10 8 7 6 5 6 7 8 9 10 11 
8 7 6 5 4 5 6 7 8 9 7 6 5 4 3 4 5 6 7 8 6 5 4 3 2 3 4 5 6 7 5 4 3 2 1 2 3 4 5 6 4 3 2 1 0 1 2 3 4 5 5 4 3 2 1 2 3 4 5 6 6 5 4 3 2 3 4 5 6 7 7 6 5 4 3 4 5 6 7 8 8 7 6 5 4 5 6 7 8 9 9 8 7 6 5 6 7 8 9 10 
9 8 7 6 5 4 5 6 7 8 8 7 6 5 4 3 4 5 6 7 7 6 5 4 3 2 3 4 5 6 6 5 4 3 2 1 2 3 4 5 5 4 3 2 1 0 1 2 3 4 6 5 4 3 2 1 2 3 4 5 7 6 5 4 3 2 3 4 5 6 8 7 6 5 4 3 4 5 6 7 9 8 7 6 5 4 5 6 7 8 10 9 8 7 6 5 6 7 8 9 
10 9 8 7 6 5 4 5 6 7 9 8 7 6 5 4 3 4 5 6 8 7 6 5 4 3 2 3 4 5 7 6 5 4 3 2 1 2 3 4 6 5 4 3 2 1 0 1 2 3 7 6 5 4 3 2 1 2 3 4 8 7 6 5 4 3 2 3 4 5 9 8 7 6 5 4 3 4 5 6 10 9 8 7 6 5 4 5 6 7 11 10 9 8 7 6 5 6 7 8 
11 10 9 8 7 6 5 4 5 6 10 9 8 7 6 5 4 3 4 5 9 8 7 6 5 4 3 2 3 4 8 7 6 5 4 3 2 1 2 3 7 6 5 4 3 2 1 0 1 2 8 7 6 5 4 3 2 1 2 3 9 8 7 6 5 4 3 2 3 4 10 9 8 7 6 5 4 3 4 5 11 10 9 8 7 6 5 4 5 6 12 11 10 9 8 7 6 5 6 7 
12 11 10 9 8 7 6 5 4 5 11 10 9 8 7 6 5 4 3 4 10 9 8 7 6 5 4 3 2 3 9 8 7 6 5 4 3 2 1 2 8 7 6 5 4 3 2 1 0 1 9 8 7 6 5 4 3 2 1 2 10 9 8 7 6 5 4 3 2 3 11 10 9 8 7 6 5 4 3 4 12 11 10 9 8 7 6 5 4 5 13 12 11 10 9 8 7 6 5 6 
13 12 11 10 9 8 7 6 5 4 12 11 10 9 8 7 6 5 4 3 11 10 9 8 7 6 5 4 3 2 10 9 8 7 6 5 4 3 2 1 9 8 7 6 5 4 3 2 1 0 10 9 8 7 6 5 4 3 2 1 11 10 9 8 7 6 5 4 3 2 12 11 10 9 8 7 6 5 4 3 13 12 11 10 9 8 7 6 5 4 14 13 12 11 10 9 8 7 6 5 
5 6 7 8 9 10 11 12 13 14 4 5 6 7 8 9 10 11 12 13 3 4 5 6 7 8 9 10 11 12 2 3 4 5 6 7 8 9 10 11 1 2 3 4 5 6 7 8 9 10 0 1 2 3 4 5 6 7 8 9 1 2 3 4 5 6 7 8 9 10 2 3 4 5 6 7 8 9 10 11 3 4 5 6 7 8 9 10 11 12 4 5 6 7 8 9 10 11 12 13 
6 5 6 7 8 9 10 11 12 13 5 4 5 6 7 8 9 10 11 12 4 3 4 5 6 7 8 9 10 11 3 2 3 4 5 6 7 8 9 10 2 1 2 3 4 5 6 7 8 9 1 0 1 2 3 4 5 6 7 8 2 1 2 3 4 5 6 7 8 9 3 2 3 4 5 6 7 8 9 10 4 3 4 5 6 7 8 9 10 11 5 4 5 6 7 8 9 10 11 12 
7 6 5 6 7 8 9 10 11 12 6 5 4 5 6 7 8 9 10 11 5 4 3 4 5 6 7 8 9 10 4 3 2 3 4 5 6 7 8 9 3 2 1 2 3 4 5 6 7 8 2 1 0 1 2 3 4 5 6 7 3 2 1 2 3 4 5 6 7 8 4 3 2 3 4 5 6 7 8 9 5 4 3 4 5 6 7 8 9 10 6 5 4 5 6 7 8 9 10 11 
8 7 6 5 6 7 8 9 10 11 7 6 5 4 5 6 7 8 9 10 6 5 4 3 4 5 6 7 8 9 5 4 3 2 3 4 5 6 7 8 4 3 2 1 2 3 4 5 6 7 3 2 1 0 1 2 3 4 5 6 4 3 2 1 2 3 4 5 6 7 5 4 3 2 3 4 5 6 7 8 6 5 4 3 4 5 6 7 8 9 7 6 5 4 5 6 7 8 9 10 
9 8 7 6 5 6 7 8 9 10 8 7 6 5 4 5 6 7 8 9 7 6 5 4 3 4 5 6 7 8 6 5 4 3 2 3 4 5 6 7 5 4 3 2 1 2 3 4 5 6 4 3 2 1 0 1 2 3 4 5 5 4 3 2 1 2 3 4 5 6 6 5 4 3 2 3 4 5 6 7 7 6 5 4 3 4 5 6 7 8 8 7 6 5 4 5 6 7 8 9 
10 9 8 7 6 5 6 7 8 9 9 8 7 6 5 4 5 6 7 8 8 7 6 5 4 3 4 5 6 7 7 6 5 4 3 2 3 4 5 6 6 5 4 3 2 1 2 3 4 5 5 4 3 2 1 0 1 2 3 4 6 5 4 3 2 1 2 3 4 5 7 6 5 4 3 2 3 4 5 6 8 7 6 5 4 3 4 5 6 7 9 8 7 6 5 4 5 6 7 8 
11 10 9 8 7 6 5 6 7 8 10 9 8 7 6 5 4 5 6 7 9 8 7 6 5 4 3 4 5 6 8 7 6 5 4 3 2 3 4 5 7 6 5 4 3 2 1 2 3 4 6 5 4 3 2 1 0 1 2 3 7 6 5 4 3 2 1 2 3 4 8 7 6 5 4 3 2 3 4 5 9 8 7 6 5 4 3 4 5 6 10 9 8 7 6 5 4 5 6 7 
12 11 10 9 8 7 6 5 6 7 11 10 9 8 7 6 5 4 5 6 10 9 8 7 6 5 4 3 4 5 9 8 7 6 5 4 3 2 3 4 8 7 6 5 4 3 2 1 2 3 7 6 5 4 3 2 1 0 1 2 8 7 6 5 4 3 2 1 2 3 9 8 7 6 5 4 3 2 3 4 10 9 8 7 6 5 4 3 4 5 11 10 9 8 7 6 5 4 5 6 
13 12 11 10 9 8 7 6 5 6 12 11 10 9 8 7 6 5 4 5 11 10 9 8 7 6 5 4 3 4 10 9 8 7 6 5 4 3 2 3 9 8 7 6 5 4 3 2 1 2 8 7 6 5 4 3 2 1 0 1 9 8 7 6 5 4 3 2 1 2 10 9 8 7 6 5 4 3 2 3 11 10 9 8 7 6 5 4 3 4 12 11 10 9 8 7 6 5 4 5 
14 13 12 11 10 9 8 7 6 5 13 12 11 10 9 8 7 6 5 4 12 11 10 9 8 7 6 5 4 3 11 10 9 8 7 6 5 4 3 2 10 9 8 7 6 5 4 3 2 1 9 8 7 6 5 4 3 2 1 0 10 9 8 7 6 5 4 3 2 1 11 10 9 8 7 6 5 4 3 2 12 11 10 9 8 7 6 5 4 3 13 12 11 10 9 8 7 6 5 4 
6 7 8 9 10 11 12 13 14 15 5 6 7 8 9 10 11 12 13 14 4 5 6 7 8 9 10 11 12 13 3 4 5 6 7 8 9 10 11 12 2 3 4 5 6 7 8 9 10 11 1 2 3 4 5 6 7 8 9 10 0 1 2 3 4 5 6 7 8 9 1 2 3 4 5 6 7 8 9 10 2 3 4 5 6 7 8 9 10 11 3 4 5 6 7 8 9 10 11 12 
7 6 7 8 9 10 11 12 13 14 6 5 6 7 8 9 10 11 12 13 5 4 5 6 7 8 9 10 11 12 4 3 4 5 6 7 8 9 10 11 3 2 3 4 5 6 7 8 9 10 2 1 2 3 4 5 6 7 8 9 1 0 1 2 3 4 5 6 7 8 2 1 2 3 4 5 6 7 8 9 3 2 3 4 5 6 7 8 9 10 4 3 4 5 6 7 8 9 10 11 
8 7 6 7 8 9 10 11 12 13 7 6 5 6 7 8 9 10 11 12 6 5 4 5 6 7 8 9 10 11 5 4 3 4 5 6 7 8 9 10 4 3 2 3 4 5 6 7 8 9 3 2 1 2 3 4 5 6 7 8 2 1 0 1 2 3 4 5 6 7 3 2 1 2 3 4 5 6 7 8 4 3 2 3 4 5 6 7 8 9 5 4 3 4 5 6 7 8 9 10 
9 8 7 6 7 8 9 10 11 12 8 7 6 5 6 7 8 9 10 11 7 6 5 4 5 6 7 8 9 10 6 5 4 3 4 5 6 7 8 9 5 4 3 2 3 4 5 6 7 8 4 3 2 1 2 3 4 5 6 7 3 2 1 0 1 2 3 4 5 6 4 3 2 1 2 3 4 5 6 7 5 4 3 2 3 4 5 6 7 8 6 5 4 3 4 5 6 7 8 9 
10 9 8 7 6 7 8 9 10 11 9 8 7 6 5 6 7 8 9 10 8 7 6 5 4 5 6 7 8 9 7 6 5 4 3 4 5 6 7 8 6 5 4 3 2 3 4 5 6 7 5 4 3 2 1 2 3 4 5 6 4 3 2 1 0 1 2 3 4 5 5 4 3 2 1 2 3 4 5 6 6 5 4 3 2 3 4 5 6 7 7 6 5 4 3 4 5 6 7 8 
11 10 9 8 7 6 7 8 9 10 10 9 8 7 6 5 6 7 8 9 9 8 7 6 5 4 5 6 7 8 8 7 6 5 4 3 4 5 6 7 7 6 5 4 3 2 3 4 5 6 6 5 4 3 2 1 2 3 4 5 5 4 3 2 1 0 1 2 3 4 6 5 4 3 2 1 2 3 4 5 7 6 5 4 3 2 3 4 5 6 8 7 6 5 4 3 4 5 6 7 
12 11 10 9 8 7 6 7 8 9 11 10 9 8 7 6 5 6 7 8 10 9 8 7 6 5 4 5 6 7 9 8 7 6 5 4 3 4 5 6 8 7 6 5 4 3 2 3 4 5 7 6 5 4 3 2 1 2 3 4 6 5 4 3 2 1 0 1 2 3 7 6 5 4 3 2 1 2 3 4 8 7 6 5 4 3 2 3 4 5 9 8 7 6 5 4 3 4 5 6 
13 12 11 10 9 8 7 6 7 8 12 11 10 9 8 7 6 5 6 7 11 10 9 8 7 6 5 4 5 6 10 9 8 7 6 5 4 3 4 5 9 8 7 6 5 4 3 2 3 4 8 7 6 5 4 3 2 1 2 3 7 6 5 4 3 2 1 0 1 2 8 7 6 5 4 3 2 1 2 3 9 8 7 6 5 4 3 2 3 4 10 9 8 7 6 5 4 3 4 5 
14 13 12 11 10 9 8 7 6 7 13 12 11 10 9 8 7 6 5 6 12 11 10 9 8 7 6 5 4 5 11 10 9 8 7 6 5 4 3 4 10 9 8 7 6 5 4 3 2 3 9 8 7 6 5 4 3 2 1 2 8 7 6 5 4 3 2 1 0 1 9 8 7 6 5 4 3 2 1 2 10 9 8 7 6 5 4 3 2 3 11 10 9 8 7 6 5 4 3 4 
15 14 13 12 11 10 9 8 7 6 14 13 12 11 10 9 8 7 6 5 13 12 11 10 9 8 7 6 5 4 12 11 10 9 8 7 6 5 4 3 11 10 9 8 7 6 5 4 3 2 10 9 8 7 6 5 4 3 2 1 9 8 7 6 5 4 3 2 1 0 10 9 8 7 6 5 4 3 2 1 11 10 9 8 7 6 5 4 3 2 12 11 10 9 8 7 6 5 4 3 
7 8 9 10 11 12 13 14 15 16 6 7 8 9 10 11 12 13 14 15 5 6 7 8 9 10 11 12 13 14 4 5 6 7 8 9 10 11 12 13 3 4 5 6 7 8 9 10 11 12 2 3 4 5 6 7 8 9 10 11 1 2 3 4 5 6 7 8 9 10 0 1 2 3 4 5 6 7 8 9 1 2 3 4 5 6 7 8 9 10 2 3 4 5 6 7 8 9 10 11 
8 7 8 9 10 11 12 13 14 15 7 6 7 8 9 10 11 12 13 14 6 5 6 7 8 9 10 11 12 13 5 4 5 6 7 8 9 10 11 12 4 3 4 5 6 7 8 9 10 11 3 2 3 4 5 6 7 8 9 10 2 1 2 3 4 5 6 7 8 9 1 0 1 2 3 4 5 6 7 8 2 1 2 3 4 5 6 7 8 9 3 2 3 4 5 6 7 8 9 10 
9 8 7 8 9 10 11 12 13 14 8 7 6 7 8 9 10 11 12 13 7 6 5 6 7 8 9 10 11 12 6 5 4 5 6 7 8 9 10 11 5 4 3 4 5 6 7 8 9 10 4 3 2 3 4 5 6 7 8 9 3 2 1 2 3 4 5 6 7 8 2 1 0 1 2 3 4 5 6 7 3 2 1 2 3 4 5 6 7 8 4 3 2 3 4 5 6 7 8 9 
10 9 8 7 8 9 10 11 12 13 9 8 7 6 7 8 9 10 11 12 8 7 6 5 6 7 8 9 10 11 7 6 5 4 5 6 7 8 9 10 6 5 4 3 4 5 6 7 8 9 5 4 3 2 3 4 5 6 7 8 4 3 2 1 2 3 4 5 6 7 3 2 1 0 1 2 3 4 5 6 4 3 2 1 2 3 4 5 6 7 5 4 3 2 3 4 5 6 7 8 
11 10 9 8 7 8 9 10 11 12 10 9 8 7 6 7 8 9 10 11 9 8 7 6 5 6 7 8 9 10 8 7 6 5 4 5 6 7 8 9 7 6 5 4 3 4 5 6 7 8 6 5 4 3 2 3 4 5 6 7 5 4 3 2 1 2 3 4 5 6 4 3 2 1 0 1 2 3 4 5 5 4 3 2 1 2 3 4 5 6 6 5 4 3 2 3 4 5 6 7 
12 11 10 9 8 7 8 9 10 11 11 10 9 8 7 6 7 8 9 10 10 9 8 7 6 5 6 7 8 9 9 8 7 6 5 4 5 6 7 8 8 7 6 5 4 3 4 5 6 7 7 6 5 4 3 2 3 4 5 6 6 5 4 3 2 1 2 3 4 5 5 4 3 2 1 0 1 2 3 4 6 5 4 3 2 1 2 3 4 5 7 6 5 4 3 2 3 4 5 6 
13 12 11 10 9 8 7 8 9 10 12 11 10 9 8 7 6 7 8 9 11 10 9 8 7 6 5 6 7 8 10 9 8 7 6 5 4 5 6 7 9 8 7 6 5 4 3 4 5 6 8 7 6 5 4 3 2 3 4 5 7 6 5 4 3 2 1 2 3 4 6 5 4 3 2 1 0 1 2 3 7 6 5 4 3 2 1 2 3 4 8 7 6 5 4 3 2 3 4 5 
14 13 12 11 10 9 8 7 8 9 13 12 11 10 9 8 7 6 7 8 12 11 10 9 8 7 6 5 6 7 11 10 9 8 7 6 5 4 5 6 10 9 8 7 6 5 4 3 4 5 9 8 7 6 5 4 3 2 3 4 8 7 6 5 4 3 2 1 2 3 7 6 5 4 3 2 1 0 1 2 8 7 6 5 4 3 2 1 2 3 9 8 7 6 5 4 3 2 3 4 
15 14 13 12 11 10 9 8 7 8 14 13 12 11 10 9 8 7 6 7 13 12 11 10 9 8 7 6 5 6 12 11 10 9 8 7 6 5 4 5 11 10 9 8 7 6 5 4 3 4 10 9 8 7 6 5 4 3 2 3 9 8 7 6 5 4 3 2 1 2 8 7 6 5 4 3 2 1 0 1 9 8 7 6 5 4 3 2 1 2 10 9 8 7 6 5 4 3 2 3 
16 15 14 13 12 11 10 9 8 7 15 14 13 12 11 10 9 8 7 6 14 13 12 11 10 9 8 7 6 5 13 12 11 10 9 8 7 6 5 4 12 11 10 9 8 7 6 5 4 3 11 10 9 8 7 6 5 4 3 2 10 9 8 7 6 5 4 3 2 1 9 8 7 6 5 4 3 2 1 0 10 9 8 7 6 5 4 3 2 1 11 10 9 8 7 6 5 4 3 2 
8 9 10 11 12 13 14 15 16 17 7 8 9 10 11 12 13 14 15 16 6 7 8 9 10 11 12 13 14 15 5 6 7 8 9 10 11 12 13 14 4 5 6 7 8 9 10 11 12 13 3 4 5 6 7 8 9 10 11 12 2 3 4 5 6 7 8 9 10 11 1 2 3 4 5 6 7 8 9 10 0 1 2 3 4 5 6 7 8 9 1 2 3 4 5 6 7 8 9 10 
9 8 9 10 11 12 13 14 15 16 8 7 8 9 10 11 12 13 14 15 7 6 7 8 9 10 11 12 13 14 6 5 6 7 8 9 10 11 12 13 5 4 5 6 7 8 9 10 11 12 4 3 4 5 6 7 8 9 10 11 3 2 3 4 5 6 7 8 9 10 2 1 2 3 4 5 6 7 8 9 1 0 1 2 3 4 5 6 7 8 2 1 2 3 4 5 6 7 8 9 
10 9 8 9 10 11 12 13 14 15 9 8 7 8 9 10 11 12 13 14 8 7 6 7 8 9 10 11 12 13 7 6 5 6 7 8 9 10 11 12 6 5 4 5 6 7 8 9 10 11 5 4 3 4 5 6 7 8 9 10 4 3 2 3 4 5 6 7 8 9 3 2 1 2 3 4 5 6 7 8 2 1 0 1 2 3 4 5 6 7 3 2 1 2 3 4 5 6 7 8 
11 10 9 8 9 10 11 12 13 14 10 9 8 7 8 9 10 11 12 13 9 8 7 6 7 8 9 10 11 12 8 7 6 5 6 7 8 9 10 11 7 6 5 4 5 6 7 8 9 10 6 5 4 3 4 5 6 7 8 9 5 4 3 2 3 4 5 6 7 8 4 3 2 1 2 3 4 5 6 7 3 2 1 0 1 2 3 4 5 6 4 3 2 1 2 3 4 5 6 7 
12 11 10 9 8 9 10 11 12 13 11 10 9 8 7 8 9 10 11 12 10 9 8 7 6 7 8 9 10 11 9 8 7 6 5 6 7 8 9 10 8 7 6 5 4 5 6 7 8 9 7 6 5 4 3 4 5 6 7 8 6 5 4 3 2 3 4 5 6 7 5 4 3 2 1 2 3 4 5 6 4 3 2 1 0 1 2 3 4 5 5 4 3 2 1 2 3 4 5 6 
13 12 11 10 9 8 9 10 11 12 12 11 10 9 8 7 8 9 10 11 11 10 9 8 7 6 7 8 9 10 10 9 8 7 6 5 6 7 8 9 9 8 7 6 5 4 5 6 7 8 8 7 6 5 4 3 4 5 6 7 7 6 5 4 3 2 3 4 5 6 6 5 4 3 2 1 2 3 4 5 5 4 3 2 1 0 1 2 3 4 6 5 4 3 2 1 2 3 4 5 
14 13 12 11 10 9 8 9 10 11 13 12 11 10 9 8 7 8 9 10 12 11 10 9 8 7 6 7 8 9 11 10 9 8 7 6 5 6 7 8 10 9 8 7 6 5 4 5 6 7 9 8 7 6 5 4 3 4 5 6 8 7 6 5 4 3 2 3 4 5 7 6 5 4 3 2 1 2 3 4 6 5 4 3 2 1 0 1 2 3 7 6 5 4 3 2 1 2 3 4 
15 14 13 12 11 10 9 8 9 10 14 13 12 11 10 9 8 7 8 9 13 12 11 10 9 8 7 6 7 8 12 11 10 9 8 7 6 5 6 7 11 10 9 8 7 6 5 4 5 6 10 9 8 7 6 5 4 3 4 5 9 8 7 6 5 4 3 2 3 4 8 7 6 5 4 3 2 1 2 3 7 6 5 4 3 2 1 0 1 2 8 7 6 5 4 3 2 1 2 3 
16 15 14 13 12 11 10 9 8 9 15 14 13 12 11 10 9 8 7 8 14 13 12 11 10 9 8 7 6 7 13 12 11 10 9 8 7 6 5 6 12 11 10 9 8 7 6 5 4 5 11 10 9 8 7 6 5 4 3 4 10 9 8 7 6 5 4 3 2 3 9 8 7 6 5 4 3 2 1 2 8 7 6 5 4 3 2 1 0 1 9 8 7 6 5 4 3 2 1 2 
17 16 15 14 13 12 11 10 9 8 16 15 14 13 12 11 10 9 8 7 15 14 13 12 11 10 9 8 7 6 14 13 12 11 10 9 8 7 6 5 13 12 11 10 9 8 7 6 5 4 12 11 10 9 8 7 6 5 4 3 11 10 9 8 7 6 5 4 3 2 10 9 8 7 6 5 4 3 2 1 9 8 7 6 5 4 3 2 1 0 10 9 8 7 6 5 4 3 2 1 
9 10 11 12 13 14 15 16 17 18 8 9 10 11 12 13 14 15 16 17 7 8 9 10 11 12 13 14 15 16 6 7 8 9 10 11 12 13 14 15 5 6 7 8 9 10 11 12 13 14 4 5 6 7 8 9 10 11 12 13 3 4 5 6 7 8 9 10 11 12 2 3 4 5 6 7 8 9 10 11 1 2 3 4 5 6 7 8 9 10 0 1 2 3 4 5 6 7 8 9 
10 9 10 11 12 13 14 15 16 17 9 8 9 10 11 12 13 14 15 16 8 7 8 9 10 11 12 13 14 15 7 6 7 8 9 10 11 12 13 14 6 5 6 7 8 9 10 11 12 13 5 4 5 6 7 8 9 10 11 12 4 3 4 5 6 7 8 9 10 11 3 2 3 4 5 6 7 8 9 10 2 1 2 3 4 5 6 7 8 9 1 0 1 2 3 4 5 6 7 8 
11 10 9 10 11 12 13 14 15 16 10 9 8 9 10 11 12 13 14 15 9 8 7 8 9 10 11 12 13 14 8 7 6 7 8 9 10 11 12 13 7 6 5 6 7 8 9 10 11 12 6 5 4 5 6 7 8 9 10 11 5 4 3 4 5 6 7 8 9 10 4 3 2 3 4 5 6 7 8 9 3 2 1 2 3 4 5 6 7 8 2 1 0 1 2 3 4 5 6 7 
12 11 10 9 10 11 12 13 14 15 11 10 9 8 9 10 11 12 13 14 10 9 8 7 8 9 10 11 12 13 9 8 7 6 7 8 9 10 11 12 8 7 6 5 6 7 8 9 10 11 7 6 5 4 5 6 7 8 9 10 6 5 4 3 4 5 6 7 8 9 5 4 3 2 3 4 5 6 7 8 4 3 2 1 2 3 4 5 6 7 3 2 1 0 1 2 3 4 5 6 
13 12 11 10 9 10 11 12 13 14 12 11 10 9 8 9 10 11 12 13 11 10 9 8 7 8 9 10 11 12 10 9 8 7 6 7 8 9 10 11 9 8 7 6 5 6 7 8 9 10 8 7 6 5 4 5 6 7 8 9 7 6 5 4 3 4 5 6 7 8 6 5 4 3 2 3 4 5 6 7 5 4 3 2 1 2 3 4 5 6 4 3 2 1 0 1 2 3 4 5 
14 13 12 11 10 9 10 11 12 13 13 12 11 10 9 8 9 10 11 12 12 11 10 9 8 7 8 9 10 11 11 10 9 8 7 6 7 8 9 10 10 9 8 7 6 5 6 7 8 9 9 8 7 6 5 4 5 6 7 8 8 7 6 5 4 3 4 5 6 7 7 6 5 4 3 2 3 4 5 6 6 5 4 3 2 1 2 3 4 5 5 4 3 2 1 0 1 2 3 4 
15 14 13 12 11 10 9 10 11 12 14 13 12 11 10 9 8 9 10 11 13 12 11 10 9 8 7 8 9 10 12 11 10 9 8 7 6 7 8 9 11 10 9 8 7 6 5 6 7 8 10 9 8 7 6 5 4 5 6 7 9 8 7 6 5 4 3 4 5 6 8 7 6 5 4 3 2 3 4 5 7 6 5 4 3 2 1 2 3 4 6 5 4 3 2 1 0 1 2 3 
16 15 14 13 12 11 10 9 10 11 15 14 13 12 11 10 9 8 9 10 14 13 12 11 10 9 8 7 8 9 13 12 11 10 9 8 7 6 7 8 12 11 10 9 8 7 6 5 6 7 11 10 9 8 7 6 5 4 5 6 10 9 8 7 6 5 4 3 4 5 9 8 7 6 5 4 3 2 3 4 8 7 6 5 4 3 2 1 2 3 7 6 5 4 3 2 1 0 1 2 
17 16 15 14 13 12 11 10 9 10 16 15 14 13 12 11 10 9 8 9 15 14 13 12 11 10 9 8 7 8 14 13 12 11 10 9 8 7 6 7 13 12 11 10 9 8 7 6 5 6 12 11 10 9 8 7 6 5 4 5 11 10 9 8 7 6 5 4 3 4 10 9 8 7 6 5 4 3 2 3 9 8 7 6 5 4 3 2 1 2 8 7 6 5 4 3 2 1 0 1 
18 17 16 15 14 13 12 11 10 9 17 16 15 14 13 12 11 10 9 8 16 15 14 13 12 11 10 9 8 7 15 14 13 12 11 10 9 8 7 6 14 13 12 11 10 9 8 7 6 5 13 12 11 10 9 8 7 6 5 4 12 11 10 9 8 7 6 5 4 3 11 10 9 8 7 6 5 4 3 2 10 9 8 7 6 5 4 3 2 1 9 8 7 6 5 4 3 2 1 0 
0 18 1 4 1 86 1 1 1 1 6 66 1 98 31 37 1 1 67 1 14 22 23 1 1 2 1 7 1 1 1 1 1 1 67 3 7 1 1 47 66 1 14 1 1 20 6 77 1 1 1 73 1 1 81 83 1 1 1 1 7 72 1 116 1 1 8 1 1 3 60 1 1 20 1 118 1 81 86 11 1 25 1 1 1 6 3 1 1 8 1 53 1 5 7 1 1 1 9 1 
1 0 21 1 5 1 1 16 1 1 1 69 4 14 49 1 31 120 1 1 1 1 1 1 2 1 1 1 51 4 6 1 1 1 3 1 52 1 1 1 1 19 1 1 1 1 1 2 1 1 1 123 48 1 2 17 1 1 56 1 1 1 1 8 12 2 4 1 17 1 1 6 1 1 3 1 1 1 78 1 124 1 16 1 1 8 29 8 1 7 11 1 97 1 82 120 28 1 29 1 
1 5 0 1 1 101 111 1 9 1 48 1 1 1 1 1 1 1 1 19 1 1 32 1 15 122 34 1 35 10 29 1 1 2 33 4 1 1 8 36 2 75 7 18 1 37 16 3 61 1 26 1 1 1 23 6 1 57 1 19 1 1 5 57 1 1 1 74 68 1 1 3 1 12 1 41 1 1 1 21 1 105 14 4 1 1 79 48 2 1 1 3 1 1 1 36 64 1 1 1 
1 1 66 0 3 30 42 12 1 63 1 34 1 1 32 1 1 1 90 36 3 6 1 1 60 1 1 1 1 1 3 21 127 1 2 1 1 1 39 1 1 35 4 1 1 35 9 1 8 6 1 3 15 127 27 7 13 1 1 90 1 16 25 2 1 1 1 34 1 9 31 1 1 1 1 1 1 1 6 1 9 1 8 1 1 1 99 4 2 28 22 1 1 1 10 6 17 3 1 1 
1 64 18 4 0 1 1 49 2 1 27 2 39 1 1 1 1 1 1 100 1 1 1 1 27 1 1 2 1 45 73 1 33 33 1 24 1 1 1 1 13 1 76 5 35 1 1 1 1 1 48 1 10 1 7 42 1 1 1 1 97 85 1 1 1 1 1 1 1 7 1 46 1 65 1 1 89 1 1 25 14 1 1 4 1 1 1 1 1 12 23 1 1 1 1 1 2 7 73 1 
45 1 1 5 57 0 1 15 1 1 1 58 1 1 1 1 1 54 1 10 1 3 1 101 1 1 1 1 10 1 1 38 1 1 1 1 1 1 21 74 1 1 27 16 1 1 7 1 3 2 1 1 1 1 85 2 65 1 1 3 1 96 1 1 1 1 5 1 3 29 2 1 1 43 1 3 14 1 6 1 1 1 43 37 1 24 127 1 1 53 25 107 1 6 42 1 1 1 1 37 
101 105 1 12 2 1 0 1 1 27 39 58 1 1 5 1 1 1 1 24 2 8 1 4 6 1 1 1 23 3 97 1 1 12 1 1 1 1 31 57 1 1 1 1 1 1 1 58 5 31 1 2 1 1 1 1 7 32 7 1 10 3 1 87 70 32 1 58 1 1 24 86 1 1 1 3 1 125 1 40 42 69 6 21 1 1 1 1 1 95 1 79 28 2 1 4 69 6 1 1 
1 1 1 10 1 2 1 0 19 34 1 45 5 1 3 1 1 1 6 1 1 1 1 54 1 1 4 1 1 25 1 1 56 2 75 1 1 1 6 1 16 121 1 1 1 6 3 62 35 11 2 1 14 88 20 1 1 2 1 16 1 1 1 43 14 113 1 1 14 1 17 1 1 1 10 24 1 1 1 1 1 4 1 1 1 3 1 1 1 4 21 3 1 1 1 8 12 1 1 1 
78 19 1 1 10 12 126 55 0 57 5 1 1 1 1 1 53 5 1 1 1 1 1 1 1 3 25 1 1 23 1 1 1 25 1 1 7 1 1 4 25 1 1 1 1 1 3 6 23 8 1 107 1 56 22 66 7 1 5 1 60 42 3 4 1 1 47 1 1 1 1 1 1 1 2 1 14 1 1 1 86 26 1 1 1 1 1 1 1 1 1 51 1 13 1 1 1 1 1 13 
1 1 115 1 1 103 69 1 31 0 1 23 1 51 1 1 1 1 1 1 7 2 10 1 14 60 1 1 1 1 1 1 1 1 1 1 1 16 24 1 1 1 40 1 3 19 11 1 53 1 47 1 1 1 1 27 1 22 1 7 65 36 2 1 1 13 1 2 1 1 1 8 1 4 2 71 1 10 20 2 1 1 46 8 1 13 1 13 5 1 3 30 90 19 46 1 57 14 1 8 
72 13 18 1 1 1 1 1 1 1 0 6 63 1 1 7 1 4 10 1 3 16 1 36 1 21 1 1 15 1 2 1 94 1 1 1 1 1 1 1 1 1 1 45 24 1 1 1 92 1 1 1 37 84 47 1 1 1 1 1 27 1 1 1 8 7 6 13 1 13 16 1 1 55 37 1 1 32 127 1 1 2 22 16 1 1 1 15 3 19 28 1 1 1 1 74 6 35 3 1 
2 1 1 1 1 1 1 1 4 3 1 0 5 71 1 1 1 2 1 1 51 1 1 1 116 8 1 26 13 1 1 1 46 1 4 6 123 1 1 16 1 56 101 1 44 71 1 1 1 3 1 7 2 46 1 1 2 1 1 2 40 37 1 1 125 1 1 1 112 1 1 57 63 1 1 1 13 1 1 1 1 5 17 1 5 7 15 1 1 1 1 1 92 1 1 1 15 44 3 1 
14 1 1 1 1 82 1 26 1 1 1 1 0 1 42 1 1 14 85 1 106 1 3 13 1 5 76 1 115 9 1 15 1 1 1 18 5 4 19 3 43 16 1 1 1 42 2 4 10 63 1 1 29 49 1 1 1 1 1 51 1 1 1 2 1 4 2 1 1 1 1 1 1 8 1 1 4 10 1 1 1 1 1 3 1 1 1 1 1 1 37 11 2 7 14 1 72 1 14 43 
1 1 3 1 1 1 1 1 1 67 1 95 6 0 1 30 1 1 4 24 41 1 1 15 4 2 16 46 63 1 114 2 1 3 2 1 69 1 2 1 1 1 83 1 92 37 2 18 103 1 2 1 1 123 1 1 1 1 1 46 1 1 40 109 1 1 119 9 1 18 1 1 8 1 16 7 3 76 3 43 51 12 64 1 1 51 1 1 1 1 117 1 1 32 6 5 3 29 1 32 
1 1 1 1 24 1 42 1 1 1 1 41 1 1 0 1 3 17 1 1 71 83 1 1 1 3 3 11 6 1 92 1 52 44 49 23 17 38 63 1 1 1 81 114 125 5 30 1 1 1 7 1 1 1 14 1 117 1 1 14 66 38 43 1 60 1 1 55 32 48 1 1 3 119 1 1 5 1 1 1 1 1 1 6 40 1 1 1 1 1 68 2 8 1 1 45 1 7 1 59 
13 1 1 1 3 9 11 53 1 46 2 33 1 64 3 0 3 1 1 26 28 1 5 10 14 8 53 1 1 12 1 1 1 4 13 1 1 1 126 32 21 1 1 7 37 1 4 13 29 1 2 1 1 1 1 4 3 1 1 14 86 42 52 7 1 1 91 14 1 3 1 1 1 56 1 1 35 66 1 1 28 1 13 1 1 88 1 30 9 32 88 1 1 89 5 30 5 1 60 3 
12 1 85 21 15 21 1 1 91 1 8 30 36 24 12 1 0 1 57 1 1 127 1 34 10 1 1 1 1 55 3 21 49 3 48 1 25 1 4 122 1 1 1 1 1 94 25 1 8 1 1 7 2 1 1 16 31 35 35 1 1 7 114 1 56 1 1 1 13 60 6 1 78 1 1 6 107 5 2 1 1 1 1 4 1 62 1 10 1 1 1 1 1 73 1 1 1 1 1 1 
1 1 100 1 3 1 1 1 3 76 32 103 1 102 1 1 1 0 10 14 1 1 1 6 1 1 105 2 20 1 1 1 1 12 30 1 62 127 1 1 89 5 1 1 1 47 1 1 3 1 2 65 1 1 3 28 1 24 8 1 19 1 1 17 1 39 29 1 1 1 1 1 115 1 101 1 1 1 1 18 58 1 115 1 1 1 16 1 1 1 26 1 7 120 3 1 1 4 1 7 
1 1 5 1 109 2 16 76 1 1 1 1 1 1 53 1 1 60 0 1 1 1 1 1 107 11 1 1 1 24 3 1 1 1 1 3 1 1 1 41 1 16 1 1 31 1 1 44 1 1 16 1 26 1 47 45 73 1 100 1 1 66 1 1 7 19 29 9 40 83 10 1 1 26 15 4 1 1 1 3 1 1 1 95 1 1 1 1 37 1 1 65 1 65 1 105 1 1 1 40 
1 1 1 58 1 46 11 12 1 1 46 5 123 5 1 1 1 17 1 0 93 7 1 1 4 1 1 1 2 1 1 30 126 1 29 1 43 1 1 45 42 52 7 1 1 1 5 1 111 1 4 4 1 1 13 1 1 1 57 1 1 1 100 1 1 1 42 1 1 2 1 17 92 1 18 7 27 2 23 1 64 1 1 1 89 1 1 44 1 7 1 1 7 4 1 8 1 40 7 1 
3 1 1 1 19 14 14 1 2 1 1 28 20 97 36 1 1 4 18 1 0 91 1 67 4 1 1 14 1 51 1 5 1 41 2 1 30 1 2 1 44 1 1 40 1 27 10 1 1 1 61 119 1 7 57 52 1 1 30 1 48 24 107 7 7 31 1 1 27 4 1 86 1 114 19 1 119 50 46 7 1 1 5 1 2 107 1 1 83 13 1 1 1 1 45 1 1 26 1 1 
60 1 14 1 1 1 29 18 9 1 7 14 1 40 14 1 1 1 1 23 1 0 1 1 2 1 1 4 20 1 4 4 14 1 38 28 1 1 28 1 1 2 1 15 1 1 46 6 1 2 1 1 1 92 1 64 11 85 1 1 1 1 3 1 71 1 118 56 1 112 1 7 103 13 1 67 1 105 1 10 1 1 23 103 1 1 56 1 29 32 13 83 5 1 2 1 1 1 1 1 
1 1 1 1 9 7 1 11 1 3 21 13 1 66 2 33 1 1 1 1 1 1 0 1 74 1 5 2 10 79 52 1 1 28 1 15 116 45 20 1 1 1 1 1 17 1 1 59 1 17 1 1 1 1 5 1 1 1 28 2 1 6 66 1 1 1 7 5 1 1 21 1 41 9 1 1 1 1 1 1 14 1 1 119 1 1 1 1 27 1 3 1 29 13 1 18 1 56 1 17 
5 1 1 16 1 1 4 21 1 2 1 1 1 1 1 2 10 1 3 13 8 16 1 0 1 1 10 1 1 1 1 3 1 1 1 1 11 1 71 1 15 1 1 1 1 10 62 37 1 59 1 87 109 1 1 1 1 2 5 11 50 90 1 18 1 1 1 8 36 1 1 4 6 1 114 6 22 1 3 73 1 62 86 1 15 1 25 4 70 1 49 43 2 3 34 1 83 1 45 12 
1 1 1 1 1 57 1 1 1 1 4 1 1 1 3 35 1 11 1 29 1 1 27 7 0 1 1 2 1 1 96 1 7 26 1 64 5 52 69 1 1 2 12 1 1 3 1 1 16 41 1 1 1 15 1 1 1 108 1 6 1 46 1 2 1 49 4 29 1 1 1 1 1 32 1 1 1 1 1 11 53 22 5 56 10 1 1 23 1 1 1 1 8 1 1 2 1 16 1 1 
1 18 14 2 1 1 1 1 1 1 51 1 43 1 44 78 1 1 13 41 1 15 1 58 5 0 60 1 66 22 1 57 1 1 1 44 6 1 64 1 1 1 1 38 2 1 79 23 45 21 6 2 1 1 1 1 96 1 11 1 1 3 1 2 63 1 1 1 1 1 1 67 1 19 2 9 28 12 43 23 1 11 1 1 1 1 20 39 7 9 29 1 4 58 6 7 1 1 1 1 
1 84 1 51 1 14 1 1 44 33 11 1 1 11 1 1 1 1 16 1 33 102 32 2 2 1 0 1 40 1 1 1 1 63 1 85 1 10 7 9 5 2 10 1 1 1 54 21 1 1 1 100 39 1 2 68 1 1 1 2 1 1 2 1 1 1 29 1 1 1 1 63 7 46 1 1 64 1 1 9 3 77 44 1 1 6 1 1 1 32 30 1 1 24 106 1 1 1 7 1 
16 89 2 16 6 8 7 1 29 54 8 1 58 1 1 52 1 5 11 1 1 1 106 1 1 7 1 0 1 21 1 1 60 1 21 1 102 2 1 5 3 9 90 4 19 1 1 1 40 22 1 73 1 10 20 1 1 1 1 1 1 63 31 1 6 1 44 1 1 4 22 1 92 1 1 1 60 11 1 77 1 1 1 1 25 48 1 1 78 27 1 1 18 1 1 1 1 1 3 1 
1 1 6 1 1 48 2 1 5 20 110 127 17 1 41 1 108 1 1 1 1 79 1 3 20 6 32 16 0 41 4 1 1 1 6 13 1 31 114 6 60 55 1 1 1 1 1 2 34 1 1 1 1 1 1 65 1 1 47 1 112 2 3 35 32 1 3 1 1 1 1 104 1 3 54 30 1 1 82 1 1 9 1 3 1 1 5 1 10 1 3 1 1 1 1 1 1 1 31 1 
1 9 64 2 77 1 1 70 17 1 1 19 38 1 1 1 1 39 37 1 6 1 25 1 1 12 1 1 1 0 1 1 1 65 12 21 1 6 1 1 42 76 121 11 14 74 14 1 33 1 1 1 1 1 1 1 1 40 1 32 1 1 43 1 1 127 17 1 14 17 12 7 23 1 76 1 50 1 5 79 44 81 13 1 4 1 47 1 1 1 1 1 1 1 105 5 1 124 1 1 
1 1 5 95 1 1 1 89 22 1 2 1 2 1 1 1 64 64 1 1 1 1 63 80 29 1 1 8 3 1 0 1 1 123 29 1 1 2 76 1 1 1 1 1 61 1 1 16 1 1 15 1 7 78 10 1 1 1 3 54 1 11 14 1 1 122 37 9 87 46 3 58 1 56 4 1 74 1 1 7 1 1 31 1 1 33 1 8 1 1 1 1 1 1 1 18 28 1 1 1 
7 108 66 1 1 1 1 3 1 1 27 1 1 31 1 1 1 1 1 1 80 1 34 53 1 86 1 8 1 57 1 0 113 1 1 1 1 69 1 33 1 46 1 1 80 1 1 9 5 1 1 58 1 16 25 1 1 1 1 1 1 4 1 8 1 1 1 1 24 1 1 1 6 1 1 1 1 6 1 1 3 1 93 1 1 5 1 52 10 55 18 1 18 1 1 1 16 1 1 21 
52 34 1 1 1 94 1 1 1 81 1 1 1 68 6 1 12 27 51 1 1 27 1 29 19 1 1 16 1 127 1 1 0 1 1 76 6 1 1 93 1 2 1 7 21 1 118 1 1 1 1 1 1 1 28 1 1 1 2 1 1 22 2 1 5 46 8 13 1 5 1 1 1 1 8 1 26 1 1 84 104 22 1 1 33 2 106 1 1 1 35 1 7 1 1 1 31 7 48 83 
7 1 1 38 24 1 5 8 100 3 2 1 76 1 9 1 1 48 2 16 2 116 1 47 3 4 48 1 1 1 1 60 16 0 1 1 1 1 1 1 1 1 1 2 1 14 1 4 4 1 1 1 1 1 1 120 59 2 38 6 1 1 1 1 1 21 1 1 59 1 87 8 1 26 1 1 1 1 1 1 1 1 98 8 22 4 60 1 11 1 94 1 1 49 8 1 1 1 63 6 
65 1 15 1 53 4 51 122 41 1 8 1 92 47 1 1 21 4 53 1 1 1 1 46 1 1 1 2 26 3 1 1 1 14 0 1 48 2 61 1 46 1 10 48 26 1 1 69 126 1 72 14 11 17 1 56 1 1 1 6 69 24 42 1 15 1 4 1 49 1 50 1 8 1 1 1 6 36 3 1 1 1 1 1 62 110 4 57 5 1 106 1 14 12 1 1 1 1 1 1 
1 1 1 2 31 5 72 1 1 38 1 1 2 1 1 1 1 1 10 1 12 9 1 82 14 46 7 9 3 1 8 4 7 1 1 0 1 34 6 1 1 86 1 1 1 97 1 1 1 1 15 1 11 14 1 43 2 1 1 1 1 1 1 1 1 1 1 1 1 15 13 1 34 1 1 26 2 1 1 1 1 2 14 1 1 1 10 26 6 1 1 124 1 6 5 80 1 1 5 1 
1 1 1 1 1 35 12 87 1 59 12 77 103 1 1 1 1 28 1 1 1 1 1 23 5 1 1 1 1 4 1 10 9 1 2 2 0 1 42 43 1 1 42 1 15 69 1 23 1 1 1 1 1 1 1 7 25 13 1 113 1 1 1 1 8 24 1 75 8 84 1 11 1 1 1 11 116 1 1 14 11 1 7 1 1 1 1 36 1 7 1 111 19 116 2 1 4 1 1 46 
1 123 1 6 1 1 1 1 35 1 1 58 126 2 43 1 1 1 1 1 27 23 1 30 92 16 1 88 1 4 1 4 16 97 41 1 1 0 92 92 1 1 91 1 1 3 29 59 1 1 67 1 1 1 64 59 1 16 1 9 1 1 1 2 61 1 5 1 1 3 28 21 1 10 42 9 1 1 1 46 68 24 1 5 50 127 1 1 93 1 22 51 37 1 76 1 1 1 1 1 
1 21 8 55 8 102 1 1 14 36 1 3 36 1 1 1 1 75 12 1 1 52 1 20 1 1 24 28 1 1 88 1 1 24 1 19 61 94 0 1 1 1 1 1 1 12 1 5 28 1 113 1 8 7 47 1 1 1 1 1 1 1 1 1 69 1 2 1 1 1 1 5 1 1 2 51 13 6 1 1 1 31 1 2 37 1 3 5 1 7 1 1 36 9 104 2 1 69 1 1 
97 1 1 8 1 1 1 114 1 1 1 11 1 4 1 3 52 45 104 1 21 2 1 1 1 1 1 1 1 28 1 1 4 1 1 1 1 86 1 0 1 9 11 1 48 1 1 63 1 70 1 2 116 2 1 110 83 1 3 72 1 1 9 120 1 1 52 1 3 61 107 1 6 4 5 31 12 76 1 1 1 3 114 43 32 4 1 26 1 1 60 93 119 8 1 5 2 1 48 1 
1 1 3 120 50 3 1 4 1 1 1 2 32 1 1 1 1 49 1 121 23 1 1 1 4 1 1 1 1 1 2 1 1 1 67 3 1 1 7 1 0 1 12 10 1 1 82 16 33 77 50 1 1 14 1 1 1 1 2 1 1 1 31 1 7 1 71 3 1 6 1 52 7 1 19 48 1 15 1 1 1 1 1 1 1 1 1 15 4 73 19 6 1 14 1 112 1 1 1 1 
37 10 1 42 1 1 1 1 1 1 1 2 33 1 1 1 1 99 1 1 6 1 91 1 1 41 3 1 10 1 93 1 1 1 5 56 1 33 12 15 44 0 1 18 1 3 111 5 1 1 1 53 32 1 89 8 40 8 2 1 19 1 1 4 1 118 43 18 67 1 40 33 1 1 1 1 55 1 1 14 16 25 1 1 20 1 1 1 1 11 1 3 8 8 6 3 4 1 1 111 
1 1 21 1 1 1 14 1 42 40 1 1 1 1 3 1 46 1 1 31 1 1 101 58 19 1 9 21 1 1 1 1 6 1 5 1 4 1 1 1 20 1 0 1 8 1 1 1 11 1 1 1 119 1 14 10 1 1 1 1 1 1 110 1 4 49 52 1 57 1 1 1 11 52 26 27 20 1 3 24 1 57 1 1 1 18 1 1 44 1 1 3 1 1 8 1 7 1 17 49 
1 1 8 1 1 1 58 5 12 44 1 1 1 1 1 1 1 1 1 1 6 1 2 5 7 30 1 42 1 93 1 1 1 1 5 3 1 4 1 1 3 3 118 0 1 1 1 80 1 1 1 1 84 1 1 1 55 1 1 1 1 4 89 1 1 2 1 87 38 5 13 90 1 1 1 1 120 1 1 1 34 6 1 2 1 1 1 6 4 66 63 1 1 1 1 6 120 1 1 9 
5 1 72 1 23 12 53 1 21 107 42 1 1 1 91 7 1 1 100 11 25 10 1 4 1 118 15 5 1 61 1 1 1 37 1 8 4 1 1 13 1 13 1 1 0 43 1 23 1 1 2 1 1 1 61 1 1 1 14 18 12 63 101 1 61 110 1 2 1 1 1 1 32 8 90 1 1 1 114 36 17 21 1 9 1 1 16 1 1 13 1 1 1 84 1 1 51 15 1 1 
1 1 15 22 1 2 10 111 4 1 1 33 95 1 1 1 1 1 1 67 93 1 25 1 4 1 1 1 1 5 14 2 14 32 1 1 3 1 118 1 45 8 1 1 1 0 1 1 1 1 1 20 10 1 1 22 1 1 4 117 1 1 10 41 9 21 1 1 1 1 1 1 63 1 51 1 99 76 98 1 1 2 1 1 1 64 1 1 1 1 24 1 1 1 83 83 1 1 87 27 
1 1 1 1 1 15 1 105 1 1 44 2 45 1 1 65 117 72 1 1 106 1 40 1 67 1 3 55 1 1 1 1 1 1 1 1 1 21 1 14 3 79 43 49 1 1 0 1 1 1 1 5 26 17 40 113 1 7 1 1 1 1 3 2 10 11 1 112 1 5 1 14 1 17 24 1 1 79 96 44 2 32 1 106 1 24 57 1 1 52 36 1 93 4 5 4 77 1 7 1 
1 38 1 1 1 1 6 6 1 70 3 1 1 20 1 1 16 64 1 1 1 1 1 1 34 1 1 4 1 1 1 35 9 3 1 1 119 1 1 1 1 1 7 1 1 1 1 0 27 1 66 14 16 15 1 1 1 1 1 12 30 1 1 1 14 1 1 1 55 1 1 1 15 59 56 1 1 14 6 4 1 1 1 1 12 13 22 3 1 8 24 1 7 15 1 1 28 1 7 12 
66 76 6 7 9 2 1 71 1 115 1 2 24 68 2 1 1 6 1 1 1 72 1 4 73 1 4 1 1 6 26 25 8 38 1 1 1 2 23 1 2 11 1 1 1 1 5 1 0 1 28 9 1 1 1 10 93 1 1 2 1 6 1 1 1 10 1 1 19 17 1 1 32 1 10 8 123 5 1 8 1 88 1 1 1 1 3 6 1 27 77 4 1 12 5 1 1 1 36 1 
1 1 1 41 107 1 54 48 1 1 31 1 1 4 1 3 1 3 1 1 1 80 18 19 43 2 1 1 1 14 118 9 1 33 1 14 72 1 1 1 15 6 1 1 60 1 1 1 8 0 1 1 124 17 1 52 20 44 26 6 1 1 3 1 1 12 1 1 1 1 56 24 77 1 8 15 1 7 1 1 1 59 94 1 1 1 1 1 1 6 1 1 54 20 11 4 1 1 5 76 
1 1 63 25 1 1 1 1 1 24 35 1 74 11 1 63 1 1 23 1 2 7 1 1 26 72 1 78 1 65 37 3 110 1 1 99 81 1 1 56 72 35 1 85 120 1 1 1 1 25 0 33 1 76 7 38 21 125 2 116 1 8 9 5 1 1 77 18 124 45 1 29 1 1 1 1 2 8 1 1 58 22 1 1 39 79 41 1 1 1 28 68 24 17 30 23 6 77 1 50 
99 1 6 36 54 99 1 1 1 1 1 1 22 1 4 1 1 1 28 1 1 118 1 5 1 1 2 1 1 54 2 11 1 1 3 1 96 1 1 1 1 1 1 1 88 33 1 61 38 1 22 0 1 6 1 1 2 1 1 41 29 1 31 39 112 27 1 4 41 16 1 4 1 3 1 1 37 1 34 1 1 1 1 1 1 10 94 16 1 1 1 1 1 1 10 1 1 1 1 13 
4 1 1 1 13 30 1 1 68 2 1 1 8 10 1 38 1 1 32 1 24 40 1 4 1 1 9 1 1 1 1 45 1 57 1 1 47 1 1 1 1 1 1 1 1 3 100 1 34 4 89 4 0 11 1 1 48 60 1 1 1 1 34 1 2 38 1 44 1 1 17 33 1 1 33 1 40 56 30 1 1 43 13 101 1 16 1 5 1 76 3 1 1 1 41 2 1 1 1 1 
12 47 1 1 1 1 77 123 11 9 105 1 16 1 76 11 13 1 1 44 99 1 1 1 1 6 1 92 1 1 1 1 1 1 33 1 20 1 1 1 1 47 1 1 5 1 1 1 69 1 1 1 17 0 1 11 7 38 1 1 1 1 19 1 1 16 41 1 1 1 1 92 2 1 1 1 1 39 21 1 1 2 1 2 33 7 98 126 9 111 1 1 2 1 1 1 24 1 2 1 
4 27 17 6 32 1 110 1 1 1 1 1 1 1 5 1 1 1 1 62 12 1 1 18 14 34 2 1 1 1 1 1 1 1 1 1 10 1 1 1 2 72 61 21 41 18 39 56 1 1 1 1 2 1 0 113 84 1 9 33 1 67 1 23 1 85 7 2 1 1 13 56 1 33 1 1 113 1 88 1 1 1 1 1 72 1 4 1 1 4 1 25 1 14 1 44 10 1 9 1 
9 50 9 38 4 1 13 1 1 1 2 1 1 1 19 3 1 1 1 1 16 15 50 1 69 65 1 1 84 11 1 41 1 8 1 8 4 36 1 52 19 3 5 32 16 40 33 82 120 2 1 1 31 1 41 0 1 1 38 1 1 40 106 36 1 1 1 64 103 1 71 1 7 1 1 1 7 1 12 1 1 1 120 1 21 6 1 1 1 1 1 1 6 31 63 7 24 5 40 1 
1 47 1 1 85 5 1 1 6 1 6 1 2 55 1 1 12 1 1 2 2 5 1 1 1 1 2 52 8 35 1 1 1 26 1 12 2 1 60 13 1 72 67 62 120 1 12 27 1 18 17 1 30 1 13 1 0 1 104 76 1 18 1 117 1 46 1 1 1 1 1 44 45 1 2 16 81 6 1 1 38 1 1 3 1 13 72 18 1 1 5 1 1 1 62 13 1 1 12 61 
1 3 1 1 88 1 108 26 6 60 58 49 15 1 26 1 1 2 17 40 1 92 36 4 1 1 1 1 1 78 10 1 5 1 1 1 1 1 26 106 1 1 16 1 1 1 49 1 2 55 4 1 1 4 24 63 7 0 1 1 1 1 1 18 1 62 1 1 1 94 1 1 1 1 39 1 80 1 3 1 3 7 1 3 1 2 107 1 1 89 1 1 51 103 1 1 1 23 4 65 
1 5 1 1 93 1 1 1 18 45 1 1 1 85 1 72 1 1 1 1 1 1 35 1 1 4 1 1 66 1 6 1 1 1 1 21 1 3 1 1 2 51 1 2 1 1 105 2 89 10 66 10 1 1 1 73 2 1 0 1 15 4 1 1 1 14 1 1 1 1 1 2 1 106 1 1 1 13 1 1 60 1 1 1 45 1 44 102 24 1 67 1 30 1 1 12 7 11 122 7 
49 4 7 5 9 1 1 58 1 118 4 1 1 11 1 22 1 1 1 21 6 1 2 93 1 9 2 1 23 3 1 1 1 1 25 6 80 1 1 12 1 62 2 1 9 1 1 7 1 1 1 1 23 25 25 1 3 38 2 0 1 11 7 2 1 1 114 1 1 1 1 65 14 3 127 1 1 1 1 1 1 1 46 27 2 89 1 1 1 2 1 56 1 17 24 1 1 78 1 17 
39 57 1 127 1 1 80 15 3 1 14 1 1 2 1 1 1 1 5 1 1 2 1 1 57 3 1 1 107 1 22 4 45 1 1 1 1 1 33 77 1 1 4 5 1 106 4 1 1 1 1 1 1 1 10 21 4 1 1 1 0 1 2 1 1 1 15 1 1 1 112 1 1 1 1 32 3 1 4 19 1 1 117 1 54 1 66 1 13 1 1 1 2 1 12 40 1 18 1 1 
1 4 47 79 61 11 30 119 1 11 120 78 1 1 3 90 1 18 12 53 1 29 29 1 1 1 1 33 34 1 4 27 1 4 1 1 2 1 58 1 1 88 46 6 1 1 12 3 1 1 6 1 1 15 1 1 1 78 1 43 1 0 1 4 26 62 6 1 4 53 1 1 1 1 1 19 67 1 8 12 1 1 66 1 1 1 1 1 27 1 1 1 1 1 1 1 1 1 1 1 
1 3 113 4 1 101 58 49 1 15 1 15 102 113 3 8 8 1 1 76 7 1 1 3 29 1 1 39 93 1 1 14 1 1 1 86 116 1 45 2 1 1 1 1 1 4 1 39 1 44 1 1 1 1 1 1 5 13 66 45 1 8 0 35 4 1 33 11 2 1 93 1 89 1 17 77 1 1 8 1 17 1 1 2 53 1 1 1 34 1 18 1 94 1 4 11 67 1 20 1 
1 14 1 1 1 36 56 1 27 1 6 1 25 1 1 28 1 21 1 1 2 1 1 30 1 1 17 10 93 2 1 57 4 113 1 1 1 1 1 1 12 49 84 1 1 1 1 4 91 7 10 1 1 1 1 1 1 5 46 1 1 1 1 0 1 38 1 127 55 85 1 1 2 1 18 1 83 1 123 109 1 5 3 1 1 1 30 33 1 1 1 1 16 1 4 1 1 126 16 5 
1 1 17 1 47 1 30 7 1 122 1 2 1 1 95 4 1 46 33 1 1 1 19 64 2 9 95 17 1 1 72 1 1 62 47 1 1 1 29 18 1 99 8 68 1 2 1 1 3 1 19 28 3 1 11 1 1 1 5 31 8 1 1 17 0 1 1 1 60 5 1 19 77 2 1 2 1 15 1 7 75 1 1 9 1 1 57 7 1 18 1 1 1 21 2 1 1 99 8 88 
22 1 3 1 1 1 87 7 99 1 1 1 35 1 1 1 1 8 1 1 27 21 7 1 1 1 11 34 11 1 1 83 10 1 1 49 30 1 1 1 22 64 1 20 1 1 16 1 3 1 1 79 1 1 30 1 1 65 1 1 59 1 56 1 1 0 1 1 1 1 50 13 1 1 44 1 1 3 3 1 1 40 36 1 17 2 6 1 1 6 1 1 1 76 1 1 1 62 1 1 
1 1 15 1 1 1 1 76 1 1 1 1 7 1 1 56 122 13 2 16 42 20 23 4 1 120 1 1 1 1 1 1 1 1 1 11 123 1 1 1 1 1 6 1 1 1 20 57 1 1 1 12 18 32 1 1 48 105 1 1 1 1 1 2 2 1 0 115 1 108 1 1 54 1 1 1 37 64 17 1 1 12 1 21 72 1 1 79 1 116 2 1 1 1 5 1 2 10 2 7 
21 45 1 69 1 21 1 1 1 4 52 58 126 1 9 1 1 1 17 1 1 1 1 1 1 7 59 1 10 1 1 1 1 1 48 65 1 1 1 7 1 1 4 90 1 123 39 1 1 1 1 29 1 2 13 1 1 33 12 122 51 1 4 1 2 1 1 0 3 3 1 1 3 2 1 1 1 39 3 1 68 10 24 1 27 8 1 1 1 44 1 1 31 102 1 16 2 1 1 49 
5 39 52 7 1 6 1 1 2 24 1 13 2 31 14 26 75 62 3 1 1 51 14 1 1 1 1 4 53 1 1 24 1 6 5 59 18 41 1 18 5 50 1 1 1 9 1 19 1 1 1 73 1 2 1 18 1 1 62 1 7 1 6 1 1 15 63 112 0 1 1 1 127 13 1 91 1 13 1 1 1 16 16 3 1 1 44 1 1 3 10 107 26 1 1 2 1 1 1 3 
1 2 13 1 1 1 1 4 1 2 1 71 1 37 1 1 1 2 1 4 102 3 43 1 1 1 1 1 1 9 21 1 1 1 1 8 7 123 8 1 1 1 1 93 1 1 1 35 6 1 1 1 1 1 1 1 4 1 9 1 1 3 42 1 35 27 1 1 1 0 104 20 3 108 1 1 2 2 25 1 1 1 1 1 15 63 12 25 1 1 3 62 1 127 1 62 1 1 1 65 
10 2 1 1 1 1 3 1 6 1 10 1 13 1 115 1 17 1 12 1 1 1 58 21 1 91 1 1 1 49 12 51 26 17 1 2 1 1 1 1 50 1 4 75 1 40 1 1 83 1 47 1 2 1 46 1 1 1 1 110 6 1 1 58 37 7 1 1 29 1 0 1 3 1 1 2 1 2 8 1 19 8 40 2 2 13 1 104 5 1 5 1 18 1 8 1 12 1 1 1 
1 1 3 1 1 10 1 1 5 49 127 1 1 2 1 1 1 1 1 15 1 1 1 1 1 1 38 1 3 71 4 19 1 1 31 12 82 1 80 10 1 1 1 21 115 1 123 66 1 1 1 1 1 2 1 1 12 1 1 8 9 1 11 76 47 1 1 2 1 1 1 0 30 1 1 1 75 113 68 1 1 28 1 1 1 16 11 1 100 21 1 1 72 9 3 41 1 7 1 1 
1 9 1 1 1 1 5 52 1 1 21 1 23 10 11 29 54 1 1 1 1 1 1 1 1 1 123 11 1 1 1 96 1 5 1 20 1 8 4 13 123 1 1 1 3 1 1 1 4 1 15 1 6 1 94 14 1 1 110 1 10 20 1 1 85 2 1 38 1 1 1 1 0 82 1 1 28 1 1 4 123 75 10 1 95 35 16 1 109 1 81 1 34 40 47 1 2 1 36 24 
122 1 6 1 2 47 49 6 1 1 1 1 4 1 12 1 13 1 1 2 1 1 15 1 12 33 6 33 1 1 5 1 34 1 41 16 1 6 1 1 1 4 1 1 1 90 1 7 33 1 1 1 1 1 48 1 1 82 1 32 1 5 1 1 101 1 1 1 85 1 7 106 35 0 1 1 1 1 20 93 1 3 1 1 14 78 10 5 1 1 1 1 1 6 1 21 1 1 1 1 
1 41 1 1 18 1 4 13 1 15 1 1 6 73 1 7 1 6 1 1 124 1 1 57 1 9 1 105 81 1 1 102 1 9 103 127 1 87 1 1 1 6 1 120 6 45 4 92 1 1 3 78 9 1 126 1 7 104 1 2 83 1 24 102 1 1 1 1 95 55 1 12 127 1 0 1 26 3 16 1 6 1 1 14 6 18 67 1 2 41 1 1 3 1 73 56 1 1 1 1 
71 1 59 118 1 35 9 1 1 126 1 1 1 1 4 43 1 21 11 1 88 56 26 1 1 8 3 1 9 30 5 49 4 1 1 1 42 66 1 4 1 1 43 44 1 1 1 18 1 1 1 1 1 1 1 48 1 1 1 13 1 108 1 20 62 2 60 1 1 1 1 1 99 2 1 0 1 1 1 43 34 1 25 126 1 30 1 93 1 1 21 16 1 18 1 1 1 1 20 63 
1 100 1 1 50 1 4 1 1 1 95 72 1 15 1 11 28 1 1 6 8 5 1 1 1 1 1 1 1 1 1 39 1 1 9 71 1 105 1 26 2 57 1 1 1 11 1 20 1 1 1 1 1 81 1 1 1 59 3 12 4 1 12 1 1 1 1 98 1 5 2 1 48 10 4 6 0 5 4 22 1 5 1 1 30 1 122 1 1 1 15 23 1 1 1 1 119 39 1 1 
3 1 4 1 90 1 24 1 4 1 7 8 109 54 1 1 1 1 20 1 1 91 1 1 1 1 1 12 1 1 1 72 1 1 105 110 4 1 25 1 1 96 10 63 48 1 1 1 1 1 1 1 1 3 1 1 1 23 1 1 13 1 7 1 6 1 15 3 1 36 1 88 1 1 1 4 5 0 28 1 20 5 1 10 28 18 1 75 1 1 28 3 1 5 114 1 1 2 5 9 
1 15 1 1 1 31 1 1 51 1 1 37 1 73 4 1 1 12 34 52 1 1 11 1 33 1 1 4 1 1 36 12 94 11 1 1 1 2 1 3 72 65 92 1 1 1 1 1 1 1 1 23 1 4 1 7 32 1 1 2 1 4 1 3 30 1 113 1 1 1 5 1 1 1 1 91 3 1 0 1 5 1 1 1 1 1 1 1 1 1 1 116 23 8 1 1 14 7 1 3 
32 72 1 1 6 5 1 1 1 5 1 74 1 9 2 1 1 1 13 27 1 75 1 123 1 120 122 1 19 1 116 1 121 1 1 3 1 101 1 9 8 69 4 1 4 1 1 6 1 1 1 1 1 1 1 1 1 1 1 127 1 1 1 91 23 1 22 31 3 1 1 1 1 1 66 1 5 1 3 0 99 1 1 1 1 8 2 1 2 113 43 1 15 1 1 6 1 52 2 21 
1 1 1 1 1 1 1 30 1 1 83 4 4 12 1 1 1 1 1 2 1 6 19 1 12 70 1 51 21 1 2 1 1 27 1 1 1 1 55 1 89 1 2 1 3 1 1 1 3 46 23 2 1 1 1 4 5 1 1 96 1 55 66 1 1 1 1 1 1 5 1 1 1 1 38 52 1 1 124 1 0 70 1 1 1 1 2 36 69 1 12 1 1 1 1 4 1 1 4 1 
3 1 1 9 1 1 1 1 1 1 3 68 1 9 38 1 1 16 6 1 1 1 28 1 1 8 108 5 12 1 123 74 1 1 17 1 21 1 1 1 1 24 3 4 74 1 1 45 2 12 1 4 14 1 1 3 72 1 1 1 1 1 31 60 1 1 31 64 1 1 1 54 2 2 1 113 2 1 1 39 1 0 3 56 7 1 1 1 1 3 1 1 1 1 1 1 11 1 9 57 
1 90 13 1 39 1 1 1 1 1 12 1 74 57 2 5 13 1 2 12 1 1 1 113 19 44 9 1 29 11 6 4 1 1 2 112 2 1 4 42 1 1 80 2 1 2 1 1 1 1 1 9 1 1 7 1 1 1 31 1 27 1 1 1 1 51 81 1 1 1 62 32 1 1 13 1 1 42 4 50 17 1 0 26 1 1 12 1 1 1 58 2 1 14 1 1 1 1 38 1 
1 2 1 1 4 1 1 15 1 1 1 2 25 56 1 1 1 1 1 1 1 25 2 1 1 3 1 1 1 14 7 27 1 3 1 1 1 1 30 1 32 1 70 3 1 8 1 36 1 5 1 37 9 20 7 18 4 9 1 1 1 1 1 13 1 1 1 14 20 27 1 30 61 39 5 1 96 1 1 65 88 1 15 0 2 67 1 1 56 1 17 11 1 1 1 1 1 1 1 1 
1 1 9 2 1 2 1 1 1 1 55 9 5 62 63 1 1 55 1 1 3 63 18 1 1 1 1 1 1 9 1 13 1 1 27 1 1 73 43 76 30 1 23 14 1 1 1 1 42 1 1 1 1 3 1 1 107 17 1 1 32 14 72 26 1 1 1 1 1 35 41 1 1 44 1 1 79 15 76 17 1 84 1 1 0 1 1 1 1 1 1 1 55 1 43 1 80 46 24 1 
11 8 2 1 1 2 1 53 1 1 1 97 1 1 20 1 6 1 1 1 41 1 116 1 18 21 1 1 1 1 3 1 29 2 2 22 1 1 1 82 1 5 1 36 1 52 58 1 57 11 3 1 46 1 1 1 1 2 34 1 1 19 51 1 1 2 1 1 5 2 1 1 120 36 1 1 2 1 1 1 32 1 44 1 88 0 1 1 1 1 62 1 17 121 68 4 1 1 1 106 
1 1 4 1 1 1 1 1 1 1 41 4 67 1 1 56 1 1 64 1 13 1 1 1 1 1 2 6 1 20 43 1 13 1 1 1 93 113 111 1 1 10 14 2 2 1 116 1 2 8 1 1 25 18 3 1 1 52 1 1 1 1 1 1 10 7 1 1 7 1 1 1 33 1 1 36 1 1 1 3 1 1 100 82 74 15 0 115 86 1 1 1 104 22 7 9 7 1 1 1 
33 19 3 1 1 13 61 14 5 1 1 19 1 1 35 1 37 1 1 118 1 1 26 1 5 29 5 49 4 34 34 35 1 28 4 1 40 1 6 1 1 104 1 39 1 1 47 1 1 1 17 19 1 1 1 1 39 1 1 1 18 1 1 8 1 3 42 53 76 1 1 1 1 7 24 1 1 1 9 10 10 1 1 1 35 70 111 0 1 1 1 1 31 1 1 31 1 1 6 1 
1 1 1 1 1 80 21 1 1 1 1 1 1 1 1 1 1 1 1 116 1 14 1 5 1 1 1 125 41 42 1 1 8 16 4 23 1 1 1 3 43 1 1 1 1 99 1 1 122 1 1 25 99 1 1 1 1 79 1 4 1 1 33 97 1 1 1 3 40 109 1 1 1 49 7 8 20 1 3 59 12 1 8 21 8 1 4 4 0 20 82 1 1 4 13 2 1 2 1 13 
1 72 1 14 61 4 19 1 1 29 1 47 1 7 1 1 1 6 98 1 1 31 1 1 13 26 1 1 1 1 1 1 1 7 1 32 1 1 1 109 1 18 8 1 12 1 1 1 50 1 1 1 103 9 5 1 1 1 1 1 1 1 1 2 1 118 1 1 1 2 1 11 1 1 1 1 1 1 2 1 1 124 1 20 1 1 3 1 1 0 1 1 1 1 1 7 1 3 29 1 
10 1 1 4 1 1 75 83 79 18 1 1 1 1 1 55 46 33 1 8 1 1 7 1 4 1 56 1 1 1 1 1 6 58 1 1 1 1 51 1 4 101 1 19 3 2 13 16 1 100 6 8 1 7 1 9 23 2 1 1 1 1 18 103 1 7 1 4 1 58 114 1 31 75 1 110 1 1 1 5 71 1 1 1 1 1 1 1 1 1 0 52 19 105 24 1 1 1 1 1 
18 1 19 1 1 1 1 1 1 33 1 15 1 10 67 1 1 20 1 1 1 1 1 1 57 1 3 1 1 1 1 13 101 1 1 1 1 1 1 90 5 1 1 1 1 2 75 1 1 16 3 1 24 5 1 49 1 1 3 1 1 1 2 13 1 86 14 4 1 61 1 5 105 41 1 76 1 1 1 1 1 1 3 1 6 1 1 1 1 1 1 0 1 41 2 18 1 13 1 23 
107 1 111 54 77 65 1 1 21 34 1 43 1 1 52 9 14 1 1 1 75 1 2 1 1 56 1 67 1 2 1 65 1 5 1 28 3 11 1 1 7 30 1 94 1 1 4 1 3 11 1 3 100 1 5 1 6 6 2 1 1 1 11 1 10 4 5 10 67 53 1 6 61 42 1 3 1 20 1 1 17 1 4 10 1 1 1 1 1 2 1 1 0 77 11 1 1 1 7 61 
1 53 8 1 1 1 1 1 1 1 1 1 117 1 1 1 3 1 1 1 41 5 1 66 5 1 22 1 24 1 13 1 63 1 51 32 3 103 2 32 1 65 1 1 1 1 1 1 1 20 1 1 47 1 1 75 1 1 1 1 5 16 1 2 31 1 1 57 1 57 11 50 4 1 57 119 1 1 1 1 1 1 6 1 1 1 2 21 1 17 1 1 1 0 101 1 1 1 1 1 
1 1 4 1 1 2 1 44 45 1 1 1 14 1 25 2 32 116 1 90 1 1 1 1 1 1 1 1 1 1 14 1 10 1 1 72 23 3 35 84 31 1 5 84 1 1 4 27 1 1 1 5 125 13 1 68 1 1 1 1 1 1 25 1 98 38 1 1 1 1 1 1 2 1 1 68 12 15 7 1 1 1 9 1 1 1 1 1 78 3 20 6 92 1 0 33 1 1 1 1 
1 1 1 3 1 2 1 1 1 42 47 2 1 107 1 1 1 37 1 54 1 89 1 1 1 1 2 1 13 1 1 53 1 1 1 1 1 1 1 21 93 1 1 2 1 1 40 1 1 7 1 9 95 23 2 1 1 6 76 61 28 80 1 11 2 1 1 1 1 1 1 69 3 34 5 1 1 1 48 1 1 1 66 7 1 9 1 109 68 1 1 1 1 1 15 0 56 21 2 1 
1 1 1 1 8 1 1 1 1 1 1 1 1 126 1 3 10 1 9 33 1 1 1 1 6 1 16 1 1 2 19 1 1 1 1 1 10 1 1 107 1 1 11 1 90 1 9 1 1 1 1 1 1 47 1 1 30 1 1 2 1 1 1 77 87 7 2 1 8 20 1 30 1 1 1 1 1 25 1 1 1 26 81 12 1 1 1 1 1 1 3 1 22 1 48 18 0 1 1 1 
3 1 1 27 1 1 1 1 1 14 1 1 14 6 1 117 1 3 1 1 125 1 1 1 1 1 4 1 4 2 5 3 2 1 1 1 8 1 23 32 20 4 1 1 1 1 96 1 52 1 86 1 1 1 1 1 1 1 1 1 1 96 7 3 1 1 7 1 51 1 1 1 1 1 24 1 25 1 1 1 2 1 1 1 1 1 1 7 1 1 1 1 41 96 1 55 1 0 1 1 
1 1 6 24 1 1 1 5 1 1 98 1 4 1 1 1 15 4 34 1 25 80 2 16 91 1 7 2 5 1 1 1 70 1 50 4 1 28 34 1 1 1 1 1 1 18 41 1 1 8 7 1 17 1 1 35 1 36 11 5 18 1 40 9 8 12 1 1 20 2 4 1 1 66 4 13 3 1 1 1 11 1 1 1 1 1 2 125 1 30 1 1 1 25 1 1 1 34 0 1 
9 1 1 43 6 1 95 1 1 64 21 1 103 1 35 1 1 1 27 73 1 1 1 10 1 3 1 1 1 1 1 1 1 1 1 1 1 1 111 1 1 6 1 1 74 1 1 1 1 1 1 15 1 9 1 46 1 1 1 56 1 1 71 1 1 20 1 1 68 1 1 2 43 1 1 1 1 2 1 1 1 1 12 26 1 38 113 1 1 1 50 89 1 1 1 27 1 2 11 0 
