100 1000
0 1 2 3 4 5 6 7 8 9 1 2 3 4 5 6 7 8 9 10 2 3 4 5 6 7 8 9 10 11 3 4 5 6 7 8 9 10 11 12 4 5 6 7 8 9 10 11 12 13 5 6 7 8 9 10 11 12 13 14 6 7 8 9 10 11 12 13 14 15 7 8 9 10 11 12 13 14 15 16 8 9 10 11 12 13 14 15 16 17 9 10 11 12 13 14 15 16 17 18 
1 0 1 2 3 4 5 6 7 8 2 1 2 3 4 5 6 7 8 9 3 2 3 4 5 6 7 8 9 10 4 3 4 5 6 7 8 9 10 11 5 4 5 6 7 8 9 10 11 12 6 5 6 7 8 9 10 11 12 13 7 6 7 8 9 10 11 12 13 14 8 7 8 9 10 11 12 13 14 15 9 8 9 10 11 12 13 14 15 16 10 9 10 11 12 13 14 15 16 17 
2 1 0 1 2 3 4 5 6 7 3 2 1 2 3 4 5 6 7 8 4 3 2 3 4 5 6 7 8 9 5 4 3 4 5 6 7 8 9 10 6 5 4 5 6 7 8 9 10 11 7 6 5 6 7 8 9 10 11 12 8 7 6 7 8 9 10 11 12 13 9 8 7 8 9 10 11 12 13 14 10 9 8 9 10 11 12 13 14 15 11 10 9 10 11 12 13 14 15 16 
3 2 1 0 1 2 3 4 5 6 4 3 2 1 2 3 4 5 6 7 5 4 3 2 3 4 5 6 7 8 6 5 4 3 4 5 6 7 8 9 7 6 5 4 5 6 7 8 9 10 8 7 6 5 6 7 8 9 10 11 9 8 7 6 7 8 9 10 11 12 10 9 8 7 8 9 10 11 12 13 11 10 9 8 9 10 11 12 13 14 12 11 10 9 10 11 12 13 14 15 
4 3 2 1 0 1 2 3 4 5 5 4 3 2 1 2 3 4 5 6 6 5 4 3 2 3 4 5 6 7 7 6 5 4 3 4 5 6 7 8 8 7 6 5 4 5 6 7 8 9 9 8 7 6 5 6 7 8 9 10 10 9 8 7 6 7 8 9 10 11 11 10 9 8 7 8 9 10 11 12 12 11 10 9 8 9 10 11 12 13 13 12 11 10 9 10 11 12 13 14 
5 4 3 2 1 0 1 2 3 4 6 5 4 3 2 1 2 3 4 5 7 6 5 4 3 2 3 4 5 6 8 7 6 5 4 3 4 5 6 7 9 8 7 6 5 4 5 6 7 8 10 9 8 7 6 5 6 7 8 9 11 10 9 8 7 6 7 8 9 10 12 11 10 9 8 7 8 9 10 11 13 12 11 10 9 8 9 10 11 12 14 13 12 11 10 9 10 11 12 13 
6 5 4 3 2 1 0 1 2 3 7 6 5 4 3 2 1 2 3 4 8 7 6 5 4 3 2 3 4 5 9 8 7 6 5 4 3 4 5 6 10 9 8 7 6 5 4 5 6 7 11 10 9 8 7 6 5 6 7 8 12 11 10 9 8 7 6 7 8 9 13 12 11 10 9 8 7 8 9 10 14 13 12 11 10 9 8 9 10 11 15 14 13 12 11 10 9 10 11 12 
7 6 5 4 3 2 1 0 1 2 8 7 6 5 4 3 2 1 2 3 9 8 7 6 5 4 3 2 3 4 10 9 8 7 6 5 4 3 4 5 11 10 9 8 7 6 5 4 5 6 12 11 10 9 8 7 6 5 6 7 13 12 11 10 9 8 7 6 7 8 14 13 12 11 10 9 8 7 8 9 15 14 13 12 11 10 9 8 9 10 16 15 14 13 12 11 10 9 10 11 
8 7 6 5 4 3 2 1 0 1 9 8 7 6 5 4 3 2 1 2 10 9 8 7 6 5 4 3 2 3 11 10 9 8 7 6 5 4 3 4 12 11 10 9 8 7 6 5 4 5 13 12 11 10 9 8 7 6 5 6 14 13 12 11 10 9 8 7 6 7 15 14 13 12 11 10 9 8 7 8 16 15 14 13 12 11 10 9 8 9 17 16 15 14 13 12 11 10 9 10 
9 8 7 6 5 4 3 2 1 0 10 9 8 7 6 5 4 3 2 1 11 10 9 8 7 6 5 4 3 2 12 11 10 9 8 7 6 5 4 3 13 12 11 10 9 8 7 6 5 4 14 13 12 11 10 9 8 7 6 5 15 14 13 12 11 10 9 8 7 6 16 15 14 13 12 11 10 9 8 7 17 16 15 14 13 12 11 10 9 8 18 17 16 15 14 13 12 11 10 9 
1 2 3 4 5 6 7 8 9 10 0 1 2 3 4 5 6 7 8 9 1 2 3 4 5 6 7 8 9 10 2 3 4 5 6 7 8 9 10 11 3 4 5 6 7 8 9 10 11 12 4 5 6 7 8 9 10 11 12 13 5 6 7 8 9 10 11 12 13 14 6 7 8 9 10 11 12 13 14 15 7 8 9 10 11 12 13 14 15 16 8 9 10 11 12 13 14 15 16 17 
2 1 2 3 4 5 6 7 8 9 1 0 1 2 3 4 5 6 7 8 2 1 2 3 4 5 6 7 8 9 3 2 3 4 5 6 7 8 9 10 4 3 4 5 6 7 8 9 10 11 5 4 5 6 7 8 9 10 11 12 6 5 6 7 8 9 10 11 12 13 7 6 7 8 9 10 11 12 13 14 8 7 8 9 10 11 12 13 14 15 9 8 9 10 11 12 13 14 15 16 
3 2 1 2 3 4 5 6 7 8 2 1 0 1 2 3 4 5 6 7 3 2 1 2 3 4 5 6 7 8 4 3 2 3 4 5 6 7 8 9 5 4 3 4 5 6 7 8 9 10 6 5 4 5 6 7 8 9 10 11 7 6 5 6 7 8 9 10 11 12 8 7 6 7 8 9 10 11 12 13 9 8 7 8 9 10 11 12 13 14 10 9 8 9 10 11 12 13 14 15 
4 3 2 1 2 3 4 5 6 7 3 2 1 0 1 2 3 4 5 6 4 3 2 1 2 3 4 5 6 7 5 4 3 2 3 4 5 6 7 8 6 5 4 3 4 5 6 7 8 9 7 6 5 4 5 6 7 8 9 10 8 7 6 5 6 7 8 9 10 11 9 8 7 6 7 8 9 10 11 12 10 9 8 7 8 9 10 11 12 13 11 10 9 8 9 10 11 12 13 14 
5 4 3 2 1 2 3 4 5 6 4 3 2 1 0 1 2 3 4 5 5 4 3 2 1 2 3 4 5 6 6 5 4 3 2 3 4 5 6 7 7 6 5 4 3 4 5 6 7 8 8 7 6 5 4 5 6 7 8 9 9 8 7 6 5 6 7 8 9 10 10 9 8 7 6 7 8 9 10 11 11 10 9 8 7 8 9 10 11 12 12 11 10 9 8 9 10 11 12 13 
6 5 4 3 2 1 2 3 4 5 5 4 3 2 1 0 1 2 3 4 6 5 4 3 2 1 2 3 4 5 7 6 5 4 3 2 3 4 5 6 8 7 6 5 4 3 4 5 6 7 9 8 7 6 5 4 5 6 7 8 10 9 8 7 6 5 6 7 8 9 11 10 9 8 7 6 7 8 9 10 12 11 10 9 8 7 8 9 10 11 13 12 11 10 9 8 9 10 11 12 
7 6 5 4 3 2 1 2 3 4 6 5 4 3 2 1 0 1 2 3 7 6 5 4 3 2 1 2 3 4 8 7 6 5 4 3 2 3 4 5 9 8 7 6 5 4 3 4 5 6 10 9 8 7 6 5 4 5 6 7 11 10 9 8 7 6 5 6 7 8 12 11 10 9 8 7 6 7 8 9 13 12 11 10 9 8 7 8 9 10 14 13 12 11 10 9 8 9 10 11 
8 7 6 5 4 3 2 1 2 3 7 6 5 4 3 2 1 0 1 2 8 7 6 5 4 3 2 1 2 3 9 8 7 6 5 4 3 2 3 4 10 9 8 7 6 5 4 3 4 5 11 10 9 8 7 6 5 4 5 6 12 11 10 9 8 7 6 5 6 7 13 12 11 10 9 8 7 6 7 8 14 13 12 11 10 9 8 7 8 9 15 14 13 12 11 10 9 8 9 10 
9 8 7 6 5 4 3 2 1 2 8 7 6 5 4 3 2 1 0 1 9 8 7 6 5 4 3 2 1 2 10 9 8 7 6 5 4 3 2 3 11 10 9 8 7 6 5 4 3 4 12 11 10 9 8 7 6 5 4 5 13 12 11 10 9 8 7 6 5 6 14 13 12 11 10 9 8 7 6 7 15 14 13 12 11 10 9 8 7 8 16 15 14 13 12 11 10 9 8 9 
10 9 8 7 6 5 4 3 2 1 9 8 7 6 5 4 3 2 1 0 10 9 8 7 6 5 4 3 2 1 11 10 9 8 7 6 5 4 3 2 12 11 10 9 8 7 6 5 4 3 13 12 11 10 9 8 7 6 5 4 14 13 12 11 10 9 8 7 6 5 15 14 13 12 11 10 9 8 7 6 16 15 14 13 12 11 10 9 8 7 17 16 15 14 13 12 11 10 9 8 
2 3 4 5 6 7 8 9 10 11 1 2 3 4 5 6 7 8 9 10 0 1 2 3 4 5 6 7 8 9 1 2 3 4 5 6 7 8 9 10 2 3 4 5 6 7 8 9 10 11 3 4 5 6 7 8 9 10 11 12 4 5 6 7 8 9 10 11 12 13 5 6 7 8 9 10 11 12 13 14 6 7 8 9 10 11 12 13 14 15 7 8 9 10 11 12 13 14 15 16 
3 2 3 4 5 6 7 8 9 10 2 1 2 3 4 5 6 7 8 9 1 0 1 2 3 4 5 6 7 8 2 1 2 3 4 5 6 7 8 9 3 2 3 4 5 6 7 8 9 10 4 3 4 5 6 7 8 9 10 11 5 4 5 6 7 8 9 10 11 12 6 5 6 7 8 9 10 11 12 13 7 6 7 8 9 10 11 12 13 14 8 7 8 9 10 11 12 13 14 15 
4 3 2 3 4 5 6 7 8 9 3 2 1 2 3 4 5 6 7 8 2 1 0 1 2 3 4 5 6 7 3 2 1 2 3 4 5 6 7 8 4 3 2 3 4 5 6 7 8 9 5 4 3 4 5 6 7 8 9 10 6 5 4 5 6 7 8 9 10 11 7 6 5 6 7 8 9 10 11 12 8 7 6 7 8 9 10 11 12 13 9 8 7 8 9 10 11 12 13 14 
5 4 3 2 3 4 5 6 7 8 4 3 2 1 2 3 4 5 6 7 3 2 1 0 1 2 3 4 5 6 4 3 2 1 2 3 4 5 6 7 5 4 3 2 3 4 5 6 7 8 6 5 4 3 4 5 6 7 8 9 7 6 5 4 5 6 7 8 9 10 8 7 6 5 6 7 8 9 10 11 9 8 7 6 7 8 9 10 11 12 10 9 8 7 8 9 10 11 12 13 
6 5 4 3 2 3 4 5 6 7 5 4 3 2 1 2 3 4 5 6 4 3 2 1 0 1 2 3 4 5 5 4 3 2 1 2 3 4 5 6 6 5 4 3 2 3 4 5 6 7 7 6 5 4 3 4 5 6 7 8 8 7 6 5 4 5 6 7 8 9 9 8 7 6 5 6 7 8 9 10 10 9 8 7 6 7 8 9 10 11 11 10 9 8 7 8 9 10 11 12 
7 6 5 4 3 2 3 4 5 6 6 5 4 3 2 1 2 3 4 5 5 4 3 2 1 0 1 2 3 4 6 5 4 3 2 1 2 3 4 5 7 6 5 4 3 2 3 4 5 6 8 7 6 5 4 3 4 5 6 7 9 8 7 6 5 4 5 6 7 8 10 9 8 7 6 5 6 7 8 9 11 10 9 8 7 6 7 8 9 10 12 11 10 9 8 7 8 9 10 11 
8 7 6 5 4 3 2 3 4 5 7 6 5 4 3 2 1 2 3 4 6 5 4 3 2 1 0 1 2 3 7 6 5 4 3 2 1 2 3 4 8 7 6 5 4 3 2 3 4 5 9 8 7 6 5 4 3 4 5 6 10 9 8 7 6 5 4 5 6 7 11 10 9 8 7 6 5 6 7 8 12 11 10 9 8 7 6 7 8 9 13 12 11 10 9 8 7 8 9 10 
9 8 7 6 5 4 3 2 3 4 8 7 6 5 4 3 2 1 2 3 7 6 5 4 3 2 1 0 1 2 8 7 6 5 4 3 2 1 2 3 9 8 7 6 5 4 3 2 3 4 10 9 8 7 6 5 4 3 4 5 11 10 9 8 7 6 5 4 5 6 12 11 10 9 8 7 6 5 6 7 13 12 11 10 9 8 7 6 7 8 14 13 12 11 10 9 8 7 8 9 
10 9 8 7 6 5 4 3 2 3 9 8 7 6 5 4 3 2 1 2 8 7 6 5 4 3 2 1 0 1 9 8 7 6 5 4 3 2 1 2 10 9 8 7 6 5 4 3 2 3 11 10 9 8 7 6 5 4 3 4 12 11 10 9 8 7 6 5 4 5 13 12 11 10 9 8 7 6 5 6 14 13 12 11 10 9 8 7 6 7 15 14 13 12 11 10 9 8 7 8 
11 10 9 8 7 6 5 4 3 2 10 9 8 7 6 5 4 3 2 1 9 8 7 6 5 4 3 2 1 0 10 9 8 7 6 5 4 3 2 1 11 10 9 8 7 6 5 4 3 2 12 11 10 9 8 7 6 5 4 3 13 12 11 10 9 8 7 6 5 4 14 13 12 11 10 9 8 7 6 5 15 14 13 12 11 10 9 8 7 6 16 15 14 13 12 11 10 9 8 7 
3 4 5 6 7 8 9 10 11 12 2 3 4 5 6 7 8 9 10 11 1 2 3 4 5 6 7 8 9 10 0 1 2 3 4 5 6 7 8 9 1 2 3 4 5 6 7 8 9 10 2 3 4 5 6 7 8 9 10 11 3 4 5 6 7 8 9 10 11 12 4 5 6 7 8 9 10 11 12 13 5 6 7 8 9 10 11 12 13 14 6 7 8 9 10 11 12 13 14 15 
4 3 4 5 6 7 8 9 10 11 3 2 3 4 5 6 7 8 9 10 2 1 2 3 4 5 6 7 8 9 1 0 1 2 3 4 5 6 7 8 2 1 2 3 4 5 6 7 8 9 3 2 3 4 5 6 7 8 9 10 4 3 4 5 6 7 8 9 10 11 5 4 5 6 7 8 9 10 11 12 6 5 6 7 8 9 10 11 12 13 7 6 7 8 9 10 11 12 13 14 
5 4 3 4 5 6 7 8 9 10 4 3 2 3 4 5 6 7 8 9 3 2 1 2 3 4 5 6 7 8 2 1 0 1 2 3 4 5 6 7 3 2 1 2 3 4 5 6 7 8 4 3 2 3 4 5 6 7 8 9 5 4 3 4 5 6 7 8 9 10 6 5 4 5 6 7 8 9 10 11 7 6 5 6 7 8 9 10 11 12 8 7 6 7 8 9 10 11 12 13 
6 5 4 3 4 5 6 7 8 9 5 4 3 2 3 4 5 6 7 8 4 3 2 1 2 3 4 5 6 7 3 2 1 0 1 2 3 4 5 6 4 3 2 1 2 3 4 5 6 7 5 4 3 2 3 4 5 6 7 8 6 5 4 3 4 5 6 7 8 9 7 6 5 4 5 6 7 8 9 10 8 7 6 5 6 7 8 9 10 11 9 8 7 6 7 8 9 10 11 12 
7 6 5 4 3 4 5 6 7 8 6 5 4 3 2 3 4 5 6 7 5 4 3 2 1 2 3 4 5 6 4 3 2 1 0 1 2 3 4 5 5 4 3 2 1 2 3 4 5 6 6 5 4 3 2 3 4 5 6 7 7 6 5 4 3 4 5 6 7 8 8 7 6 5 4 5 6 7 8 9 9 8 7 6 5 6 7 8 9 10 10 9 8 7 6 7 8 9 10 11 
8 7 6 5 4 3 4 5 6 7 7 6 5 4 3 2 3 4 5 6 6 5 4 3 2 1 2 3 4 5 5 4 3 2 1 0 1 2 3 4 6 5 4 3 2 1 2 3 4 5 7 6 5 4 3 2 3 4 5 6 8 7 6 5 4 3 4 5 6 7 9 8 7 6 5 4 5 6 7 8 10 9 8 7 6 5 6 7 8 9 11 10 9 8 7 6 7 8 9 10 
9 8 7 6 5 4 3 4 5 6 8 7 6 5 4 3 2 3 4 5 7 6 5 4 3 2 1 2 3 4 6 5 4 3 2 1 0 1 2 3 7 6 5 4 3 2 1 2 3 4 8 7 6 5 4 3 2 3 4 5 9 8 7 6 5 4 3 4 5 6 10 9 8 7 6 5 4 5 6 7 11 10 9 8 7 6 5 6 7 8 12 11 10 9 8 7 6 7 8 9 
10 9 8 7 6 5 4 3 4 5 9 8 7 6 5 4 3 2 3 4 8 7 6 5 4 3 2 1 2 3 7 6 5 4 3 2 1 0 1 2 8 7 6 5 4 3 2 1 2 3 9 8 7 6 5 4 3 2 3 4 10 9 8 7 6 5 4 3 4 5 11 10 9 8 7 6 5 4 5 6 12 11 10 9 8 7 6 5 6 7 13 12 11 10 9 8 7 6 7 8 
11 10 9 8 7 6 5 4 3 4 10 9 8 7 6 5 4 3 2 3 9 8 7 6 5 4 3 2 1 2 8 7 6 5 4 3 2 1 0 1 9 8 7 6 5 4 3 2 1 2 10 9 8 7 6 5 4 3 2 3 11 10 9 8 7 6 5 4 3 4 12 11 10 9 8 7 6 5 4 5 13 12 11 10 9 8 7 6 5 6 14 13 12 11 10 9 8 7 6 7 
12 11 10 9 8 7 6 5 4 3 11 10 9 8 7 6 5 4 3 2 10 9 8 7 6 5 4 3 2 1 9 8 7 6 5 4 3 2 1 0 10 9 8 7 6 5 4 3 2 1 11 10 9 8 7 6 5 4 3 2 12 11 10 9 8 7 6 5 4 3 13 12 11 10 9 8 7 6 5 4 14 13 12 11 10 9 8 7 6 5 15 14 13 12 11 10 9 8 7 6 
4 5 6 7 8 9 10 11 12 13 3 4 5 6 7 8 9 10 11 12 2 3 4 5 6 7 8 9 10 11 1 2 3 4 5 6 7 8 9 10 0 1 2 3 4 5 6 7 8 9 1 2 3 4 5 6 7 8 9 10 2 3 4 5 6 7 8 9 10 11 3 4 5 6 7 8 9 10 11 12 4 5 6 7 8 9 10 11 12 13 5 6 7 8 9 10 11 12 13 14 
5 4 5 6 7 8 9 10 11 12 4 3 4 5 6 7 8 9 10 11 3 2 3 4 5 6 7 8 9 10 2 1 2 3 4 5 6 7 8 9 1 0 1 2 3 4 5 6 7 8 2 1 2 3 4 5 6 7 8 9 3 2 3 4 5 6 7 8 9 10 4 3 4 5 6 7 8 9 10 11 5 4 5 6 7 8 9 10 11 12 6 5 6 7 8 9 10 11 12 13 
6 5 4 5 6 7 8 9 10 11 5 4 3 4 5 6 7 8 9 10 4 3 2 3 4 5 6 7 8 9 3 2 1 2 3 4 5 6 7 8 2 1 0 1 2 3 4 5 6 7 3 2 1 2 3 4 5 6 7 8 4 3 2 3 4 5 6 7 8 9 5 4 3 4 5 6 7 8 9 10 6 5 4 5 6 7 8 9 10 11 7 6 5 6 7 8 9 10 11 12 
7 6 5 4 5 6 7 8 9 10 6 5 4 3 4 5 6 7 8 9 5 4 3 2 3 4 5 6 7 8 4 3 2 1 2 3 4 5 6 7 3 2 1 0 1 2 3 4 5 6 4 3 2 1 2 3 4 5 6 7 5 4 3 2 3 4 5 6 7 8 6 5 4 3 4 5 6 7 8 9 7 6 5 4 5 6 7 8 9 10 8 7 6 5 6 7 8 9 10 11 
8 7 6 5 4 5 6 7 8 9 7 6 5 4 3 4 5 6 7 8 6 5 4 3 2 3 4 5 6 7 5 4 3 2 1 2 3 4 5 6 4 3 2 1 0 1 2 3 4 5 5 4 3 2 1 2 3 4 5 6 6 5 4 3 2 3 4 5 6 7 7 6 5 4 3 4 5 6 7 8 8 7 6 5 4 5 6 7 8 9 9 8 7 6 5 6 7 8 9 10 
9 8 7 6 5 4 5 6 7 8 8 7 6 5 4 3 4 5 6 7 7 6 5 4 3 2 3 4 5 6 6 5 4 3 2 1 2 3 4 5 5 4 3 2 1 0 1 2 3 4 6 5 4 3 2 1 2 3 4 5 7 6 5 4 3 2 3 4 5 6 8 7 6 5 4 3 4 5 6 7 9 8 7 6 5 4 5 6 7 8 10 9 8 7 6 5 6 7 8 9 
10 9 8 7 6 5 4 5 6 7 9 8 7 6 5 4 3 4 5 6 8 7 6 5 4 3 2 3 4 5 7 6 5 4 3 2 1 2 3 4 6 5 4 3 2 1 0 1 2 3 7 6 5 4 3 2 1 2 3 4 8 7 6 5 4 3 2 3 4 5 9 8 7 6 5 4 3 4 5 6 10 9 8 7 6 5 4 5 6 7 11 10 9 8 7 6 5 6 7 8 
11 10 9 8 7 6 5 4 5 6 10 9 8 7 6 5 4 3 4 5 9 8 7 6 5 4 3 2 3 4 8 7 6 5 4 3 2 1 2 3 7 6 5 4 3 2 1 0 1 2 8 7 6 5 4 3 2 1 2 3 9 8 7 6 5 4 3 2 3 4 10 9 8 7 6 5 4 3 4 5 11 10 9 8 7 6 5 4 5 6 12 11 10 9 8 7 6 5 6 7 
12 11 10 9 8 7 6 5 4 5 11 10 9 8 7 6 5 4 3 4 10 9 8 7 6 5 4 3 2 3 9 8 7 6 5 4 3 2 1 2 8 7 6 5 4 3 2 1 0 1 9 8 7 6 5 4 3 2 1 2 10 9 8 7 6 5 4 3 2 3 11 10 9 8 7 6 5 4 3 4 12 11 10 9 8 7 6 5 4 5 13 12 11 10 9 8 7 6 5 6 
13 12 11 10 9 8 7 6 5 4 12 11 10 9 8 7 6 5 4 3 11 10 9 8 7 6 5 4 3 2 10 9 8 7 6 5 4 3 2 1 9 8 7 6 5 4 3 2 1 0 10 9 8 7 6 5 4 3 2 1 11 10 9 8 7 6 5 4 3 2 12 11 10 9 8 7 6 5 4 3 13 12 11 10 9 8 7 6 5 4 14 13 12 11 10 9 8 7 6 5 
5 6 7 8 9 10 11 12 13 14 4 5 6 7 8 9 10 11 12 13 3 4 5 6 7 8 9 10 11 12 2 3 4 5 6 7 8 9 10 11 1 2 3 4 5 6 7 8 9 10 0 1 2 3 4 5 6 7 8 9 1 2 3 4 5 6 7 8 9 10 2 3 4 5 6 7 8 9 10 11 3 4 5 6 7 8 9 10 11 12 4 5 6 7 8 9 10 11 12 13 
6 5 6 7 8 9 10 11 12 13 5 4 5 6 7 8 9 10 11 12 4 3 4 5 6 7 8 9 10 11 3 2 3 4 5 6 7 8 9 10 2 1 2 3 4 5 6 7 8 9 1 0 1 2 3 4 5 6 7 8 2 1 2 3 4 5 6 7 8 9 3 2 3 4 5 6 7 8 9 10 4 3 4 5 6 7 8 9 10 11 5 4 5 6 7 8 9 10 11 12 
7 6 5 6 7 8 9 10 11 12 6 5 4 5 6 7 8 9 10 11 5 4 3 4 5 6 7 8 9 10 4 3 2 3 4 5 6 7 8 9 3 2 1 2 3 4 5 6 7 8 2 1 0 1 2 3 4 5 6 7 3 2 1 2 3 4 5 6 7 8 4 3 2 3 4 5 6 7 8 9 5 4 3 4 5 6 7 8 9 10 6 5 4 5 6 7 8 9 10 11 
8 7 6 5 6 7 8 9 10 11 7 6 5 4 5 6 7 8 9 10 6 5 4 3 4 5 6 7 8 9 5 4 3 2 3 4 5 6 7 8 4 3 2 1 2 3 4 5 6 7 3 2 1 0 1 2 3 4 5 6 4 3 2 1 2 3 4 5 6 7 5 4 3 2 3 4 5 6 7 8 6 5 4 3 4 5 6 7 8 9 7 6 5 4 5 6 7 8 9 10 
9 8 7 6 5 6 7 8 9 10 8 7 6 5 4 5 6 7 8 9 7 6 5 4 3 4 5 6 7 8 6 5 4 3 2 3 4 5 6 7 5 4 3 2 1 2 3 4 5 6 4 3 2 1 0 1 2 3 4 5 5 4 3 2 1 2 3 4 5 6 6 5 4 3 2 3 4 5 6 7 7 6 5 4 3 4 5 6 7 8 8 7 6 5 4 5 6 7 8 9 
10 9 8 7 6 5 6 7 8 9 9 8 7 6 5 4 5 6 7 8 8 7 6 5 4 3 4 5 6 7 7 6 5 4 3 2 3 4 5 6 6 5 4 3 2 1 2 3 4 5 5 4 3 2 1 0 1 2 3 4 6 5 4 3 2 1 2 3 4 5 7 6 5 4 3 2 3 4 5 6 8 7 6 5 4 3 4 5 6 7 9 8 7 6 5 4 5 6 7 8 
11 10 9 8 7 6 5 6 7 8 10 9 8 7 6 5 4 5 6 7 9 8 7 6 5 4 3 4 5 6 8 7 6 5 4 3 2 3 4 5 7 6 5 4 3 2 1 2 3 4 6 5 4 3 2 1 0 1 2 3 7 6 5 4 3 2 1 2 3 4 8 7 6 5 4 3 2 3 4 5 9 8 7 6 5 4 3 4 5 6 10 9 8 7 6 5 4 5 6 7 
12 11 10 9 8 7 6 5 6 7 11 10 9 8 7 6 5 4 5 6 10 9 8 7 6 5 4 3 4 5 9 8 7 6 5 4 3 2 3 4 8 7 6 5 4 3 2 1 2 3 7 6 5 4 3 2 1 0 1 2 8 7 6 5 4 3 2 1 2 3 9 8 7 6 5 4 3 2 3 4 10 9 8 7 6 5 4 3 4 5 11 10 9 8 7 6 5 4 5 6 
13 12 11 10 9 8 7 6 5 6 12 11 10 9 8 7 6 5 4 5 11 10 9 8 7 6 5 4 3 4 10 9 8 7 6 5 4 3 2 3 9 8 7 6 5 4 3 2 1 2 8 7 6 5 4 3 2 1 0 1 9 8 7 6 5 4 3 2 1 2 10 9 8 7 6 5 4 3 2 3 11 10 9 8 7 6 5 4 3 4 12 11 10 9 8 7 6 5 4 5 
14 13 12 11 10 9 8 7 6 5 13 12 11 10 9 8 7 6 5 4 12 11 10 9 8 7 6 5 4 3 11 10 9 8 7 6 5 4 3 2 10 9 8 7 6 5 4 3 2 1 9 8 7 6 5 4 3 2 1 0 10 9 8 7 6 5 4 3 2 1 11 10 9 8 7 6 5 4 3 2 12 11 10 9 8 7 6 5 4 3 13 12 11 10 9 8 7 6 5 4 
6 7 8 9 10 11 12 13 14 15 5 6 7 8 9 10 11 12 13 14 4 5 6 7 8 9 10 11 12 13 3 4 5 6 7 8 9 10 11 12 2 3 4 5 6 7 8 9 10 11 1 2 3 4 5 6 7 8 9 10 0 1 2 3 4 5 6 7 8 9 1 2 3 4 5 6 7 8 9 10 2 3 4 5 6 7 8 9 10 11 3 4 5 6 7 8 9 10 11 12 
7 6 7 8 9 10 11 12 13 14 6 5 6 7 8 9 10 11 12 13 5 4 5 6 7 8 9 10 11 12 4 3 4 5 6 7 8 9 10 11 3 2 3 4 5 6 7 8 9 10 2 1 2 3 4 5 6 7 8 9 1 0 1 2 3 4 5 6 7 8 2 1 2 3 4 5 6 7 8 9 3 2 3 4 5 6 7 8 9 10 4 3 4 5 6 7 8 9 10 11 
8 7 6 7 8 9 10 11 12 13 7 6 5 6 7 8 9 10 11 12 6 5 4 5 6 7 8 9 10 11 5 4 3 4 5 6 7 8 9 10 4 3 2 3 4 5 6 7 8 9 3 2 1 2 3 4 5 6 7 8 2 1 0 1 2 3 4 5 6 7 3 2 1 2 3 4 5 6 7 8 4 3 2 3 4 5 6 7 8 9 5 4 3 4 5 6 7 8 9 10 
9 8 7 6 7 8 9 10 11 12 8 7 6 5 6 7 8 9 10 11 7 6 5 4 5 6 7 8 9 10 6 5 4 3 4 5 6 7 8 9 5 4 3 2 3 4 5 6 7 8 4 3 2 1 2 3 4 5 6 7 3 2 1 0 1 2 3 4 5 6 4 3 2 1 2 3 4 5 6 7 5 4 3 2 3 4 5 6 7 8 6 5 4 3 4 5 6 7 8 9 
10 9 8 7 6 7 8 9 10 11 9 8 7 6 5 6 7 8 9 10 8 7 6 5 4 5 6 7 8 9 7 6 5 4 3 4 5 6 7 8 6 5 4 3 2 3 4 5 6 7 5 4 3 2 1 2 3 4 5 6 4 3 2 1 0 1 2 3 4 5 5 4 3 2 1 2 3 4 5 6 6 5 4 3 2 3 4 5 6 7 7 6 5 4 3 4 5 6 7 8 
11 10 9 8 7 6 7 8 9 10 10 9 8 7 6 5 6 7 8 9 9 8 7 6 5 4 5 6 7 8 8 7 6 5 4 3 4 5 6 7 7 6 5 4 3 2 3 4 5 6 6 5 4 3 2 1 2 3 4 5 5 4 3 2 1 0 1 2 3 4 6 5 4 3 2 1 2 3 4 5 7 6 5 4 3 2 3 4 5 6 8 7 6 5 4 3 4 5 6 7 
12 11 10 9 8 7 6 7 8 9 11 10 9 8 7 6 5 6 7 8 10 9 8 7 6 5 4 5 6 7 9 8 7 6 5 4 3 4 5 6 8 7 6 5 4 3 2 3 4 5 7 6 5 4 3 2 1 2 3 4 6 5 4 3 2 1 0 1 2 3 7 6 5 4 3 2 1 2 3 4 8 7 6 5 4 3 2 3 4 5 9 8 7 6 5 4 3 4 5 6 
13 12 11 10 9 8 7 6 7 8 12 11 10 9 8 7 6 5 6 7 11 10 9 8 7 6 5 4 5 6 10 9 8 7 6 5 4 3 4 5 9 8 7 6 5 4 3 2 3 4 8 7 6 5 4 3 2 1 2 3 7 6 5 4 3 2 1 0 1 2 8 7 6 5 4 3 2 1 2 3 9 8 7 6 5 4 3 2 3 4 10 9 8 7 6 5 4 3 4 5 
14 13 12 11 10 9 8 7 6 7 13 12 11 10 9 8 7 6 5 6 12 11 10 9 8 7 6 5 4 5 11 10 9 8 7 6 5 4 3 4 10 9 8 7 6 5 4 3 2 3 9 8 7 6 5 4 3 2 1 2 8 7 6 5 4 3 2 1 0 1 9 8 7 6 5 4 3 2 1 2 10 9 8 7 6 5 4 3 2 3 11 10 9 8 7 6 5 4 3 4 
15 14 13 12 11 10 9 8 7 6 14 13 12 11 10 9 8 7 6 5 13 12 11 10 9 8 7 6 5 4 12 11 10 9 8 7 6 5 4 3 11 10 9 8 7 6 5 4 3 2 10 9 8 7 6 5 4 3 2 1 9 8 7 6 5 4 3 2 1 0 10 9 8 7 6 5 4 3 2 1 11 10 9 8 7 6 5 4 3 2 12 11 10 9 8 7 6 5 4 3 
7 8 9 10 11 12 13 14 15 16 6 7 8 9 10 11 12 13 14 15 5 6 7 8 9 10 11 12 13 14 4 5 6 7 8 9 10 11 12 13 3 4 5 6 7 8 9 10 11 12 2 3 4 5 6 7 8 9 10 11 1 2 3 4 5 6 7 8 9 10 0 1 2 3 4 5 6 7 8 9 1 2 3 4 5 6 7 8 9 10 2 3 4 5 6 7 8 9 10 11 
8 7 8 9 10 11 12 13 14 15 7 6 7 8 9 10 11 12 13 14 6 5 6 7 8 9 10 11 12 13 5 4 5 6 7 8 9 10 11 12 4 3 4 5 6 7 8 9 10 11 3 2 3 4 5 6 7 8 9 10 2 1 2 3 4 5 6 7 8 9 1 0 1 2 3 4 5 6 7 8 2 1 2 3 4 5 6 7 8 9 3 2 3 4 5 6 7 8 9 10 
9 8 7 8 9 10 11 12 13 14 8 7 6 7 8 9 10 11 12 13 7 6 5 6 7 8 9 10 11 12 6 5 4 5 6 7 8 9 10 11 5 4 3 4 5 6 7 8 9 10 4 3 2 3 4 5 6 7 8 9 3 2 1 2 3 4 5 6 7 8 2 1 0 1 2 3 4 5 6 7 3 2 1 2 3 4 5 6 7 8 4 3 2 3 4 5 6 7 8 9 
10 9 8 7 8 9 10 11 12 13 9 8 7 6 7 8 9 10 11 12 8 7 6 5 6 7 8 9 10 11 7 6 5 4 5 6 7 8 9 10 6 5 4 3 4 5 6 7 8 9 5 4 3 2 3 4 5 6 7 8 4 3 2 1 2 3 4 5 6 7 3 2 1 0 1 2 3 4 5 6 4 3 2 1 2 3 4 5 6 7 5 4 3 2 3 4 5 6 7 8 
11 10 9 8 7 8 9 10 11 12 10 9 8 7 6 7 8 9 10 11 9 8 7 6 5 6 7 8 9 10 8 7 6 5 4 5 6 7 8 9 7 6 5 4 3 4 5 6 7 8 6 5 4 3 2 3 4 5 6 7 5 4 3 2 1 2 3 4 5 6 4 3 2 1 0 1 2 3 4 5 5 4 3 2 1 2 3 4 5 6 6 5 4 3 2 3 4 5 6 7 
12 11 10 9 8 7 8 9 10 11 11 10 9 8 7 6 7 8 9 10 10 9 8 7 6 5 6 7 8 9 9 8 7 6 5 4 5 6 7 8 8 7 6 5 4 3 4 5 6 7 7 6 5 4 3 2 3 4 5 6 6 5 4 3 2 1 2 3 4 5 5 4 3 2 1 0 1 2 3 4 6 5 4 3 2 1 2 3 4 5 7 6 5 4 3 2 3 4 5 6 
13 12 11 10 9 8 7 8 9 10 12 11 10 9 8 7 6 7 8 9 11 10 9 8 7 6 5 6 7 8 10 9 8 7 6 5 4 5 6 7 9 8 7 6 5 4 3 4 5 6 8 7 6 5 4 3 2 3 4 5 7 6 5 4 3 2 1 2 3 4 6 5 4 3 2 1 0 1 2 3 7 6 5 4 3 2 1 2 3 4 8 7 6 5 4 3 2 3 4 5 
14 13 12 11 10 9 8 7 8 9 13 12 11 10 9 8 7 6 7 8 12 11 10 9 8 7 6 5 6 7 11 10 9 8 7 6 5 4 5 6 10 9 8 7 6 5 4 3 4 5 9 8 7 6 5 4 3 2 3 4 8 7 6 5 4 3 2 1 2 3 7 6 5 4 3 2 1 0 1 2 8 7 6 5 4 3 2 1 2 3 9 8 7 6 5 4 3 2 3 4 
15 14 13 12 11 10 9 8 7 8 14 13 12 11 10 9 8 7 6 7 13 12 11 10 9 8 7 6 5 6 12 11 10 9 8 7 6 5 4 5 11 10 9 8 7 6 5 4 3 4 10 9 8 7 6 5 4 3 2 3 9 8 7 6 5 4 3 2 1 2 8 7 6 5 4 3 2 1 0 1 9 8 7 6 5 4 3 2 1 2 10 9 8 7 6 5 4 3 2 3 
16 15 14 13 12 11 10 9 8 7 15 14 13 12 11 10 9 8 7 6 14 13 12 11 10 9 8 7 6 5 13 12 11 10 9 8 7 6 5 4 12 11 10 9 8 7 6 5 4 3 11 10 9 8 7 6 5 4 3 2 10 9 8 7 6 5 4 3 2 1 9 8 7 6 5 4 3 2 1 0 10 9 8 7 6 5 4 3 2 1 11 10 9 8 7 6 5 4 3 2 
8 9 10 11 12 13 14 15 16 17 7 8 9 10 11 12 13 14 15 16 6 7 8 9 10 11 12 13 14 15 5 6 7 8 9 10 11 12 13 14 4 5 6 7 8 9 10 11 12 13 3 4 5 6 7 8 9 10 11 12 2 3 4 5 6 7 8 9 10 11 1 2 3 4 5 6 7 8 9 10 0 1 2 3 4 5 6 7 8 9 1 2 3 4 5 6 7 8 9 10 
9 8 9 10 11 12 13 14 15 16 8 7 8 9 10 11 12 13 14 15 7 6 7 8 9 10 11 12 13 14 6 5 6 7 8 9 10 11 12 13 5 4 5 6 7 8 9 10 11 12 4 3 4 5 6 7 8 9 10 11 3 2 3 4 5 6 7 8 9 10 2 1 2 3 4 5 6 7 8 9 1 0 1 2 3 4 5 6 7 8 2 1 2 3 4 5 6 7 8 9 
10 9 8 9 10 11 12 13 14 15 9 8 7 8 9 10 11 12 13 14 8 7 6 7 8 9 10 11 12 13 7 6 5 6 7 8 9 10 11 12 6 5 4 5 6 7 8 9 10 11 5 4 3 4 5 6 7 8 9 10 4 3 2 3 4 5 6 7 8 9 3 2 1 2 3 4 5 6 7 8 2 1 0 1 2 3 4 5 6 7 3 2 1 2 3 4 5 6 7 8 
11 10 9 8 9 10 11 12 13 14 10 9 8 7 8 9 10 11 12 13 9 8 7 6 7 8 9 10 11 12 8 7 6 5 6 7 8 9 10 11 7 6 5 4 5 6 7 8 9 10 6 5 4 3 4 5 6 7 8 9 5 4 3 2 3 4 5 6 7 8 4 3 2 1 2 3 4 5 6 7 3 2 1 0 1 2 3 4 5 6 4 3 2 1 2 3 4 5 6 7 
12 11 10 9 8 9 10 11 12 13 11 10 9 8 7 8 9 10 11 12 10 9 8 7 6 7 8 9 10 11 9 8 7 6 5 6 7 8 9 10 8 7 6 5 4 5 6 7 8 9 7 6 5 4 3 4 5 6 7 8 6 5 4 3 2 3 4 5 6 7 5 4 3 2 1 2 3 4 5 6 4 3 2 1 0 1 2 3 4 5 5 4 3 2 1 2 3 4 5 6 
13 12 11 10 9 8 9 10 11 12 12 11 10 9 8 7 8 9 10 11 11 10 9 8 7 6 7 8 9 10 10 9 8 7 6 5 6 7 8 9 9 8 7 6 5 4 5 6 7 8 8 7 6 5 4 3 4 5 6 7 7 6 5 4 3 2 3 4 5 6 6 5 4 3 2 1 2 3 4 5 5 4 3 2 1 0 1 2 3 4 6 5 4 3 2 1 2 3 4 5 
14 13 12 11 10 9 8 9 10 11 13 12 11 10 9 8 7 8 9 10 12 11 10 9 8 7 6 7 8 9 11 10 9 8 7 6 5 6 7 8 10 9 8 7 6 5 4 5 6 7 9 8 7 6 5 4 3 4 5 6 8 7 6 5 4 3 2 3 4 5 7 6 5 4 3 2 1 2 3 4 6 5 4 3 2 1 0 1 2 3 7 6 5 4 3 2 1 2 3 4 
15 14 13 12 11 10 9 8 9 10 14 13 12 11 10 9 8 7 8 9 13 12 11 10 9 8 7 6 7 8 12 11 10 9 8 7 6 5 6 7 11 10 9 8 7 6 5 4 5 6 10 9 8 7 6 5 4 3 4 5 9 8 7 6 5 4 3 2 3 4 8 7 6 5 4 3 2 1 2 3 7 6 5 4 3 2 1 0 1 2 8 7 6 5 4 3 2 1 2 3 
16 15 14 13 12 11 10 9 8 9 15 14 13 12 11 10 9 8 7 8 14 13 12 11 10 9 8 7 6 7 13 12 11 10 9 8 7 6 5 6 12 11 10 9 8 7 6 5 4 5 11 10 9 8 7 6 5 4 3 4 10 9 8 7 6 5 4 3 2 3 9 8 7 6 5 4 3 2 1 2 8 7 6 5 4 3 2 1 0 1 9 8 7 6 5 4 3 2 1 2 
17 16 15 14 13 12 11 10 9 8 16 15 14 13 12 11 10 9 8 7 15 14 13 12 11 10 9 8 7 6 14 13 12 11 10 9 8 7 6 5 13 12 11 10 9 8 7 6 5 4 12 11 10 9 8 7 6 5 4 3 11 10 9 8 7 6 5 4 3 2 10 9 8 7 6 5 4 3 2 1 9 8 7 6 5 4 3 2 1 0 10 9 8 7 6 5 4 3 2 1 
9 10 11 12 13 14 15 16 17 18 8 9 10 11 12 13 14 15 16 17 7 8 9 10 11 12 13 14 15 16 6 7 8 9 10 11 12 13 14 15 5 6 7 8 9 10 11 12 13 14 4 5 6 7 8 9 10 11 12 13 3 4 5 6 7 8 9 10 11 12 2 3 4 5 6 7 8 9 10 11 1 2 3 4 5 6 7 8 9 10 0 1 2 3 4 5 6 7 8 9 
10 9 10 11 12 13 14 15 16 17 9 8 9 10 11 12 13 14 15 16 8 7 8 9 10 11 12 13 14 15 7 6 7 8 9 10 11 12 13 14 6 5 6 7 8 9 10 11 12 13 5 4 5 6 7 8 9 10 11 12 4 3 4 5 6 7 8 9 10 11 3 2 3 4 5 6 7 8 9 10 2 1 2 3 4 5 6 7 8 9 1 0 1 2 3 4 5 6 7 8 
11 10 9 10 11 12 13 14 15 16 10 9 8 9 10 11 12 13 14 15 9 8 7 8 9 10 11 12 13 14 8 7 6 7 8 9 10 11 12 13 7 6 5 6 7 8 9 10 11 12 6 5 4 5 6 7 8 9 10 11 5 4 3 4 5 6 7 8 9 10 4 3 2 3 4 5 6 7 8 9 3 2 1 2 3 4 5 6 7 8 2 1 0 1 2 3 4 5 6 7 
12 11 10 9 10 11 12 13 14 15 11 10 9 8 9 10 11 12 13 14 10 9 8 7 8 9 10 11 12 13 9 8 7 6 7 8 9 10 11 12 8 7 6 5 6 7 8 9 10 11 7 6 5 4 5 6 7 8 9 10 6 5 4 3 4 5 6 7 8 9 5 4 3 2 3 4 5 6 7 8 4 3 2 1 2 3 4 5 6 7 3 2 1 0 1 2 3 4 5 6 
13 12 11 10 9 10 11 12 13 14 12 11 10 9 8 9 10 11 12 13 11 10 9 8 7 8 9 10 11 12 10 9 8 7 6 7 8 9 10 11 9 8 7 6 5 6 7 8 9 10 8 7 6 5 4 5 6 7 8 9 7 6 5 4 3 4 5 6 7 8 6 5 4 3 2 3 4 5 6 7 5 4 3 2 1 2 3 4 5 6 4 3 2 1 0 1 2 3 4 5 
14 13 12 11 10 9 10 11 12 13 13 12 11 10 9 8 9 10 11 12 12 11 10 9 8 7 8 9 10 11 11 10 9 8 7 6 7 8 9 10 10 9 8 7 6 5 6 7 8 9 9 8 7 6 5 4 5 6 7 8 8 7 6 5 4 3 4 5 6 7 7 6 5 4 3 2 3 4 5 6 6 5 4 3 2 1 2 3 4 5 5 4 3 2 1 0 1 2 3 4 
15 14 13 12 11 10 9 10 11 12 14 13 12 11 10 9 8 9 10 11 13 12 11 10 9 8 7 8 9 10 12 11 10 9 8 7 6 7 8 9 11 10 9 8 7 6 5 6 7 8 10 9 8 7 6 5 4 5 6 7 9 8 7 6 5 4 3 4 5 6 8 7 6 5 4 3 2 3 4 5 7 6 5 4 3 2 1 2 3 4 6 5 4 3 2 1 0 1 2 3 
16 15 14 13 12 11 10 9 10 11 15 14 13 12 11 10 9 8 9 10 14 13 12 11 10 9 8 7 8 9 13 12 11 10 9 8 7 6 7 8 12 11 10 9 8 7 6 5 6 7 11 10 9 8 7 6 5 4 5 6 10 9 8 7 6 5 4 3 4 5 9 8 7 6 5 4 3 2 3 4 8 7 6 5 4 3 2 1 2 3 7 6 5 4 3 2 1 0 1 2 
17 16 15 14 13 12 11 10 9 10 16 15 14 13 12 11 10 9 8 9 15 14 13 12 11 10 9 8 7 8 14 13 12 11 10 9 8 7 6 7 13 12 11 10 9 8 7 6 5 6 12 11 10 9 8 7 6 5 4 5 11 10 9 8 7 6 5 4 3 4 10 9 8 7 6 5 4 3 2 3 9 8 7 6 5 4 3 2 1 2 8 7 6 5 4 3 2 1 0 1 
18 17 16 15 14 13 12 11 10 9 17 16 15 14 13 12 11 10 9 8 16 15 14 13 12 11 10 9 8 7 15 14 13 12 11 10 9 8 7 6 14 13 12 11 10 9 8 7 6 5 13 12 11 10 9 8 7 6 5 4 12 11 10 9 8 7 6 5 4 3 11 10 9 8 7 6 5 4 3 2 10 9 8 7 6 5 4 3 2 1 9 8 7 6 5 4 3 2 1 0 
0 16 40 5 39 7 22 48 82 56 24 75 6 90 35 51 60 15 26 24 87 20 23 67 33 14 47 33 72 14 91 95 14 58 7 8 23 48 85 14 74 56 84 80 90 43 29 57 92 97 70 85 84 50 68 50 63 9 33 24 43 73 93 66 44 57 49 38 79 46 65 48 3 73 76 1 39 24 31 31 14 22 23 94 7 15 80 78 74 90 16 90 23 62 3 73 80 58 36 27 
1 0 31 29 93 75 17 73 72 97 29 26 57 48 75 72 29 73 91 75 15 54 36 57 48 75 79 47 27 44 32 27 13 22 67 52 91 87 16 38 37 85 88 91 86 58 43 56 61 5 79 88 96 92 32 17 16 54 1 77 42 62 53 1 80 33 53 69 1 23 92 90 39 79 88 63 20 54 65 93 25 64 61 54 36 54 24 32 96 52 99 79 92 18 78 94 68 92 18 38 
84 98 0 67 85 58 39 73 88 3 50 28 78 2 72 42 59 57 40 36 33 77 71 99 78 47 60 79 61 35 51 16 11 92 13 76 74 72 1 14 10 45 41 68 24 26 73 58 15 25 61 87 86 9 98 86 56 73 3 53 14 46 96 34 88 32 91 91 10 4 86 99 78 98 87 63 3 96 62 36 20 96 99 6 57 77 96 56 97 87 22 33 75 4 59 2 76 74 42 28 
93 12 26 0 43 54 67 83 13 89 37 94 54 87 75 55 78 52 61 33 17 22 13 86 97 51 16 72 73 22 23 76 62 5 88 5 21 52 51 41 78 32 75 68 76 39 82 17 40 53 30 14 58 1 27 6 77 5 43 80 94 21 90 42 7 62 14 60 64 87 81 1 71 7 22 76 1 19 46 52 68 35 90 53 54 60 5 13 7 6 72 30 68 42 14 86 28 98 89 4 
58 24 24 16 0 58 28 76 84 65 5 27 63 78 51 52 30 17 38 95 55 20 92 2 11 51 31 5 1 80 19 85 84 30 89 29 75 93 4 83 34 29 23 32 82 3 76 50 12 85 21 67 57 70 89 41 65 62 44 5 78 33 96 74 83 32 69 80 22 96 66 92 25 23 43 89 87 68 89 80 85 45 34 47 92 50 29 40 78 38 76 45 13 3 22 60 87 75 83 55 
36 91 3 66 12 0 75 36 13 63 23 31 25 89 94 38 88 60 91 33 64 81 14 30 82 12 90 4 30 89 98 9 84 1 65 68 87 8 61 46 79 10 36 49 22 16 77 44 16 98 73 32 64 33 45 25 37 81 10 74 31 14 82 81 58 41 25 71 54 37 19 19 29 52 19 86 75 46 53 33 99 63 2 43 26 14 61 95 13 45 89 77 9 22 97 36 66 56 36 45 
52 22 40 23 61 63 0 89 13 50 68 24 9 20 9 23 1 10 74 41 69 3 86 15 35 23 38 95 63 76 42 54 37 45 5 99 79 33 27 9 39 87 63 86 16 93 98 60 62 18 20 39 38 4 62 80 20 56 57 21 74 23 65 32 58 84 3 69 18 29 18 27 25 27 33 52 20 43 9 90 37 13 28 38 9 6 31 65 89 66 3 62 73 88 5 10 16 85 27 72 
57 40 22 82 13 51 83 0 73 4 69 36 91 7 74 48 26 25 16 39 28 14 46 74 64 57 71 67 3 65 90 34 96 2 65 79 76 82 48 31 95 83 83 67 9 75 43 18 81 93 44 50 52 67 43 23 95 33 20 62 97 88 42 5 92 91 81 56 87 57 21 8 10 28 15 22 97 49 40 53 45 90 46 77 80 69 19 16 6 96 24 33 83 72 48 26 45 67 52 37 
87 1 23 53 63 1 18 70 0 94 43 40 21 74 93 51 19 38 71 71 71 39 66 12 91 6 68 97 77 69 36 85 22 11 14 75 84 48 1 80 95 24 94 42 31 12 42 1 81 61 5 98 28 13 57 4 43 36 73 13 75 95 39 41 64 86 43 28 22 54 80 95 85 98 83 67 11 34 83 64 87 99 1 33 23 10 54 78 36 26 62 53 12 98 98 9 61 37 29 7 
77 22 72 19 2 85 15 56 11 0 61 68 21 45 33 41 65 77 53 14 73 41 67 49 9 5 78 18 55 67 57 68 68 18 85 61 12 55 40 38 49 59 23 99 15 48 42 68 56 12 57 29 21 15 76 20 38 85 56 47 30 57 66 84 54 89 45 47 46 40 68 44 91 6 75 55 99 70 70 27 88 74 4 4 53 37 81 18 84 46 32 1 7 6 24 15 11 89 22 7 
85 99 74 59 9 80 15 94 94 27 0 21 6 24 22 2 43 6 27 81 37 45 61 22 39 80 46 32 12 20 40 46 64 22 12 28 34 79 13 82 74 29 41 59 64 20 57 49 75 29 64 80 86 31 47 85 75 98 18 6 50 41 97 49 72 66 77 82 84 66 64 49 70 97 98 8 27 19 19 84 67 23 75 58 76 85 72 2 84 69 87 84 37 42 77 90 90 47 93 47 
86 71 66 69 56 73 77 76 8 62 94 0 45 3 32 88 69 24 22 78 6 83 55 78 11 18 11 3 92 85 44 93 1 40 99 71 23 82 44 36 50 41 31 53 63 92 73 11 67 90 88 33 4 63 41 7 65 56 63 78 14 76 13 13 18 76 21 48 77 73 9 83 94 32 46 74 60 24 78 29 67 5 32 59 39 34 37 46 50 12 26 94 53 51 29 97 71 85 63 79 
61 98 74 48 62 29 39 26 62 83 97 14 0 53 80 25 88 62 70 75 61 69 43 82 67 72 66 23 47 56 35 71 77 49 25 78 50 88 92 56 22 48 51 56 63 98 97 1 75 56 10 81 41 59 27 57 2 33 12 38 51 60 50 47 70 8 40 22 96 40 16 22 70 19 24 53 20 58 51 73 30 79 76 99 23 25 78 29 58 55 28 23 43 21 32 37 86 90 77 80 
95 91 57 58 57 75 31 99 67 55 12 52 83 0 83 7 33 75 67 66 77 2 52 37 7 4 66 29 30 75 35 72 64 33 96 95 67 36 28 59 22 24 56 67 73 44 61 43 67 85 86 65 55 75 55 31 95 10 51 40 74 98 69 74 14 34 82 98 76 56 56 40 51 80 62 20 98 89 65 80 92 71 83 32 22 30 56 80 68 52 27 5 20 99 72 88 69 29 84 26 
68 86 36 78 49 91 80 8 53 84 57 27 24 48 0 83 51 41 2 82 57 10 41 94 24 14 65 28 85 85 21 58 24 45 11 94 50 7 85 69 75 52 99 8 33 53 95 82 57 78 57 30 96 45 54 37 44 2 72 40 57 36 6 8 76 36 75 6 87 24 81 53 10 37 12 68 23 60 50 41 25 5 16 67 37 93 76 99 56 58 64 3 3 53 53 87 93 96 97 5 
87 95 94 72 70 2 73 39 6 9 44 61 91 31 98 0 59 62 6 5 68 43 46 66 15 94 42 4 9 24 61 35 46 82 4 11 60 46 56 1 69 32 46 75 32 40 20 43 83 95 48 31 19 79 37 96 18 35 33 71 51 47 7 19 24 63 89 24 59 25 47 30 58 33 60 51 9 76 58 90 51 99 5 44 65 81 57 65 82 19 24 78 78 28 82 10 43 41 29 55 
40 5 67 85 25 15 95 47 28 51 85 91 88 81 67 5 0 75 52 67 42 12 54 44 96 87 18 75 70 14 1 69 94 44 55 96 49 98 77 98 28 12 92 54 87 53 96 42 91 32 47 17 24 92 40 13 81 99 80 77 12 72 8 2 94 66 48 81 75 66 39 42 86 56 28 26 17 84 80 41 86 84 55 94 57 66 17 62 3 13 58 54 15 32 43 84 85 90 79 93 
30 53 23 49 60 25 9 36 49 61 75 89 50 62 6 41 14 0 90 31 8 93 92 58 86 31 85 68 13 79 43 93 37 57 66 97 63 61 21 66 54 7 61 37 77 64 47 20 58 23 37 3 30 77 34 15 38 32 35 32 71 38 95 72 38 92 36 72 15 72 64 48 86 66 76 17 86 85 18 6 14 97 86 26 55 99 72 90 49 5 86 25 26 65 55 61 40 99 13 39 
12 64 98 97 86 23 79 80 11 2 82 22 84 65 71 24 24 78 0 95 66 68 7 15 26 9 70 62 13 43 66 44 57 83 26 35 91 49 13 64 63 56 98 18 83 44 67 7 48 56 25 28 95 87 37 83 99 72 24 74 69 74 40 43 26 9 54 11 85 97 78 24 67 81 13 46 23 91 1 26 7 79 51 41 33 79 66 52 85 26 51 28 10 61 91 79 13 31 77 53 
53 2 4 79 52 44 68 71 7 16 20 84 15 50 22 80 10 43 23 0 56 87 65 70 20 36 72 23 33 94 83 84 5 20 39 28 31 24 91 67 53 50 16 9 79 28 47 18 51 41 77 26 57 10 24 31 73 7 97 64 33 9 90 68 34 28 56 36 7 71 38 30 23 16 31 86 50 27 50 15 30 60 73 54 56 11 43 83 72 22 64 73 53 41 50 15 16 2 52 49 
80 27 94 65 52 52 1 42 34 57 37 15 55 28 94 1 35 76 1 79 0 1 76 54 52 45 51 94 69 81 76 1 13 29 30 7 5 54 1 57 86 73 36 76 41 73 28 83 91 71 78 13 33 27 36 9 85 82 54 70 72 38 82 55 11 62 91 45 68 45 74 64 4 81 60 90 68 3 53 64 23 75 48 94 24 85 96 39 89 54 99 25 44 64 75 21 91 34 6 32 
77 47 81 50 15 9 95 96 81 44 78 38 37 54 80 8 23 19 75 32 55 0 98 41 25 47 70 76 82 73 74 73 66 1 12 67 70 27 64 99 40 32 80 71 84 39 44 66 4 6 87 75 70 13 93 79 88 17 88 31 9 15 82 75 77 40 68 51 89 14 49 12 51 63 98 91 52 70 47 81 47 85 88 38 60 7 42 27 12 76 37 1 75 85 23 7 6 34 29 40 
37 40 42 88 80 60 16 51 76 17 72 39 68 14 1 50 1 82 49 67 59 35 0 35 70 12 63 75 83 61 72 73 97 56 90 74 25 54 56 9 96 26 81 7 77 29 60 56 99 33 30 86 48 69 36 45 4 33 68 95 68 31 16 26 92 8 13 43 73 13 92 12 97 10 19 67 87 39 91 72 15 44 41 4 57 86 32 10 36 25 51 71 28 97 31 10 10 45 72 17 
49 85 98 3 38 79 58 26 62 2 55 50 2 48 59 18 20 7 91 94 8 45 94 0 10 55 10 15 30 23 21 44 77 88 99 34 31 15 14 13 68 23 66 7 90 99 97 84 72 85 81 99 42 58 88 83 41 80 84 10 95 64 26 27 54 60 12 15 48 60 14 96 49 70 8 36 17 98 49 29 30 53 85 94 75 23 27 82 9 87 96 65 85 38 82 50 18 49 88 83 
58 66 23 99 22 23 38 43 25 2 4 21 58 28 26 54 83 83 16 41 35 40 88 50 0 82 37 74 81 53 2 24 71 33 33 6 92 3 55 75 72 36 19 51 65 57 17 52 52 56 52 85 65 8 1 44 76 39 57 56 97 87 27 16 24 65 66 97 81 74 82 12 86 37 36 33 95 83 7 43 72 48 16 84 78 72 83 30 80 61 63 54 49 35 39 72 30 78 39 73 
57 35 9 61 25 10 48 84 42 20 90 32 48 30 48 89 74 57 44 57 55 23 11 24 77 0 1 1 45 17 60 33 38 98 15 8 44 63 40 23 53 85 23 96 39 64 57 53 34 78 63 9 26 55 32 68 39 43 34 4 22 96 5 28 83 39 57 77 3 99 12 99 85 1 38 24 89 55 5 56 9 45 36 79 75 34 29 12 17 64 65 60 71 57 27 15 63 9 58 17 
62 25 83 76 6 21 75 14 7 29 93 87 1 93 87 19 78 66 92 17 86 78 30 85 82 32 0 15 87 69 74 88 37 3 63 80 42 2 27 40 34 7 63 9 26 85 50 1 83 15 35 49 57 82 70 11 18 99 74 34 28 10 51 1 67 60 24 27 47 78 58 49 81 41 1 28 96 73 76 91 79 84 15 95 3 59 10 57 75 24 49 72 25 23 39 49 52 55 43 72 
33 74 81 48 31 6 18 12 40 60 14 39 76 87 24 61 46 37 23 18 5 52 69 90 31 70 61 0 53 69 96 76 75 4 1 27 49 23 72 35 27 7 77 91 92 74 79 38 73 80 61 57 49 5 1 88 95 1 29 66 48 91 75 52 3 59 99 11 99 92 80 24 87 99 1 34 33 1 16 62 67 84 61 23 88 1 5 83 62 98 37 22 41 27 3 52 51 82 36 84 
32 38 7 41 91 1 65 7 1 75 98 79 48 14 58 17 38 16 69 67 40 44 60 85 34 27 79 89 0 29 46 46 32 36 80 91 3 15 16 51 52 66 10 12 75 26 18 31 48 26 67 73 92 7 87 41 67 48 72 33 24 36 2 26 50 5 19 47 12 63 90 18 47 3 27 17 71 57 83 1 93 39 72 46 84 7 99 32 97 90 99 96 10 89 1 39 59 59 47 95 
33 58 65 11 73 43 5 90 48 60 58 23 58 74 82 6 60 8 37 44 24 13 14 31 2 63 82 3 95 0 11 9 48 93 77 43 49 67 64 69 30 7 37 10 45 38 19 1 57 76 46 77 55 98 22 89 14 30 34 26 57 94 64 29 38 80 90 80 71 33 61 26 24 53 52 36 31 87 50 21 45 59 71 86 25 69 17 39 22 47 94 62 97 39 35 23 29 66 63 7 
36 70 59 24 2 19 98 5 67 2 58 35 37 76 12 52 39 74 43 54 10 56 58 76 59 6 43 26 3 44 0 65 68 72 27 84 87 44 5 47 32 99 33 89 70 79 32 89 88 73 41 71 30 95 97 77 49 27 65 60 96 18 39 22 29 68 25 36 58 95 58 52 53 83 36 9 31 92 34 31 51 81 48 33 32 76 89 45 7 73 72 2 28 15 93 93 8 54 81 13 
32 28 32 61 68 44 86 80 37 78 70 77 78 94 40 97 26 13 79 24 99 42 82 75 56 21 36 23 27 94 79 0 21 24 52 78 51 15 32 13 86 71 41 26 63 4 74 24 67 40 97 77 12 7 68 23 20 49 36 96 66 75 15 33 48 32 69 46 74 58 51 4 46 96 23 63 53 78 70 40 37 81 41 36 99 15 41 11 6 74 2 96 96 79 70 89 68 81 64 28 
76 49 34 4 46 54 11 67 74 63 72 13 82 99 37 14 85 56 26 59 2 40 35 38 40 64 44 14 99 1 11 58 0 80 69 58 86 94 90 53 38 75 21 71 76 52 24 63 8 46 1 17 70 19 70 55 97 16 9 67 66 43 67 81 13 94 13 24 8 36 78 67 88 69 65 43 39 71 96 3 88 59 37 32 11 47 79 35 47 28 17 84 17 98 52 81 50 55 85 57 
65 66 10 18 1 25 67 53 68 22 83 89 56 47 29 32 15 79 23 30 35 48 95 48 19 63 51 5 1 38 71 74 80 0 92 43 45 75 2 60 76 7 28 79 90 33 81 44 11 49 74 97 7 20 75 27 13 47 49 74 82 21 87 27 47 66 81 24 45 66 78 12 94 72 73 5 40 94 94 86 7 95 96 31 87 5 1 54 87 48 9 3 42 84 96 31 40 98 97 44 
3 26 61 2 14 69 21 22 47 45 85 23 86 81 54 76 78 48 7 28 76 5 4 1 93 70 63 92 92 63 91 21 85 7 0 10 91 89 53 92 51 36 75 5 22 99 69 30 87 40 40 46 88 67 68 98 7 32 12 88 52 1 76 13 94 60 29 28 51 60 95 34 73 24 19 15 53 6 59 85 63 46 62 5 38 2 35 1 27 10 90 78 77 40 84 12 2 38 38 2 
67 81 73 91 69 82 30 59 48 23 80 41 34 90 31 20 61 98 16 62 72 70 76 5 44 59 26 89 20 4 82 95 52 25 96 0 50 1 69 7 5 86 14 18 4 48 39 42 33 23 35 26 47 51 64 39 6 53 23 27 50 62 41 89 67 48 70 45 16 49 30 4 93 59 12 9 30 26 31 40 93 63 71 20 69 43 89 19 86 66 80 29 4 74 45 53 77 90 7 24 
41 17 2 38 67 99 45 44 37 83 72 33 15 30 58 2 43 40 11 36 86 45 77 90 51 62 45 67 36 99 75 7 63 3 53 36 0 2 87 51 1 59 62 96 97 73 95 59 18 21 98 52 83 33 84 11 12 3 96 62 72 76 1 68 52 26 10 47 49 32 53 20 56 35 50 95 55 56 61 34 90 59 80 46 3 35 9 57 84 62 25 20 89 94 28 71 49 2 78 34 
94 95 48 70 76 56 33 22 50 89 21 88 58 5 78 92 38 33 37 3 83 87 59 14 60 1 25 91 39 89 97 2 48 43 9 74 49 0 25 24 2 56 3 69 1 76 87 49 23 93 31 77 14 94 99 79 71 17 95 77 40 95 39 98 81 31 78 51 13 49 64 27 2 35 82 86 86 56 98 28 30 41 10 64 1 82 46 8 97 58 23 59 28 24 96 17 37 23 19 52 
58 65 53 11 32 12 7 39 8 70 67 4 54 98 54 56 61 62 97 54 55 48 90 43 66 81 87 45 61 31 73 43 49 26 37 34 87 77 0 66 14 55 17 21 2 96 34 33 59 88 73 58 55 72 69 24 97 4 95 88 89 3 55 60 89 44 62 7 90 76 56 55 84 12 57 1 39 60 41 17 64 47 5 71 27 40 58 20 33 55 43 90 24 17 42 41 90 45 17 14 
50 77 48 85 60 9 3 69 39 35 27 15 85 65 18 55 33 1 92 39 55 94 54 44 17 13 1 83 12 90 77 11 8 51 88 42 35 23 71 0 83 89 8 71 30 61 69 83 47 16 96 37 17 30 28 30 22 72 93 11 61 42 41 63 58 7 92 2 12 32 77 35 53 25 48 39 68 66 66 4 92 54 76 31 85 90 15 87 93 1 88 27 60 72 13 62 94 1 77 99 
29 94 37 86 68 71 24 85 39 11 15 76 79 93 15 34 3 45 36 93 78 50 29 66 34 35 59 74 78 73 5 5 28 94 8 86 23 36 5 93 0 39 23 74 13 40 80 1 90 61 85 92 62 30 40 56 36 74 34 52 12 1 6 95 73 39 24 19 98 48 95 38 67 91 60 58 1 30 50 28 24 22 69 50 2 21 11 15 84 25 29 63 54 1 48 40 82 64 93 75 
97 41 79 38 42 42 43 74 30 9 46 2 2 82 46 9 36 14 73 43 75 67 99 50 24 92 19 32 76 16 62 53 70 66 94 93 61 77 11 11 73 0 84 70 82 92 74 13 17 98 15 41 20 39 3 61 59 8 6 1 47 27 56 44 62 13 67 15 84 22 83 73 50 82 24 11 14 40 20 69 66 97 2 89 60 17 93 75 55 92 52 9 60 15 39 87 43 55 65 2 
15 10 41 43 11 42 60 66 10 1 55 65 36 32 97 79 56 6 80 18 83 15 9 29 14 74 74 31 93 55 1 82 33 10 20 5 2 17 98 25 65 25 0 73 77 20 85 67 25 66 43 26 75 78 87 25 31 89 71 11 60 74 11 6 1 11 46 24 34 10 12 30 32 90 23 35 28 12 68 9 16 98 37 82 9 1 55 25 16 61 77 57 25 64 58 57 35 8 44 55 
30 38 7 14 10 99 20 72 71 49 8 3 95 47 96 33 10 45 10 20 44 65 87 8 10 63 79 19 25 88 75 67 94 40 60 71 19 76 71 87 89 2 64 0 46 70 6 95 69 36 74 80 30 40 41 25 54 16 56 31 93 30 32 91 40 82 51 92 54 43 37 78 63 91 4 90 31 85 21 43 4 91 11 34 69 7 52 39 66 16 95 8 56 8 92 37 39 30 51 6 
20 70 91 74 79 29 82 90 41 16 63 64 10 88 75 41 16 97 88 81 93 68 42 70 55 6 33 69 50 46 3 63 41 3 61 97 20 40 95 10 44 9 77 93 0 99 76 47 11 24 34 76 80 33 69 8 43 94 95 90 11 84 41 42 93 24 76 91 5 54 8 17 47 89 37 28 83 66 45 39 52 87 20 37 7 27 9 92 26 68 83 87 11 83 55 72 52 91 5 21 
15 56 45 86 36 84 80 11 61 13 54 38 96 70 31 25 96 98 50 11 80 80 61 99 45 8 47 91 51 3 24 69 76 55 40 1 35 14 42 72 65 61 3 97 79 0 21 11 55 9 45 98 49 80 33 99 53 44 34 99 5 74 42 37 85 51 31 67 59 96 77 73 57 91 37 23 82 95 44 94 99 93 25 34 60 51 89 80 39 43 72 29 85 63 92 62 74 60 63 43 
22 92 77 85 97 32 80 72 82 70 92 82 79 65 86 79 44 51 3 79 50 84 18 71 24 14 70 66 73 50 46 33 12 46 5 69 11 37 92 97 69 68 2 50 61 28 0 78 48 64 37 80 71 88 81 90 47 10 34 79 26 91 45 27 63 30 22 89 80 72 35 64 4 35 78 87 30 28 98 20 99 85 15 52 53 17 46 57 88 57 44 88 54 80 61 82 67 7 84 47 
78 54 4 43 42 19 84 97 43 22 97 58 5 10 31 87 40 33 51 84 56 15 45 69 98 54 41 23 43 81 19 84 32 44 65 60 49 77 83 39 53 24 59 54 51 81 22 0 45 14 31 67 58 84 84 84 23 61 25 12 62 47 51 94 70 72 46 67 77 90 69 50 89 46 41 56 31 83 81 53 97 67 34 59 74 9 13 52 36 55 81 1 21 75 46 7 39 81 8 98 
28 2 83 19 32 23 50 83 31 18 84 39 13 35 12 82 90 44 38 42 76 37 89 71 50 52 62 48 73 20 90 98 40 16 1 43 40 13 34 67 33 78 74 75 45 5 39 40 0 14 88 6 34 57 56 95 48 77 26 53 51 3 89 41 5 5 32 98 8 86 42 26 55 44 18 67 79 22 34 79 87 71 99 26 70 16 64 15 65 1 66 8 68 1 43 95 9 75 83 60 
4 60 41 77 11 30 68 82 72 24 31 70 50 63 11 65 62 14 73 47 5 23 9 48 9 15 5 79 48 58 83 67 92 9 61 19 94 40 6 36 29 85 33 51 7 18 32 81 46 0 17 12 1 3 98 72 93 45 42 32 34 3 73 86 72 2 37 2 87 41 93 36 72 98 97 54 27 48 47 25 41 88 94 63 93 85 1 49 12 32 10 14 10 40 31 14 57 35 1 84 
60 93 37 80 75 64 4 1 88 39 64 70 66 56 80 14 75 92 11 82 88 67 8 42 20 1 91 32 12 36 60 17 92 26 25 45 4 64 12 86 40 75 11 48 68 36 22 28 39 72 0 83 39 49 75 44 66 22 65 6 5 52 15 54 6 47 1 79 81 42 5 83 73 52 87 21 47 98 43 59 22 1 26 28 45 17 79 41 41 35 48 34 1 16 43 80 66 84 3 31 
87 57 97 29 20 38 69 28 88 15 20 84 9 49 96 70 86 48 1 24 66 28 17 57 59 5 32 50 82 36 78 34 73 59 53 24 15 46 12 67 82 64 10 97 74 41 56 38 7 46 3 0 22 75 26 98 42 47 32 42 59 85 85 1 32 89 60 61 26 33 43 54 43 44 91 47 69 30 52 31 35 11 94 92 21 53 18 69 73 74 69 86 1 45 5 95 82 57 44 55 
91 26 16 44 79 77 13 26 86 26 35 95 76 54 79 51 22 27 11 13 9 45 95 76 82 86 65 53 9 40 66 47 43 12 44 33 81 9 45 34 33 21 65 69 87 16 6 90 39 80 93 49 0 90 6 22 92 86 95 98 97 38 17 48 20 62 2 26 80 30 69 48 65 94 46 1 83 19 5 53 78 83 54 91 28 24 14 53 89 64 75 51 2 66 62 78 76 69 57 22 
86 56 29 71 51 86 1 72 73 22 73 71 12 84 95 48 63 68 79 43 18 98 62 38 80 25 40 10 66 85 83 65 5 84 64 86 49 96 56 72 29 8 4 98 96 78 56 5 86 46 66 1 1 0 81 34 17 1 42 69 64 24 84 80 87 24 89 60 32 6 51 5 75 12 1 86 97 72 63 32 16 3 47 88 27 73 94 85 98 84 36 44 14 95 11 63 23 68 87 38 
95 59 55 1 46 54 92 77 1 8 30 77 1 59 6 13 35 1 92 80 35 79 1 43 39 27 58 69 26 70 87 88 37 27 70 77 98 94 34 47 60 30 97 63 13 99 68 56 6 8 88 36 60 6 0 14 26 8 99 99 31 57 30 15 26 82 96 96 29 2 60 55 88 15 34 37 44 44 49 11 10 25 9 28 41 6 83 22 64 14 13 48 63 4 64 80 75 47 36 50 
59 33 61 22 5 46 43 76 91 79 18 25 58 46 10 26 97 5 36 84 94 37 87 50 34 80 82 63 59 56 55 26 44 64 37 93 81 1 48 78 15 98 31 76 29 83 15 62 60 34 49 1 42 44 92 0 36 86 33 79 36 52 8 31 93 97 43 57 85 78 53 63 48 3 65 52 32 1 33 98 37 12 15 89 2 16 42 77 94 97 43 32 97 53 71 30 90 93 57 3 
71 44 87 1 13 88 84 37 49 84 90 35 20 75 31 30 54 71 76 84 48 7 28 20 24 63 4 54 97 6 36 56 83 72 17 13 85 18 64 47 44 35 67 72 1 67 24 59 52 62 85 88 82 75 4 96 0 93 73 1 57 44 77 52 12 47 48 59 84 16 16 87 1 42 53 46 16 9 78 12 61 21 21 96 42 96 74 73 64 54 42 79 61 59 55 31 9 43 14 4 
36 27 19 64 86 74 98 75 76 84 32 66 89 34 22 23 74 1 97 14 78 15 83 73 40 60 86 97 62 69 10 28 1 11 68 53 4 51 16 73 46 89 89 69 60 81 89 42 4 59 62 45 28 16 18 52 54 0 11 12 97 6 55 69 77 63 80 56 48 32 56 10 21 21 36 47 84 50 45 37 3 62 59 3 83 73 2 85 84 81 57 32 58 72 62 46 30 48 37 34 
48 96 4 2 92 39 70 90 47 93 95 51 8 48 26 36 90 98 64 4 79 4 13 50 22 37 70 29 65 55 30 32 79 31 48 71 93 81 33 90 47 55 52 59 19 32 39 1 91 33 67 25 3 22 79 73 9 55 0 93 98 22 96 14 33 34 90 23 27 88 73 30 71 7 44 59 39 35 87 14 16 11 44 89 94 8 99 42 53 88 25 20 50 3 1 39 62 46 43 36 
16 35 38 12 72 15 81 33 28 68 81 37 42 78 71 14 22 77 62 59 65 74 33 91 86 44 60 78 70 82 37 59 8 99 13 12 20 28 29 49 18 91 73 40 44 23 95 62 62 28 40 13 44 73 43 83 20 54 18 0 86 8 60 71 86 60 96 50 36 53 52 73 86 47 27 47 56 19 59 96 50 13 57 27 62 57 2 70 99 12 36 23 98 79 48 98 69 3 52 61 
88 53 6 56 2 74 25 84 2 12 3 18 58 95 10 60 50 1 39 50 9 78 79 37 21 56 54 88 85 79 91 33 14 50 24 38 63 67 58 71 77 69 79 29 96 30 20 73 17 12 44 1 20 64 32 31 68 70 64 36 0 69 33 46 77 51 88 85 48 6 27 40 80 43 46 99 78 80 50 41 98 58 77 57 89 57 32 33 60 65 67 26 2 49 14 73 5 19 43 72 
20 60 93 55 57 53 40 92 7 40 27 44 96 42 29 46 24 21 17 81 84 16 18 50 53 9 67 73 18 61 47 50 86 28 99 97 82 19 23 9 33 82 39 17 27 25 58 11 43 66 68 70 98 96 72 79 82 96 70 11 2 0 64 50 41 17 89 5 69 39 52 67 43 27 39 75 37 71 28 30 17 4 74 12 98 61 90 94 24 30 90 20 79 72 40 18 22 22 65 3 
1 45 22 96 55 16 61 16 17 59 68 8 43 46 41 13 64 37 89 39 37 85 63 57 72 83 27 25 77 79 62 96 67 48 54 60 36 49 55 74 79 3 92 80 11 43 87 36 35 60 35 72 39 43 40 23 70 65 46 92 74 3 0 86 46 32 36 54 60 56 62 49 84 84 47 11 41 97 31 41 82 20 3 47 27 17 58 59 67 19 26 34 85 7 1 37 30 52 16 22 
82 62 2 19 23 19 12 42 6 76 99 85 8 30 7 92 81 17 43 74 98 9 82 5 39 33 44 79 77 50 97 55 77 25 55 59 87 56 57 2 83 54 19 22 20 36 81 86 84 87 41 17 81 3 70 45 53 35 82 10 55 41 96 0 61 50 2 78 88 52 22 58 54 63 66 90 92 85 88 15 78 11 30 15 82 83 72 62 64 79 36 46 90 84 79 22 79 83 79 23 
67 38 1 73 71 3 19 3 88 1 1 10 61 51 14 35 95 52 69 34 64 7 78 15 4 79 60 13 77 81 87 65 26 76 65 13 79 72 90 56 54 10 98 59 18 50 3 83 10 70 8 40 16 84 67 79 64 29 31 61 99 10 25 10 0 91 58 93 4 49 56 15 8 17 77 32 89 96 46 24 39 80 92 68 28 36 18 41 57 55 27 56 83 77 86 75 84 49 15 17 
96 49 57 81 41 73 67 84 84 77 55 45 68 69 17 70 71 78 94 96 65 48 58 39 29 26 2 42 56 62 48 13 84 54 73 43 18 66 59 91 42 26 96 24 97 29 63 95 79 15 93 49 92 65 20 94 19 5 52 46 68 73 46 91 79 0 18 5 78 46 11 90 34 95 12 78 50 57 52 18 26 93 48 63 38 44 86 54 47 56 96 76 19 18 49 97 32 64 11 51 
10 61 49 50 31 82 94 87 16 73 64 67 91 8 73 16 47 97 35 14 5 53 19 73 70 35 90 85 79 15 90 20 77 92 99 69 86 75 7 19 39 65 40 4 5 42 27 75 47 8 88 6 52 26 13 87 66 65 51 59 11 38 12 34 70 52 0 73 31 70 2 8 55 65 84 81 30 73 64 86 43 16 85 65 78 95 54 5 84 5 11 76 81 59 21 19 34 5 29 30 
78 90 75 83 39 17 77 83 19 40 51 50 53 36 3 62 60 16 14 93 10 50 52 20 95 2 46 92 12 8 37 81 12 84 3 70 26 44 91 78 72 95 91 44 22 26 83 47 72 4 70 11 37 33 82 42 91 12 76 26 3 13 75 19 34 36 30 0 73 62 9 32 26 79 71 66 77 14 81 3 47 5 54 48 83 74 11 45 31 90 7 3 87 84 57 9 82 10 72 80 
74 19 41 40 73 22 20 12 42 73 43 90 35 29 30 95 12 47 98 1 68 74 66 98 52 10 96 78 25 26 20 7 48 93 66 53 59 80 11 20 29 88 8 25 4 47 38 46 91 73 42 6 52 95 84 97 65 14 47 45 75 44 98 1 13 42 82 43 0 21 72 17 12 17 89 11 86 96 14 55 53 20 42 33 8 95 15 23 63 40 25 1 3 18 91 90 52 4 76 8 
41 22 33 69 27 30 26 58 96 75 81 17 41 48 75 52 76 34 76 53 95 2 9 33 93 99 10 2 41 77 45 46 34 15 94 53 93 9 65 23 66 79 77 75 23 1 47 16 48 17 75 91 45 45 47 97 61 79 18 92 92 59 28 77 35 34 78 22 19 0 85 69 48 42 61 90 14 58 56 83 58 76 91 73 68 56 2 80 87 92 61 38 49 14 44 32 46 22 11 29 
22 73 70 60 89 36 8 54 53 49 2 39 38 81 17 77 84 93 85 41 72 58 64 68 93 33 80 2 73 86 95 66 32 3 17 4 1 30 16 40 4 71 55 71 49 67 56 22 42 44 86 43 2 68 63 14 37 18 1 53 1 68 86 33 27 68 15 26 56 23 0 29 71 90 44 55 35 1 2 26 35 13 85 81 4 40 14 79 96 61 74 18 77 93 1 80 78 36 42 48 
47 22 90 73 97 9 65 59 93 84 11 29 2 23 46 37 15 74 14 92 8 88 64 1 19 64 23 5 20 60 86 32 53 97 15 47 77 96 27 56 38 7 51 4 53 45 63 27 43 74 45 98 5 67 55 58 24 89 46 19 23 66 39 19 32 45 7 26 98 2 92 0 23 97 18 76 72 13 11 7 64 79 53 56 5 76 25 4 31 47 94 31 76 87 12 59 48 96 52 96 
1 71 38 72 26 64 95 57 77 60 51 54 55 50 34 1 21 43 73 89 71 59 81 49 43 16 61 94 10 92 39 91 39 82 49 11 23 2 31 3 53 92 69 88 53 91 96 26 24 16 56 26 74 9 14 42 29 99 17 53 8 54 36 10 22 5 78 80 14 8 12 83 0 94 70 4 70 59 92 27 12 66 86 12 89 21 18 83 41 26 86 89 8 88 18 80 76 25 77 10 
5 7 76 68 78 34 67 78 20 34 87 32 10 95 63 6 87 58 38 11 57 90 73 42 96 70 5 6 40 94 89 23 89 50 6 52 57 12 23 27 43 74 33 10 1 48 74 14 34 51 33 14 94 64 68 62 58 11 65 75 66 38 75 77 27 1 45 27 39 57 30 92 12 0 54 82 30 57 21 61 76 86 89 76 86 45 48 17 91 60 81 21 55 29 67 85 85 43 75 88 
97 58 51 87 32 21 75 40 55 23 72 94 17 32 56 35 88 78 85 44 40 74 75 37 20 92 98 81 2 57 89 12 45 62 34 52 87 40 95 7 11 93 52 25 74 37 29 36 36 63 55 68 15 60 71 31 81 28 77 41 3 58 82 93 93 41 41 75 53 36 28 48 97 10 0 20 84 66 43 75 70 48 36 96 40 21 13 11 53 7 40 52 2 47 13 60 91 44 54 76 
64 95 16 91 54 84 13 15 98 41 93 50 71 13 77 61 70 98 57 74 98 31 71 84 33 93 17 7 18 57 83 65 79 99 87 42 58 71 28 75 70 97 28 48 41 2 17 6 74 89 95 46 68 79 98 74 22 98 9 94 98 55 41 68 7 87 75 65 9 19 52 26 53 76 64 0 29 65 51 79 32 22 29 26 44 72 3 36 65 5 8 72 61 8 51 98 99 64 17 57 
73 82 93 40 57 58 76 93 17 38 32 89 85 87 42 31 63 32 36 78 1 92 65 39 30 39 25 97 57 27 2 78 54 55 7 75 63 19 94 84 5 25 32 89 8 45 57 25 90 14 82 78 85 61 81 49 48 27 97 45 80 96 5 26 79 81 71 4 35 48 52 28 6 15 94 25 0 90 96 54 88 12 47 23 42 55 5 96 89 30 2 83 9 43 13 71 89 54 49 51 
34 89 14 91 19 42 68 87 27 15 13 63 5 19 68 51 9 95 73 51 48 28 85 77 40 92 65 85 69 15 34 25 68 34 21 25 58 84 10 70 97 96 85 40 57 27 62 38 38 44 77 9 73 91 53 79 68 92 68 96 68 28 11 87 19 47 49 14 62 77 19 73 28 46 21 50 31 0 11 4 26 32 65 85 6 1 43 33 91 19 86 85 63 90 40 45 21 11 87 32 
38 68 52 22 66 55 92 75 3 74 18 1 36 74 20 38 56 66 32 91 1 13 35 71 63 24 30 64 46 98 50 45 58 31 18 69 86 18 22 33 12 79 43 38 34 42 97 17 39 18 17 99 23 53 93 55 97 28 16 17 51 39 46 91 63 55 83 65 27 24 80 98 93 12 21 55 90 89 0 21 72 72 10 14 35 65 29 30 1 70 97 62 12 36 96 55 17 3 33 80 
47 92 6 67 20 35 53 93 77 28 81 74 25 52 46 18 58 73 88 41 44 53 64 47 40 72 64 65 1 32 57 23 26 27 93 77 91 37 59 49 80 94 86 27 63 83 2 85 34 48 24 7 45 29 11 37 4 13 26 89 97 2 53 45 40 43 86 55 25 29 69 59 14 82 45 44 41 23 79 0 88 74 47 90 64 68 72 33 74 5 12 35 31 60 87 14 58 43 71 38 
59 33 81 22 1 61 65 55 34 93 68 28 31 61 86 25 51 25 72 41 98 44 40 62 27 5 77 1 45 90 82 8 94 52 21 17 52 1 96 93 85 54 95 80 50 28 10 13 74 64 85 94 95 92 93 28 41 60 76 28 37 96 37 20 41 35 77 81 98 44 16 45 98 73 93 29 43 96 3 99 0 86 79 40 32 81 8 35 74 19 78 11 85 76 76 94 41 39 59 89 
15 32 5 49 95 20 91 82 4 67 80 79 91 73 89 90 63 94 24 64 76 24 78 12 49 62 73 28 89 85 69 29 15 62 25 53 53 47 51 6 73 40 72 23 49 21 55 43 45 83 48 60 71 64 15 61 59 1 57 61 15 1 95 94 87 88 28 3 88 34 80 53 2 71 45 51 54 35 92 11 71 0 49 55 1 81 11 17 34 53 46 9 1 59 9 43 34 32 60 99 
68 24 58 65 90 70 21 72 94 41 5 89 93 65 93 19 99 84 14 98 8 84 3 29 69 83 10 34 19 87 1 97 74 84 45 5 70 25 96 96 85 24 84 42 47 89 74 56 61 52 73 28 28 68 38 89 83 1 74 11 60 91 72 31 47 63 46 57 15 48 95 91 58 16 80 96 55 36 42 29 66 19 0 51 78 61 62 81 71 61 4 79 44 82 58 50 81 43 35 40 
43 22 89 74 53 17 10 77 23 60 18 39 21 38 82 20 81 53 93 58 17 68 91 73 78 66 49 69 65 20 84 55 67 57 83 16 62 38 7 1 80 74 17 11 53 58 90 84 98 20 57 83 1 33 13 3 1 73 22 76 70 90 63 65 34 53 34 91 49 13 34 51 2 9 82 17 42 18 64 53 53 97 27 0 9 20 43 18 19 78 65 46 84 61 26 62 7 78 19 58 
38 2 83 66 36 87 64 5 55 83 81 13 60 27 67 28 90 26 85 65 88 42 69 65 61 26 44 17 52 86 76 23 42 81 46 45 3 74 83 73 1 60 95 35 71 36 9 85 23 60 67 28 15 40 86 82 65 49 20 15 47 54 3 14 41 68 84 38 91 46 75 2 2 95 24 82 2 5 15 29 22 55 67 26 0 3 70 7 29 30 99 48 26 52 94 83 76 73 35 90 
27 79 25 71 86 29 73 53 25 30 75 67 42 89 95 51 80 92 91 15 35 71 55 23 11 11 69 72 48 97 43 4 98 55 63 67 56 27 84 13 60 70 11 14 8 26 64 63 26 31 27 75 82 96 42 1 68 43 54 69 30 59 20 17 72 70 65 96 58 77 55 1 40 31 68 17 85 98 24 13 99 26 95 17 23 0 80 29 23 9 20 4 68 17 25 44 98 40 91 46 
78 26 47 20 77 33 2 55 66 31 43 39 40 75 13 48 71 57 14 78 43 29 15 36 8 84 83 80 18 90 40 8 23 70 95 54 88 35 36 36 35 12 90 29 7 85 14 13 63 85 63 80 10 54 18 22 61 67 40 40 15 51 51 73 70 36 94 79 61 19 6 15 2 24 96 18 11 4 49 27 99 31 5 30 99 90 0 33 1 77 1 77 26 20 95 1 42 87 86 76 
38 37 70 79 52 42 9 95 7 47 2 6 97 57 68 44 14 23 44 67 97 51 48 69 38 65 27 12 69 27 18 68 11 73 8 69 46 97 4 94 20 21 78 79 13 89 62 50 40 23 10 74 38 8 47 12 98 84 87 57 42 1 33 42 90 41 64 56 92 1 34 51 62 18 30 87 29 9 38 84 60 97 82 5 54 49 3 0 43 67 16 84 4 1 54 39 48 45 25 73 
95 48 92 46 79 93 75 80 20 30 8 75 95 6 95 60 91 21 36 55 47 60 55 83 75 64 44 5 37 86 90 81 58 36 5 78 94 76 98 56 2 40 40 35 80 69 72 27 10 7 65 34 42 46 77 52 93 70 39 23 59 70 95 82 54 77 56 17 35 92 85 98 61 72 22 10 43 56 53 80 70 61 98 61 52 39 41 16 0 1 91 57 50 27 78 46 94 43 20 43 
1 90 17 8 84 66 88 50 99 34 58 53 28 8 69 18 32 39 94 6 67 13 19 2 12 6 15 59 42 90 37 16 14 31 14 91 97 37 58 19 1 63 22 74 30 63 85 62 44 87 6 22 51 98 41 68 77 42 69 28 82 81 38 1 43 83 8 48 49 40 5 14 19 17 2 92 40 28 81 87 14 19 28 11 28 84 49 53 63 0 26 99 74 79 36 43 85 23 51 92 
86 97 9 11 21 59 70 60 97 83 22 11 32 18 38 30 51 28 80 93 32 6 20 71 28 34 14 13 90 75 96 1 38 48 40 80 92 95 61 89 67 45 37 1 85 98 52 25 97 94 28 78 89 75 92 65 52 61 26 30 39 88 64 24 77 93 71 30 72 49 41 60 9 68 80 9 76 9 51 46 6 70 67 38 58 27 76 72 26 2 0 67 40 17 2 82 80 25 27 70 
13 25 56 70 62 42 34 3 68 9 39 35 21 26 66 64 26 35 80 30 67 24 81 75 11 4 89 45 14 40 5 57 87 17 84 68 43 97 32 39 69 62 91 39 33 55 87 28 79 79 33 21 74 21 38 12 46 97 19 77 78 57 22 79 98 96 81 54 60 3 51 85 23 28 80 25 72 5 66 16 95 38 45 5 52 82 13 43 89 63 49 0 9 10 71 54 38 61 21 33 
84 25 90 88 61 85 86 87 44 24 23 54 54 56 80 48 34 56 28 71 45 29 92 6 57 40 70 26 20 72 89 36 63 42 35 14 80 23 93 44 38 34 53 33 76 14 43 44 49 88 93 1 95 70 56 47 34 88 44 6 77 67 17 52 56 65 30 82 56 82 78 73 65 89 45 94 78 85 1 94 26 44 96 75 78 17 29 70 9 55 82 92 0 16 20 79 13 52 51 39 
93 47 72 91 58 41 40 18 97 5 73 33 35 84 90 43 73 73 2 58 92 29 47 32 84 41 71 20 59 91 84 30 43 54 68 31 10 92 54 27 14 99 1 24 93 96 1 48 6 3 43 73 24 70 96 76 65 80 37 85 44 24 68 80 12 58 15 89 44 79 4 87 46 26 43 94 34 2 43 11 55 35 85 53 35 17 1 49 49 79 88 67 14 0 69 8 13 8 81 71 
2 6 13 42 32 51 32 9 79 9 91 5 11 99 85 47 67 78 82 25 61 95 74 1 15 37 76 39 94 40 37 31 42 14 39 6 12 13 66 14 93 45 76 1 67 58 13 7 61 18 74 46 99 6 12 1 49 82 2 49 25 13 25 53 44 66 70 9 22 53 30 51 16 11 67 25 33 87 27 48 78 29 38 71 37 63 95 93 29 43 80 46 7 28 0 73 55 60 89 25 
91 63 91 88 1 20 15 31 87 97 74 31 51 32 33 50 73 1 58 63 29 68 32 93 63 67 49 62 2 9 72 49 33 18 69 78 95 1 16 43 78 10 52 16 53 2 7 78 78 44 92 75 95 38 93 3 43 85 44 95 56 15 79 93 66 38 79 64 54 4 27 5 16 4 30 15 34 56 36 73 35 40 25 91 98 78 93 32 85 50 77 31 96 99 99 0 28 6 66 34 
90 34 82 86 3 53 63 18 96 17 22 15 71 15 62 70 2 58 1 37 19 50 33 97 99 21 69 18 12 56 57 36 49 39 66 48 85 46 28 68 1 12 29 22 74 30 86 39 76 7 44 50 38 50 57 97 28 41 77 88 43 37 3 21 45 94 75 37 47 89 11 18 94 34 45 52 61 13 3 49 4 85 83 72 57 86 75 6 48 28 28 74 23 78 62 73 0 31 90 40 
17 62 9 88 95 85 66 94 75 59 97 6 50 14 97 20 8 38 54 31 57 42 5 31 32 4 15 21 83 8 82 9 36 34 72 54 41 21 85 76 83 97 1 2 76 98 97 71 25 81 22 87 78 15 70 94 5 77 18 28 38 41 50 63 75 11 21 17 95 4 42 2 90 82 11 23 15 70 96 85 9 62 95 75 87 77 33 90 14 18 1 40 93 34 8 63 28 0 57 57 
60 90 75 70 37 31 1 6 54 15 41 1 60 46 65 89 67 12 9 80 75 76 56 63 53 51 80 35 76 3 99 70 77 48 93 54 67 72 97 97 21 68 53 51 93 32 64 68 61 59 15 92 25 65 93 87 26 1 91 39 82 59 75 88 60 9 70 81 47 5 55 13 2 46 24 46 43 93 10 77 98 20 23 70 10 1 19 48 39 4 83 11 27 68 42 76 31 53 0 53 
82 97 10 35 73 28 50 84 70 60 27 45 13 65 21 88 81 1 81 60 96 11 32 18 88 72 20 1 45 98 2 48 49 81 64 74 23 91 93 91 95 70 9 22 1 74 66 31 64 77 87 45 14 51 17 77 26 41 49 45 52 47 17 6 3 4 24 25 37 29 90 64 45 67 32 54 16 8 78 29 14 4 48 3 93 51 17 89 99 87 46 34 28 26 90 48 23 78 73 0 
