100 1000
0 1 2 3 4 5 6 7 8 9 1 2 3 4 5 6 7 8 9 10 2 3 4 5 6 7 8 9 10 11 3 4 5 6 7 8 9 10 11 12 4 5 6 7 8 9 10 11 12 13 5 6 7 8 9 10 11 12 13 14 6 7 8 9 10 11 12 13 14 15 7 8 9 10 11 12 13 14 15 16 8 9 10 11 12 13 14 15 16 17 9 10 11 12 13 14 15 16 17 18 
1 0 1 2 3 4 5 6 7 8 2 1 2 3 4 5 6 7 8 9 3 2 3 4 5 6 7 8 9 10 4 3 4 5 6 7 8 9 10 11 5 4 5 6 7 8 9 10 11 12 6 5 6 7 8 9 10 11 12 13 7 6 7 8 9 10 11 12 13 14 8 7 8 9 10 11 12 13 14 15 9 8 9 10 11 12 13 14 15 16 10 9 10 11 12 13 14 15 16 17 
2 1 0 1 2 3 4 5 6 7 3 2 1 2 3 4 5 6 7 8 4 3 2 3 4 5 6 7 8 9 5 4 3 4 5 6 7 8 9 10 6 5 4 5 6 7 8 9 10 11 7 6 5 6 7 8 9 10 11 12 8 7 6 7 8 9 10 11 12 13 9 8 7 8 9 10 11 12 13 14 10 9 8 9 10 11 12 13 14 15 11 10 9 10 11 12 13 14 15 16 
3 2 1 0 1 2 3 4 5 6 4 3 2 1 2 3 4 5 6 7 5 4 3 2 3 4 5 6 7 8 6 5 4 3 4 5 6 7 8 9 7 6 5 4 5 6 7 8 9 10 8 7 6 5 6 7 8 9 10 11 9 8 7 6 7 8 9 10 11 12 10 9 8 7 8 9 10 11 12 13 11 10 9 8 9 10 11 12 13 14 12 11 10 9 10 11 12 13 14 15 
4 3 2 1 0 1 2 3 4 5 5 4 3 2 1 2 3 4 5 6 6 5 4 3 2 3 4 5 6 7 7 6 5 4 3 4 5 6 7 8 8 7 6 5 4 5 6 7 8 9 9 8 7 6 5 6 7 8 9 10 10 9 8 7 6 7 8 9 10 11 11 10 9 8 7 8 9 10 11 12 12 11 10 9 8 9 10 11 12 13 13 12 11 10 9 10 11 12 13 14 
5 4 3 2 1 0 1 2 3 4 6 5 4 3 2 1 2 3 4 5 7 6 5 4 3 2 3 4 5 6 8 7 6 5 4 3 4 5 6 7 9 8 7 6 5 4 5 6 7 8 10 9 8 7 6 5 6 7 8 9 11 10 9 8 7 6 7 8 9 10 12 11 10 9 8 7 8 9 10 11 13 12 11 10 9 8 9 10 11 12 14 13 12 11 10 9 10 11 12 13 
6 5 4 3 2 1 0 1 2 3 7 6 5 4 3 2 1 2 3 4 8 7 6 5 4 3 2 3 4 5 9 8 7 6 5 4 3 4 5 6 10 9 8 7 6 5 4 5 6 7 11 10 9 8 7 6 5 6 7 8 12 11 10 9 8 7 6 7 8 9 13 12 11 10 9 8 7 8 9 10 14 13 12 11 10 9 8 9 10 11 15 14 13 12 11 10 9 10 11 12 
7 6 5 4 3 2 1 0 1 2 8 7 6 5 4 3 2 1 2 3 9 8 7 6 5 4 3 2 3 4 10 9 8 7 6 5 4 3 4 5 11 10 9 8 7 6 5 4 5 6 12 11 10 9 8 7 6 5 6 7 13 12 11 10 9 8 7 6 7 8 14 13 12 11 10 9 8 7 8 9 15 14 13 12 11 10 9 8 9 10 16 15 14 13 12 11 10 9 10 11 
8 7 6 5 4 3 2 1 0 1 9 8 7 6 5 4 3 2 1 2 10 9 8 7 6 5 4 3 2 3 11 10 9 8 7 6 5 4 3 4 12 11 10 9 8 7 6 5 4 5 13 12 11 10 9 8 7 6 5 6 14 13 12 11 10 9 8 7 6 7 15 14 13 12 11 10 9 8 7 8 16 15 14 13 12 11 10 9 8 9 17 16 15 14 13 12 11 10 9 10 
9 8 7 6 5 4 3 2 1 0 10 9 8 7 6 5 4 3 2 1 11 10 9 8 7 6 5 4 3 2 12 11 10 9 8 7 6 5 4 3 13 12 11 10 9 8 7 6 5 4 14 13 12 11 10 9 8 7 6 5 15 14 13 12 11 10 9 8 7 6 16 15 14 13 12 11 10 9 8 7 17 16 15 14 13 12 11 10 9 8 18 17 16 15 14 13 12 11 10 9 
1 2 3 4 5 6 7 8 9 10 0 1 2 3 4 5 6 7 8 9 1 2 3 4 5 6 7 8 9 10 2 3 4 5 6 7 8 9 10 11 3 4 5 6 7 8 9 10 11 12 4 5 6 7 8 9 10 11 12 13 5 6 7 8 9 10 11 12 13 14 6 7 8 9 10 11 12 13 14 15 7 8 9 10 11 12 13 14 15 16 8 9 10 11 12 13 14 15 16 17 
2 1 2 3 4 5 6 7 8 9 1 0 1 2 3 4 5 6 7 8 2 1 2 3 4 5 6 7 8 9 3 2 3 4 5 6 7 8 9 10 4 3 4 5 6 7 8 9 10 11 5 4 5 6 7 8 9 10 11 12 6 5 6 7 8 9 10 11 12 13 7 6 7 8 9 10 11 12 13 14 8 7 8 9 10 11 12 13 14 15 9 8 9 10 11 12 13 14 15 16 
3 2 1 2 3 4 5 6 7 8 2 1 0 1 2 3 4 5 6 7 3 2 1 2 3 4 5 6 7 8 4 3 2 3 4 5 6 7 8 9 5 4 3 4 5 6 7 8 9 10 6 5 4 5 6 7 8 9 10 11 7 6 5 6 7 8 9 10 11 12 8 7 6 7 8 9 10 11 12 13 9 8 7 8 9 10 11 12 13 14 10 9 8 9 10 11 12 13 14 15 
4 3 2 1 2 3 4 5 6 7 3 2 1 0 1 2 3 4 5 6 4 3 2 1 2 3 4 5 6 7 5 4 3 2 3 4 5 6 7 8 6 5 4 3 4 5 6 7 8 9 7 6 5 4 5 6 7 8 9 10 8 7 6 5 6 7 8 9 10 11 9 8 7 6 7 8 9 10 11 12 10 9 8 7 8 9 10 11 12 13 11 10 9 8 9 10 11 12 13 14 
5 4 3 2 1 2 3 4 5 6 4 3 2 1 0 1 2 3 4 5 5 4 3 2 1 2 3 4 5 6 6 5 4 3 2 3 4 5 6 7 7 6 5 4 3 4 5 6 7 8 8 7 6 5 4 5 6 7 8 9 9 8 7 6 5 6 7 8 9 10 10 9 8 7 6 7 8 9 10 11 11 10 9 8 7 8 9 10 11 12 12 11 10 9 8 9 10 11 12 13 
6 5 4 3 2 1 2 3 4 5 5 4 3 2 1 0 1 2 3 4 6 5 4 3 2 1 2 3 4 5 7 6 5 4 3 2 3 4 5 6 8 7 6 5 4 3 4 5 6 7 9 8 7 6 5 4 5 6 7 8 10 9 8 7 6 5 6 7 8 9 11 10 9 8 7 6 7 8 9 10 12 11 10 9 8 7 8 9 10 11 13 12 11 10 9 8 9 10 11 12 
7 6 5 4 3 2 1 2 3 4 6 5 4 3 2 1 0 1 2 3 7 6 5 4 3 2 1 2 3 4 8 7 6 5 4 3 2 3 4 5 9 8 7 6 5 4 3 4 5 6 10 9 8 7 6 5 4 5 6 7 11 10 9 8 7 6 5 6 7 8 12 11 10 9 8 7 6 7 8 9 13 12 11 10 9 8 7 8 9 10 14 13 12 11 10 9 8 9 10 11 
8 7 6 5 4 3 2 1 2 3 7 6 5 4 3 2 1 0 1 2 8 7 6 5 4 3 2 1 2 3 9 8 7 6 5 4 3 2 3 4 10 9 8 7 6 5 4 3 4 5 11 10 9 8 7 6 5 4 5 6 12 11 10 9 8 7 6 5 6 7 13 12 11 10 9 8 7 6 7 8 14 13 12 11 10 9 8 7 8 9 15 14 13 12 11 10 9 8 9 10 
9 8 7 6 5 4 3 2 1 2 8 7 6 5 4 3 2 1 0 1 9 8 7 6 5 4 3 2 1 2 10 9 8 7 6 5 4 3 2 3 11 10 9 8 7 6 5 4 3 4 12 11 10 9 8 7 6 5 4 5 13 12 11 10 9 8 7 6 5 6 14 13 12 11 10 9 8 7 6 7 15 14 13 12 11 10 9 8 7 8 16 15 14 13 12 11 10 9 8 9 
10 9 8 7 6 5 4 3 2 1 9 8 7 6 5 4 3 2 1 0 10 9 8 7 6 5 4 3 2 1 11 10 9 8 7 6 5 4 3 2 12 11 10 9 8 7 6 5 4 3 13 12 11 10 9 8 7 6 5 4 14 13 12 11 10 9 8 7 6 5 15 14 13 12 11 10 9 8 7 6 16 15 14 13 12 11 10 9 8 7 17 16 15 14 13 12 11 10 9 8 
2 3 4 5 6 7 8 9 10 11 1 2 3 4 5 6 7 8 9 10 0 1 2 3 4 5 6 7 8 9 1 2 3 4 5 6 7 8 9 10 2 3 4 5 6 7 8 9 10 11 3 4 5 6 7 8 9 10 11 12 4 5 6 7 8 9 10 11 12 13 5 6 7 8 9 10 11 12 13 14 6 7 8 9 10 11 12 13 14 15 7 8 9 10 11 12 13 14 15 16 
3 2 3 4 5 6 7 8 9 10 2 1 2 3 4 5 6 7 8 9 1 0 1 2 3 4 5 6 7 8 2 1 2 3 4 5 6 7 8 9 3 2 3 4 5 6 7 8 9 10 4 3 4 5 6 7 8 9 10 11 5 4 5 6 7 8 9 10 11 12 6 5 6 7 8 9 10 11 12 13 7 6 7 8 9 10 11 12 13 14 8 7 8 9 10 11 12 13 14 15 
4 3 2 3 4 5 6 7 8 9 3 2 1 2 3 4 5 6 7 8 2 1 0 1 2 3 4 5 6 7 3 2 1 2 3 4 5 6 7 8 4 3 2 3 4 5 6 7 8 9 5 4 3 4 5 6 7 8 9 10 6 5 4 5 6 7 8 9 10 11 7 6 5 6 7 8 9 10 11 12 8 7 6 7 8 9 10 11 12 13 9 8 7 8 9 10 11 12 13 14 
5 4 3 2 3 4 5 6 7 8 4 3 2 1 2 3 4 5 6 7 3 2 1 0 1 2 3 4 5 6 4 3 2 1 2 3 4 5 6 7 5 4 3 2 3 4 5 6 7 8 6 5 4 3 4 5 6 7 8 9 7 6 5 4 5 6 7 8 9 10 8 7 6 5 6 7 8 9 10 11 9 8 7 6 7 8 9 10 11 12 10 9 8 7 8 9 10 11 12 13 
6 5 4 3 2 3 4 5 6 7 5 4 3 2 1 2 3 4 5 6 4 3 2 1 0 1 2 3 4 5 5 4 3 2 1 2 3 4 5 6 6 5 4 3 2 3 4 5 6 7 7 6 5 4 3 4 5 6 7 8 8 7 6 5 4 5 6 7 8 9 9 8 7 6 5 6 7 8 9 10 10 9 8 7 6 7 8 9 10 11 11 10 9 8 7 8 9 10 11 12 
7 6 5 4 3 2 3 4 5 6 6 5 4 3 2 1 2 3 4 5 5 4 3 2 1 0 1 2 3 4 6 5 4 3 2 1 2 3 4 5 7 6 5 4 3 2 3 4 5 6 8 7 6 5 4 3 4 5 6 7 9 8 7 6 5 4 5 6 7 8 10 9 8 7 6 5 6 7 8 9 11 10 9 8 7 6 7 8 9 10 12 11 10 9 8 7 8 9 10 11 
8 7 6 5 4 3 2 3 4 5 7 6 5 4 3 2 1 2 3 4 6 5 4 3 2 1 0 1 2 3 7 6 5 4 3 2 1 2 3 4 8 7 6 5 4 3 2 3 4 5 9 8 7 6 5 4 3 4 5 6 10 9 8 7 6 5 4 5 6 7 11 10 9 8 7 6 5 6 7 8 12 11 10 9 8 7 6 7 8 9 13 12 11 10 9 8 7 8 9 10 
9 8 7 6 5 4 3 2 3 4 8 7 6 5 4 3 2 1 2 3 7 6 5 4 3 2 1 0 1 2 8 7 6 5 4 3 2 1 2 3 9 8 7 6 5 4 3 2 3 4 10 9 8 7 6 5 4 3 4 5 11 10 9 8 7 6 5 4 5 6 12 11 10 9 8 7 6 5 6 7 13 12 11 10 9 8 7 6 7 8 14 13 12 11 10 9 8 7 8 9 
10 9 8 7 6 5 4 3 2 3 9 8 7 6 5 4 3 2 1 2 8 7 6 5 4 3 2 1 0 1 9 8 7 6 5 4 3 2 1 2 10 9 8 7 6 5 4 3 2 3 11 10 9 8 7 6 5 4 3 4 12 11 10 9 8 7 6 5 4 5 13 12 11 10 9 8 7 6 5 6 14 13 12 11 10 9 8 7 6 7 15 14 13 12 11 10 9 8 7 8 
11 10 9 8 7 6 5 4 3 2 10 9 8 7 6 5 4 3 2 1 9 8 7 6 5 4 3 2 1 0 10 9 8 7 6 5 4 3 2 1 11 10 9 8 7 6 5 4 3 2 12 11 10 9 8 7 6 5 4 3 13 12 11 10 9 8 7 6 5 4 14 13 12 11 10 9 8 7 6 5 15 14 13 12 11 10 9 8 7 6 16 15 14 13 12 11 10 9 8 7 
3 4 5 6 7 8 9 10 11 12 2 3 4 5 6 7 8 9 10 11 1 2 3 4 5 6 7 8 9 10 0 1 2 3 4 5 6 7 8 9 1 2 3 4 5 6 7 8 9 10 2 3 4 5 6 7 8 9 10 11 3 4 5 6 7 8 9 10 11 12 4 5 6 7 8 9 10 11 12 13 5 6 7 8 9 10 11 12 13 14 6 7 8 9 10 11 12 13 14 15 
4 3 4 5 6 7 8 9 10 11 3 2 3 4 5 6 7 8 9 10 2 1 2 3 4 5 6 7 8 9 1 0 1 2 3 4 5 6 7 8 2 1 2 3 4 5 6 7 8 9 3 2 3 4 5 6 7 8 9 10 4 3 4 5 6 7 8 9 10 11 5 4 5 6 7 8 9 10 11 12 6 5 6 7 8 9 10 11 12 13 7 6 7 8 9 10 11 12 13 14 
5 4 3 4 5 6 7 8 9 10 4 3 2 3 4 5 6 7 8 9 3 2 1 2 3 4 5 6 7 8 2 1 0 1 2 3 4 5 6 7 3 2 1 2 3 4 5 6 7 8 4 3 2 3 4 5 6 7 8 9 5 4 3 4 5 6 7 8 9 10 6 5 4 5 6 7 8 9 10 11 7 6 5 6 7 8 9 10 11 12 8 7 6 7 8 9 10 11 12 13 
6 5 4 3 4 5 6 7 8 9 5 4 3 2 3 4 5 6 7 8 4 3 2 1 2 3 4 5 6 7 3 2 1 0 1 2 3 4 5 6 4 3 2 1 2 3 4 5 6 7 5 4 3 2 3 4 5 6 7 8 6 5 4 3 4 5 6 7 8 9 7 6 5 4 5 6 7 8 9 10 8 7 6 5 6 7 8 9 10 11 9 8 7 6 7 8 9 10 11 12 
7 6 5 4 3 4 5 6 7 8 6 5 4 3 2 3 4 5 6 7 5 4 3 2 1 2 3 4 5 6 4 3 2 1 0 1 2 3 4 5 5 4 3 2 1 2 3 4 5 6 6 5 4 3 2 3 4 5 6 7 7 6 5 4 3 4 5 6 7 8 8 7 6 5 4 5 6 7 8 9 9 8 7 6 5 6 7 8 9 10 10 9 8 7 6 7 8 9 10 11 
8 7 6 5 4 3 4 5 6 7 7 6 5 4 3 2 3 4 5 6 6 5 4 3 2 1 2 3 4 5 5 4 3 2 1 0 1 2 3 4 6 5 4 3 2 1 2 3 4 5 7 6 5 4 3 2 3 4 5 6 8 7 6 5 4 3 4 5 6 7 9 8 7 6 5 4 5 6 7 8 10 9 8 7 6 5 6 7 8 9 11 10 9 8 7 6 7 8 9 10 
9 8 7 6 5 4 3 4 5 6 8 7 6 5 4 3 2 3 4 5 7 6 5 4 3 2 1 2 3 4 6 5 4 3 2 1 0 1 2 3 7 6 5 4 3 2 1 2 3 4 8 7 6 5 4 3 2 3 4 5 9 8 7 6 5 4 3 4 5 6 10 9 8 7 6 5 4 5 6 7 11 10 9 8 7 6 5 6 7 8 12 11 10 9 8 7 6 7 8 9 
10 9 8 7 6 5 4 3 4 5 9 8 7 6 5 4 3 2 3 4 8 7 6 5 4 3 2 1 2 3 7 6 5 4 3 2 1 0 1 2 8 7 6 5 4 3 2 1 2 3 9 8 7 6 5 4 3 2 3 4 10 9 8 7 6 5 4 3 4 5 11 10 9 8 7 6 5 4 5 6 12 11 10 9 8 7 6 5 6 7 13 12 11 10 9 8 7 6 7 8 
11 10 9 8 7 6 5 4 3 4 10 9 8 7 6 5 4 3 2 3 9 8 7 6 5 4 3 2 1 2 8 7 6 5 4 3 2 1 0 1 9 8 7 6 5 4 3 2 1 2 10 9 8 7 6 5 4 3 2 3 11 10 9 8 7 6 5 4 3 4 12 11 10 9 8 7 6 5 4 5 13 12 11 10 9 8 7 6 5 6 14 13 12 11 10 9 8 7 6 7 
12 11 10 9 8 7 6 5 4 3 11 10 9 8 7 6 5 4 3 2 10 9 8 7 6 5 4 3 2 1 9 8 7 6 5 4 3 2 1 0 10 9 8 7 6 5 4 3 2 1 11 10 9 8 7 6 5 4 3 2 12 11 10 9 8 7 6 5 4 3 13 12 11 10 9 8 7 6 5 4 14 13 12 11 10 9 8 7 6 5 15 14 13 12 11 10 9 8 7 6 
4 5 6 7 8 9 10 11 12 13 3 4 5 6 7 8 9 10 11 12 2 3 4 5 6 7 8 9 10 11 1 2 3 4 5 6 7 8 9 10 0 1 2 3 4 5 6 7 8 9 1 2 3 4 5 6 7 8 9 10 2 3 4 5 6 7 8 9 10 11 3 4 5 6 7 8 9 10 11 12 4 5 6 7 8 9 10 11 12 13 5 6 7 8 9 10 11 12 13 14 
5 4 5 6 7 8 9 10 11 12 4 3 4 5 6 7 8 9 10 11 3 2 3 4 5 6 7 8 9 10 2 1 2 3 4 5 6 7 8 9 1 0 1 2 3 4 5 6 7 8 2 1 2 3 4 5 6 7 8 9 3 2 3 4 5 6 7 8 9 10 4 3 4 5 6 7 8 9 10 11 5 4 5 6 7 8 9 10 11 12 6 5 6 7 8 9 10 11 12 13 
6 5 4 5 6 7 8 9 10 11 5 4 3 4 5 6 7 8 9 10 4 3 2 3 4 5 6 7 8 9 3 2 1 2 3 4 5 6 7 8 2 1 0 1 2 3 4 5 6 7 3 2 1 2 3 4 5 6 7 8 4 3 2 3 4 5 6 7 8 9 5 4 3 4 5 6 7 8 9 10 6 5 4 5 6 7 8 9 10 11 7 6 5 6 7 8 9 10 11 12 
7 6 5 4 5 6 7 8 9 10 6 5 4 3 4 5 6 7 8 9 5 4 3 2 3 4 5 6 7 8 4 3 2 1 2 3 4 5 6 7 3 2 1 0 1 2 3 4 5 6 4 3 2 1 2 3 4 5 6 7 5 4 3 2 3 4 5 6 7 8 6 5 4 3 4 5 6 7 8 9 7 6 5 4 5 6 7 8 9 10 8 7 6 5 6 7 8 9 10 11 
8 7 6 5 4 5 6 7 8 9 7 6 5 4 3 4 5 6 7 8 6 5 4 3 2 3 4 5 6 7 5 4 3 2 1 2 3 4 5 6 4 3 2 1 0 1 2 3 4 5 5 4 3 2 1 2 3 4 5 6 6 5 4 3 2 3 4 5 6 7 7 6 5 4 3 4 5 6 7 8 8 7 6 5 4 5 6 7 8 9 9 8 7 6 5 6 7 8 9 10 
9 8 7 6 5 4 5 6 7 8 8 7 6 5 4 3 4 5 6 7 7 6 5 4 3 2 3 4 5 6 6 5 4 3 2 1 2 3 4 5 5 4 3 2 1 0 1 2 3 4 6 5 4 3 2 1 2 3 4 5 7 6 5 4 3 2 3 4 5 6 8 7 6 5 4 3 4 5 6 7 9 8 7 6 5 4 5 6 7 8 10 9 8 7 6 5 6 7 8 9 
10 9 8 7 6 5 4 5 6 7 9 8 7 6 5 4 3 4 5 6 8 7 6 5 4 3 2 3 4 5 7 6 5 4 3 2 1 2 3 4 6 5 4 3 2 1 0 1 2 3 7 6 5 4 3 2 1 2 3 4 8 7 6 5 4 3 2 3 4 5 9 8 7 6 5 4 3 4 5 6 10 9 8 7 6 5 4 5 6 7 11 10 9 8 7 6 5 6 7 8 
11 10 9 8 7 6 5 4 5 6 10 9 8 7 6 5 4 3 4 5 9 8 7 6 5 4 3 2 3 4 8 7 6 5 4 3 2 1 2 3 7 6 5 4 3 2 1 0 1 2 8 7 6 5 4 3 2 1 2 3 9 8 7 6 5 4 3 2 3 4 10 9 8 7 6 5 4 3 4 5 11 10 9 8 7 6 5 4 5 6 12 11 10 9 8 7 6 5 6 7 
12 11 10 9 8 7 6 5 4 5 11 10 9 8 7 6 5 4 3 4 10 9 8 7 6 5 4 3 2 3 9 8 7 6 5 4 3 2 1 2 8 7 6 5 4 3 2 1 0 1 9 8 7 6 5 4 3 2 1 2 10 9 8 7 6 5 4 3 2 3 11 10 9 8 7 6 5 4 3 4 12 11 10 9 8 7 6 5 4 5 13 12 11 10 9 8 7 6 5 6 
13 12 11 10 9 8 7 6 5 4 12 11 10 9 8 7 6 5 4 3 11 10 9 8 7 6 5 4 3 2 10 9 8 7 6 5 4 3 2 1 9 8 7 6 5 4 3 2 1 0 10 9 8 7 6 5 4 3 2 1 11 10 9 8 7 6 5 4 3 2 12 11 10 9 8 7 6 5 4 3 13 12 11 10 9 8 7 6 5 4 14 13 12 11 10 9 8 7 6 5 
5 6 7 8 9 10 11 12 13 14 4 5 6 7 8 9 10 11 12 13 3 4 5 6 7 8 9 10 11 12 2 3 4 5 6 7 8 9 10 11 1 2 3 4 5 6 7 8 9 10 0 1 2 3 4 5 6 7 8 9 1 2 3 4 5 6 7 8 9 10 2 3 4 5 6 7 8 9 10 11 3 4 5 6 7 8 9 10 11 12 4 5 6 7 8 9 10 11 12 13 
6 5 6 7 8 9 10 11 12 13 5 4 5 6 7 8 9 10 11 12 4 3 4 5 6 7 8 9 10 11 3 2 3 4 5 6 7 8 9 10 2 1 2 3 4 5 6 7 8 9 1 0 1 2 3 4 5 6 7 8 2 1 2 3 4 5 6 7 8 9 3 2 3 4 5 6 7 8 9 10 4 3 4 5 6 7 8 9 10 11 5 4 5 6 7 8 9 10 11 12 
7 6 5 6 7 8 9 10 11 12 6 5 4 5 6 7 8 9 10 11 5 4 3 4 5 6 7 8 9 10 4 3 2 3 4 5 6 7 8 9 3 2 1 2 3 4 5 6 7 8 2 1 0 1 2 3 4 5 6 7 3 2 1 2 3 4 5 6 7 8 4 3 2 3 4 5 6 7 8 9 5 4 3 4 5 6 7 8 9 10 6 5 4 5 6 7 8 9 10 11 
8 7 6 5 6 7 8 9 10 11 7 6 5 4 5 6 7 8 9 10 6 5 4 3 4 5 6 7 8 9 5 4 3 2 3 4 5 6 7 8 4 3 2 1 2 3 4 5 6 7 3 2 1 0 1 2 3 4 5 6 4 3 2 1 2 3 4 5 6 7 5 4 3 2 3 4 5 6 7 8 6 5 4 3 4 5 6 7 8 9 7 6 5 4 5 6 7 8 9 10 
9 8 7 6 5 6 7 8 9 10 8 7 6 5 4 5 6 7 8 9 7 6 5 4 3 4 5 6 7 8 6 5 4 3 2 3 4 5 6 7 5 4 3 2 1 2 3 4 5 6 4 3 2 1 0 1 2 3 4 5 5 4 3 2 1 2 3 4 5 6 6 5 4 3 2 3 4 5 6 7 7 6 5 4 3 4 5 6 7 8 8 7 6 5 4 5 6 7 8 9 
10 9 8 7 6 5 6 7 8 9 9 8 7 6 5 4 5 6 7 8 8 7 6 5 4 3 4 5 6 7 7 6 5 4 3 2 3 4 5 6 6 5 4 3 2 1 2 3 4 5 5 4 3 2 1 0 1 2 3 4 6 5 4 3 2 1 2 3 4 5 7 6 5 4 3 2 3 4 5 6 8 7 6 5 4 3 4 5 6 7 9 8 7 6 5 4 5 6 7 8 
11 10 9 8 7 6 5 6 7 8 10 9 8 7 6 5 4 5 6 7 9 8 7 6 5 4 3 4 5 6 8 7 6 5 4 3 2 3 4 5 7 6 5 4 3 2 1 2 3 4 6 5 4 3 2 1 0 1 2 3 7 6 5 4 3 2 1 2 3 4 8 7 6 5 4 3 2 3 4 5 9 8 7 6 5 4 3 4 5 6 10 9 8 7 6 5 4 5 6 7 
12 11 10 9 8 7 6 5 6 7 11 10 9 8 7 6 5 4 5 6 10 9 8 7 6 5 4 3 4 5 9 8 7 6 5 4 3 2 3 4 8 7 6 5 4 3 2 1 2 3 7 6 5 4 3 2 1 0 1 2 8 7 6 5 4 3 2 1 2 3 9 8 7 6 5 4 3 2 3 4 10 9 8 7 6 5 4 3 4 5 11 10 9 8 7 6 5 4 5 6 
13 12 11 10 9 8 7 6 5 6 12 11 10 9 8 7 6 5 4 5 11 10 9 8 7 6 5 4 3 4 10 9 8 7 6 5 4 3 2 3 9 8 7 6 5 4 3 2 1 2 8 7 6 5 4 3 2 1 0 1 9 8 7 6 5 4 3 2 1 2 10 9 8 7 6 5 4 3 2 3 11 10 9 8 7 6 5 4 3 4 12 11 10 9 8 7 6 5 4 5 
14 13 12 11 10 9 8 7 6 5 13 12 11 10 9 8 7 6 5 4 12 11 10 9 8 7 6 5 4 3 11 10 9 8 7 6 5 4 3 2 10 9 8 7 6 5 4 3 2 1 9 8 7 6 5 4 3 2 1 0 10 9 8 7 6 5 4 3 2 1 11 10 9 8 7 6 5 4 3 2 12 11 10 9 8 7 6 5 4 3 13 12 11 10 9 8 7 6 5 4 
6 7 8 9 10 11 12 13 14 15 5 6 7 8 9 10 11 12 13 14 4 5 6 7 8 9 10 11 12 13 3 4 5 6 7 8 9 10 11 12 2 3 4 5 6 7 8 9 10 11 1 2 3 4 5 6 7 8 9 10 0 1 2 3 4 5 6 7 8 9 1 2 3 4 5 6 7 8 9 10 2 3 4 5 6 7 8 9 10 11 3 4 5 6 7 8 9 10 11 12 
7 6 7 8 9 10 11 12 13 14 6 5 6 7 8 9 10 11 12 13 5 4 5 6 7 8 9 10 11 12 4 3 4 5 6 7 8 9 10 11 3 2 3 4 5 6 7 8 9 10 2 1 2 3 4 5 6 7 8 9 1 0 1 2 3 4 5 6 7 8 2 1 2 3 4 5 6 7 8 9 3 2 3 4 5 6 7 8 9 10 4 3 4 5 6 7 8 9 10 11 
8 7 6 7 8 9 10 11 12 13 7 6 5 6 7 8 9 10 11 12 6 5 4 5 6 7 8 9 10 11 5 4 3 4 5 6 7 8 9 10 4 3 2 3 4 5 6 7 8 9 3 2 1 2 3 4 5 6 7 8 2 1 0 1 2 3 4 5 6 7 3 2 1 2 3 4 5 6 7 8 4 3 2 3 4 5 6 7 8 9 5 4 3 4 5 6 7 8 9 10 
9 8 7 6 7 8 9 10 11 12 8 7 6 5 6 7 8 9 10 11 7 6 5 4 5 6 7 8 9 10 6 5 4 3 4 5 6 7 8 9 5 4 3 2 3 4 5 6 7 8 4 3 2 1 2 3 4 5 6 7 3 2 1 0 1 2 3 4 5 6 4 3 2 1 2 3 4 5 6 7 5 4 3 2 3 4 5 6 7 8 6 5 4 3 4 5 6 7 8 9 
10 9 8 7 6 7 8 9 10 11 9 8 7 6 5 6 7 8 9 10 8 7 6 5 4 5 6 7 8 9 7 6 5 4 3 4 5 6 7 8 6 5 4 3 2 3 4 5 6 7 5 4 3 2 1 2 3 4 5 6 4 3 2 1 0 1 2 3 4 5 5 4 3 2 1 2 3 4 5 6 6 5 4 3 2 3 4 5 6 7 7 6 5 4 3 4 5 6 7 8 
11 10 9 8 7 6 7 8 9 10 10 9 8 7 6 5 6 7 8 9 9 8 7 6 5 4 5 6 7 8 8 7 6 5 4 3 4 5 6 7 7 6 5 4 3 2 3 4 5 6 6 5 4 3 2 1 2 3 4 5 5 4 3 2 1 0 1 2 3 4 6 5 4 3 2 1 2 3 4 5 7 6 5 4 3 2 3 4 5 6 8 7 6 5 4 3 4 5 6 7 
12 11 10 9 8 7 6 7 8 9 11 10 9 8 7 6 5 6 7 8 10 9 8 7 6 5 4 5 6 7 9 8 7 6 5 4 3 4 5 6 8 7 6 5 4 3 2 3 4 5 7 6 5 4 3 2 1 2 3 4 6 5 4 3 2 1 0 1 2 3 7 6 5 4 3 2 1 2 3 4 8 7 6 5 4 3 2 3 4 5 9 8 7 6 5 4 3 4 5 6 
13 12 11 10 9 8 7 6 7 8 12 11 10 9 8 7 6 5 6 7 11 10 9 8 7 6 5 4 5 6 10 9 8 7 6 5 4 3 4 5 9 8 7 6 5 4 3 2 3 4 8 7 6 5 4 3 2 1 2 3 7 6 5 4 3 2 1 0 1 2 8 7 6 5 4 3 2 1 2 3 9 8 7 6 5 4 3 2 3 4 10 9 8 7 6 5 4 3 4 5 
14 13 12 11 10 9 8 7 6 7 13 12 11 10 9 8 7 6 5 6 12 11 10 9 8 7 6 5 4 5 11 10 9 8 7 6 5 4 3 4 10 9 8 7 6 5 4 3 2 3 9 8 7 6 5 4 3 2 1 2 8 7 6 5 4 3 2 1 0 1 9 8 7 6 5 4 3 2 1 2 10 9 8 7 6 5 4 3 2 3 11 10 9 8 7 6 5 4 3 4 
15 14 13 12 11 10 9 8 7 6 14 13 12 11 10 9 8 7 6 5 13 12 11 10 9 8 7 6 5 4 12 11 10 9 8 7 6 5 4 3 11 10 9 8 7 6 5 4 3 2 10 9 8 7 6 5 4 3 2 1 9 8 7 6 5 4 3 2 1 0 10 9 8 7 6 5 4 3 2 1 11 10 9 8 7 6 5 4 3 2 12 11 10 9 8 7 6 5 4 3 
7 8 9 10 11 12 13 14 15 16 6 7 8 9 10 11 12 13 14 15 5 6 7 8 9 10 11 12 13 14 4 5 6 7 8 9 10 11 12 13 3 4 5 6 7 8 9 10 11 12 2 3 4 5 6 7 8 9 10 11 1 2 3 4 5 6 7 8 9 10 0 1 2 3 4 5 6 7 8 9 1 2 3 4 5 6 7 8 9 10 2 3 4 5 6 7 8 9 10 11 
8 7 8 9 10 11 12 13 14 15 7 6 7 8 9 10 11 12 13 14 6 5 6 7 8 9 10 11 12 13 5 4 5 6 7 8 9 10 11 12 4 3 4 5 6 7 8 9 10 11 3 2 3 4 5 6 7 8 9 10 2 1 2 3 4 5 6 7 8 9 1 0 1 2 3 4 5 6 7 8 2 1 2 3 4 5 6 7 8 9 3 2 3 4 5 6 7 8 9 10 
9 8 7 8 9 10 11 12 13 14 8 7 6 7 8 9 10 11 12 13 7 6 5 6 7 8 9 10 11 12 6 5 4 5 6 7 8 9 10 11 5 4 3 4 5 6 7 8 9 10 4 3 2 3 4 5 6 7 8 9 3 2 1 2 3 4 5 6 7 8 2 1 0 1 2 3 4 5 6 7 3 2 1 2 3 4 5 6 7 8 4 3 2 3 4 5 6 7 8 9 
10 9 8 7 8 9 10 11 12 13 9 8 7 6 7 8 9 10 11 12 8 7 6 5 6 7 8 9 10 11 7 6 5 4 5 6 7 8 9 10 6 5 4 3 4 5 6 7 8 9 5 4 3 2 3 4 5 6 7 8 4 3 2 1 2 3 4 5 6 7 3 2 1 0 1 2 3 4 5 6 4 3 2 1 2 3 4 5 6 7 5 4 3 2 3 4 5 6 7 8 
11 10 9 8 7 8 9 10 11 12 10 9 8 7 6 7 8 9 10 11 9 8 7 6 5 6 7 8 9 10 8 7 6 5 4 5 6 7 8 9 7 6 5 4 3 4 5 6 7 8 6 5 4 3 2 3 4 5 6 7 5 4 3 2 1 2 3 4 5 6 4 3 2 1 0 1 2 3 4 5 5 4 3 2 1 2 3 4 5 6 6 5 4 3 2 3 4 5 6 7 
12 11 10 9 8 7 8 9 10 11 11 10 9 8 7 6 7 8 9 10 10 9 8 7 6 5 6 7 8 9 9 8 7 6 5 4 5 6 7 8 8 7 6 5 4 3 4 5 6 7 7 6 5 4 3 2 3 4 5 6 6 5 4 3 2 1 2 3 4 5 5 4 3 2 1 0 1 2 3 4 6 5 4 3 2 1 2 3 4 5 7 6 5 4 3 2 3 4 5 6 
13 12 11 10 9 8 7 8 9 10 12 11 10 9 8 7 6 7 8 9 11 10 9 8 7 6 5 6 7 8 10 9 8 7 6 5 4 5 6 7 9 8 7 6 5 4 3 4 5 6 8 7 6 5 4 3 2 3 4 5 7 6 5 4 3 2 1 2 3 4 6 5 4 3 2 1 0 1 2 3 7 6 5 4 3 2 1 2 3 4 8 7 6 5 4 3 2 3 4 5 
14 13 12 11 10 9 8 7 8 9 13 12 11 10 9 8 7 6 7 8 12 11 10 9 8 7 6 5 6 7 11 10 9 8 7 6 5 4 5 6 10 9 8 7 6 5 4 3 4 5 9 8 7 6 5 4 3 2 3 4 8 7 6 5 4 3 2 1 2 3 7 6 5 4 3 2 1 0 1 2 8 7 6 5 4 3 2 1 2 3 9 8 7 6 5 4 3 2 3 4 
15 14 13 12 11 10 9 8 7 8 14 13 12 11 10 9 8 7 6 7 13 12 11 10 9 8 7 6 5 6 12 11 10 9 8 7 6 5 4 5 11 10 9 8 7 6 5 4 3 4 10 9 8 7 6 5 4 3 2 3 9 8 7 6 5 4 3 2 1 2 8 7 6 5 4 3 2 1 0 1 9 8 7 6 5 4 3 2 1 2 10 9 8 7 6 5 4 3 2 3 
16 15 14 13 12 11 10 9 8 7 15 14 13 12 11 10 9 8 7 6 14 13 12 11 10 9 8 7 6 5 13 12 11 10 9 8 7 6 5 4 12 11 10 9 8 7 6 5 4 3 11 10 9 8 7 6 5 4 3 2 10 9 8 7 6 5 4 3 2 1 9 8 7 6 5 4 3 2 1 0 10 9 8 7 6 5 4 3 2 1 11 10 9 8 7 6 5 4 3 2 
8 9 10 11 12 13 14 15 16 17 7 8 9 10 11 12 13 14 15 16 6 7 8 9 10 11 12 13 14 15 5 6 7 8 9 10 11 12 13 14 4 5 6 7 8 9 10 11 12 13 3 4 5 6 7 8 9 10 11 12 2 3 4 5 6 7 8 9 10 11 1 2 3 4 5 6 7 8 9 10 0 1 2 3 4 5 6 7 8 9 1 2 3 4 5 6 7 8 9 10 
9 8 9 10 11 12 13 14 15 16 8 7 8 9 10 11 12 13 14 15 7 6 7 8 9 10 11 12 13 14 6 5 6 7 8 9 10 11 12 13 5 4 5 6 7 8 9 10 11 12 4 3 4 5 6 7 8 9 10 11 3 2 3 4 5 6 7 8 9 10 2 1 2 3 4 5 6 7 8 9 1 0 1 2 3 4 5 6 7 8 2 1 2 3 4 5 6 7 8 9 
10 9 8 9 10 11 12 13 14 15 9 8 7 8 9 10 11 12 13 14 8 7 6 7 8 9 10 11 12 13 7 6 5 6 7 8 9 10 11 12 6 5 4 5 6 7 8 9 10 11 5 4 3 4 5 6 7 8 9 10 4 3 2 3 4 5 6 7 8 9 3 2 1 2 3 4 5 6 7 8 2 1 0 1 2 3 4 5 6 7 3 2 1 2 3 4 5 6 7 8 
11 10 9 8 9 10 11 12 13 14 10 9 8 7 8 9 10 11 12 13 9 8 7 6 7 8 9 10 11 12 8 7 6 5 6 7 8 9 10 11 7 6 5 4 5 6 7 8 9 10 6 5 4 3 4 5 6 7 8 9 5 4 3 2 3 4 5 6 7 8 4 3 2 1 2 3 4 5 6 7 3 2 1 0 1 2 3 4 5 6 4 3 2 1 2 3 4 5 6 7 
12 11 10 9 8 9 10 11 12 13 11 10 9 8 7 8 9 10 11 12 10 9 8 7 6 7 8 9 10 11 9 8 7 6 5 6 7 8 9 10 8 7 6 5 4 5 6 7 8 9 7 6 5 4 3 4 5 6 7 8 6 5 4 3 2 3 4 5 6 7 5 4 3 2 1 2 3 4 5 6 4 3 2 1 0 1 2 3 4 5 5 4 3 2 1 2 3 4 5 6 
13 12 11 10 9 8 9 10 11 12 12 11 10 9 8 7 8 9 10 11 11 10 9 8 7 6 7 8 9 10 10 9 8 7 6 5 6 7 8 9 9 8 7 6 5 4 5 6 7 8 8 7 6 5 4 3 4 5 6 7 7 6 5 4 3 2 3 4 5 6 6 5 4 3 2 1 2 3 4 5 5 4 3 2 1 0 1 2 3 4 6 5 4 3 2 1 2 3 4 5 
14 13 12 11 10 9 8 9 10 11 13 12 11 10 9 8 7 8 9 10 12 11 10 9 8 7 6 7 8 9 11 10 9 8 7 6 5 6 7 8 10 9 8 7 6 5 4 5 6 7 9 8 7 6 5 4 3 4 5 6 8 7 6 5 4 3 2 3 4 5 7 6 5 4 3 2 1 2 3 4 6 5 4 3 2 1 0 1 2 3 7 6 5 4 3 2 1 2 3 4 
15 14 13 12 11 10 9 8 9 10 14 13 12 11 10 9 8 7 8 9 13 12 11 10 9 8 7 6 7 8 12 11 10 9 8 7 6 5 6 7 11 10 9 8 7 6 5 4 5 6 10 9 8 7 6 5 4 3 4 5 9 8 7 6 5 4 3 2 3 4 8 7 6 5 4 3 2 1 2 3 7 6 5 4 3 2 1 0 1 2 8 7 6 5 4 3 2 1 2 3 
16 15 14 13 12 11 10 9 8 9 15 14 13 12 11 10 9 8 7 8 14 13 12 11 10 9 8 7 6 7 13 12 11 10 9 8 7 6 5 6 12 11 10 9 8 7 6 5 4 5 11 10 9 8 7 6 5 4 3 4 10 9 8 7 6 5 4 3 2 3 9 8 7 6 5 4 3 2 1 2 8 7 6 5 4 3 2 1 0 1 9 8 7 6 5 4 3 2 1 2 
17 16 15 14 13 12 11 10 9 8 16 15 14 13 12 11 10 9 8 7 15 14 13 12 11 10 9 8 7 6 14 13 12 11 10 9 8 7 6 5 13 12 11 10 9 8 7 6 5 4 12 11 10 9 8 7 6 5 4 3 11 10 9 8 7 6 5 4 3 2 10 9 8 7 6 5 4 3 2 1 9 8 7 6 5 4 3 2 1 0 10 9 8 7 6 5 4 3 2 1 
9 10 11 12 13 14 15 16 17 18 8 9 10 11 12 13 14 15 16 17 7 8 9 10 11 12 13 14 15 16 6 7 8 9 10 11 12 13 14 15 5 6 7 8 9 10 11 12 13 14 4 5 6 7 8 9 10 11 12 13 3 4 5 6 7 8 9 10 11 12 2 3 4 5 6 7 8 9 10 11 1 2 3 4 5 6 7 8 9 10 0 1 2 3 4 5 6 7 8 9 
10 9 10 11 12 13 14 15 16 17 9 8 9 10 11 12 13 14 15 16 8 7 8 9 10 11 12 13 14 15 7 6 7 8 9 10 11 12 13 14 6 5 6 7 8 9 10 11 12 13 5 4 5 6 7 8 9 10 11 12 4 3 4 5 6 7 8 9 10 11 3 2 3 4 5 6 7 8 9 10 2 1 2 3 4 5 6 7 8 9 1 0 1 2 3 4 5 6 7 8 
11 10 9 10 11 12 13 14 15 16 10 9 8 9 10 11 12 13 14 15 9 8 7 8 9 10 11 12 13 14 8 7 6 7 8 9 10 11 12 13 7 6 5 6 7 8 9 10 11 12 6 5 4 5 6 7 8 9 10 11 5 4 3 4 5 6 7 8 9 10 4 3 2 3 4 5 6 7 8 9 3 2 1 2 3 4 5 6 7 8 2 1 0 1 2 3 4 5 6 7 
12 11 10 9 10 11 12 13 14 15 11 10 9 8 9 10 11 12 13 14 10 9 8 7 8 9 10 11 12 13 9 8 7 6 7 8 9 10 11 12 8 7 6 5 6 7 8 9 10 11 7 6 5 4 5 6 7 8 9 10 6 5 4 3 4 5 6 7 8 9 5 4 3 2 3 4 5 6 7 8 4 3 2 1 2 3 4 5 6 7 3 2 1 0 1 2 3 4 5 6 
13 12 11 10 9 10 11 12 13 14 12 11 10 9 8 9 10 11 12 13 11 10 9 8 7 8 9 10 11 12 10 9 8 7 6 7 8 9 10 11 9 8 7 6 5 6 7 8 9 10 8 7 6 5 4 5 6 7 8 9 7 6 5 4 3 4 5 6 7 8 6 5 4 3 2 3 4 5 6 7 5 4 3 2 1 2 3 4 5 6 4 3 2 1 0 1 2 3 4 5 
14 13 12 11 10 9 10 11 12 13 13 12 11 10 9 8 9 10 11 12 12 11 10 9 8 7 8 9 10 11 11 10 9 8 7 6 7 8 9 10 10 9 8 7 6 5 6 7 8 9 9 8 7 6 5 4 5 6 7 8 8 7 6 5 4 3 4 5 6 7 7 6 5 4 3 2 3 4 5 6 6 5 4 3 2 1 2 3 4 5 5 4 3 2 1 0 1 2 3 4 
15 14 13 12 11 10 9 10 11 12 14 13 12 11 10 9 8 9 10 11 13 12 11 10 9 8 7 8 9 10 12 11 10 9 8 7 6 7 8 9 11 10 9 8 7 6 5 6 7 8 10 9 8 7 6 5 4 5 6 7 9 8 7 6 5 4 3 4 5 6 8 7 6 5 4 3 2 3 4 5 7 6 5 4 3 2 1 2 3 4 6 5 4 3 2 1 0 1 2 3 
16 15 14 13 12 11 10 9 10 11 15 14 13 12 11 10 9 8 9 10 14 13 12 11 10 9 8 7 8 9 13 12 11 10 9 8 7 6 7 8 12 11 10 9 8 7 6 5 6 7 11 10 9 8 7 6 5 4 5 6 10 9 8 7 6 5 4 3 4 5 9 8 7 6 5 4 3 2 3 4 8 7 6 5 4 3 2 1 2 3 7 6 5 4 3 2 1 0 1 2 
17 16 15 14 13 12 11 10 9 10 16 15 14 13 12 11 10 9 8 9 15 14 13 12 11 10 9 8 7 8 14 13 12 11 10 9 8 7 6 7 13 12 11 10 9 8 7 6 5 6 12 11 10 9 8 7 6 5 4 5 11 10 9 8 7 6 5 4 3 4 10 9 8 7 6 5 4 3 2 3 9 8 7 6 5 4 3 2 1 2 8 7 6 5 4 3 2 1 0 1 
18 17 16 15 14 13 12 11 10 9 17 16 15 14 13 12 11 10 9 8 16 15 14 13 12 11 10 9 8 7 15 14 13 12 11 10 9 8 7 6 14 13 12 11 10 9 8 7 6 5 13 12 11 10 9 8 7 6 5 4 12 11 10 9 8 7 6 5 4 3 11 10 9 8 7 6 5 4 3 2 10 9 8 7 6 5 4 3 2 1 9 8 7 6 5 4 3 2 1 0 
0 0 1 0 17 123 2 0 1 0 0 0 2 19 0 1 1 2 1 41 0 83 0 5 0 1 1 0 0 1 1 0 1 1 0 34 25 1 0 0 0 0 3 24 1 0 0 0 1 1 1 3 1 3 16 1 0 2 0 1 0 0 0 0 0 2 0 1 0 32 0 4 1 0 46 0 103 0 7 1 0 15 1 0 1 0 1 1 0 5 78 0 1 0 0 0 0 32 1 0 
0 0 0 0 0 0 1 0 0 1 1 0 2 1 0 9 0 0 1 0 0 0 0 0 0 0 1 0 0 0 0 1 10 18 0 1 1 0 0 0 1 32 0 0 0 0 0 0 0 0 0 0 1 0 1 0 0 0 1 1 0 1 1 1 0 1 1 0 0 1 0 1 0 1 109 0 25 0 0 0 0 0 0 61 1 0 0 82 0 1 0 1 1 0 1 0 1 0 0 11 
1 0 0 0 0 0 1 1 0 1 0 1 0 10 0 1 0 0 0 1 1 1 0 0 0 1 1 0 0 1 1 0 0 0 0 1 1 0 14 1 0 0 0 0 0 1 1 98 0 0 0 0 1 0 1 0 0 8 0 43 1 0 21 0 0 0 0 1 1 1 0 1 0 0 0 1 0 1 0 111 1 0 1 1 1 1 0 0 1 0 1 0 58 99 0 1 0 0 1 125 
0 0 0 0 0 0 0 0 0 0 0 0 0 0 15 0 0 0 0 0 0 0 0 0 0 0 0 0 0 0 0 0 0 39 0 0 0 0 0 0 1 49 0 0 0 0 0 0 0 0 0 0 0 0 0 50 0 0 0 0 0 0 0 0 1 16 0 0 0 0 1 0 0 0 0 0 0 0 0 0 0 1 0 0 0 0 0 0 0 0 0 54 0 0 0 0 90 6 0 0 
2 0 0 0 0 54 112 0 1 0 0 0 11 0 1 1 33 61 21 1 0 0 6 1 0 1 0 0 4 0 0 0 0 6 0 1 0 0 0 0 0 0 1 1 13 0 0 0 6 1 1 1 1 9 12 1 16 0 0 1 0 0 0 0 1 127 0 1 0 0 1 1 1 0 1 0 5 0 1 2 0 3 1 0 0 0 2 65 0 0 1 0 1 0 0 0 0 5 57 0 
2 0 0 0 4 0 0 0 9 0 0 0 0 0 0 0 1 2 0 0 0 0 1 1 67 0 0 1 4 0 0 0 0 0 58 0 0 0 0 0 0 0 109 57 90 0 0 0 0 1 1 2 0 1 0 1 19 0 0 0 0 0 0 0 1 0 0 0 0 0 90 0 122 0 0 0 0 0 115 0 0 50 0 0 0 0 0 0 0 0 0 0 0 0 0 0 0 1 0 0 
1 7 1 0 1 0 0 2 0 1 20 0 1 1 0 1 0 0 26 1 0 0 0 0 0 0 1 0 0 2 1 1 9 85 0 39 1 0 0 0 72 125 0 0 0 0 0 0 0 0 0 0 114 1 2 0 0 1 27 10 0 1 1 1 0 1 62 1 0 62 0 1 0 1 20 1 1 0 1 4 0 0 1 1 1 10 0 19 3 1 13 0 1 0 1 73 7 0 1 1 
0 0 10 0 0 0 1 0 0 1 0 4 0 1 0 4 0 0 0 33 21 26 0 0 0 1 1 0 0 1 1 0 0 0 0 75 1 0 11 1 0 0 0 0 0 40 34 1 0 0 0 0 119 0 108 0 0 37 0 1 68 0 1 0 0 0 0 4 1 10 0 0 0 0 0 1 0 1 0 1 17 0 42 1 0 3 0 0 1 0 1 0 1 1 0 103 0 0 1 37 
14 0 0 0 1 1 0 0 0 0 0 0 1 0 32 1 1 1 0 0 0 0 1 1 1 0 0 0 48 0 0 0 0 1 0 0 0 0 0 0 0 0 1 72 92 0 0 0 0 15 23 2 1 1 4 1 1 0 0 0 0 0 0 0 12 108 0 1 0 0 1 1 1 0 12 0 0 0 38 1 0 1 0 0 0 0 0 0 0 0 1 0 0 0 0 0 0 7 1 0 
0 7 11 0 0 0 79 55 0 0 34 0 126 1 0 9 0 0 1 0 0 0 0 0 0 0 1 0 0 2 0 1 1 0 0 1 12 0 0 0 0 0 0 0 0 0 0 0 0 0 0 0 1 0 10 0 0 6 110 1 1 1 1 1 0 0 0 0 0 2 0 43 0 0 0 1 1 0 0 0 0 0 1 1 24 31 0 9 96 27 0 0 5 0 1 99 0 0 0 1 
0 1 0 0 0 0 61 0 0 101 0 0 0 1 0 0 0 0 0 0 0 0 0 0 0 0 1 0 0 0 0 2 26 0 0 0 115 0 0 0 0 0 0 0 0 0 0 0 0 0 0 0 0 0 0 0 0 0 1 1 0 114 1 38 0 0 0 0 0 10 0 0 0 0 0 70 0 0 0 0 0 0 0 13 12 0 0 0 0 3 0 0 1 0 1 48 0 0 0 1 
0 0 1 0 0 0 0 3 0 0 0 0 0 44 0 0 0 0 0 1 1 17 0 0 0 13 1 0 0 19 1 0 0 0 0 127 1 56 4 42 0 0 0 0 1 34 1 1 0 0 0 0 1 0 1 0 0 1 0 4 1 0 0 0 0 0 0 55 11 5 0 0 0 0 0 1 0 1 0 1 103 0 2 0 0 8 1 0 19 0 77 0 0 1 0 0 0 0 13 0 
1 1 0 0 10 0 1 0 63 1 0 0 0 37 48 2 0 101 56 0 0 0 0 0 0 0 1 0 0 0 0 10 1 1 0 1 46 0 0 0 2 1 0 0 0 0 0 0 0 0 0 0 33 8 2 74 0 0 1 1 0 9 0 0 0 1 7 0 0 6 0 1 0 4 1 1 1 0 1 1 0 1 1 0 1 0 0 1 0 1 5 66 1 0 1 0 11 0 84 0 
1 1 10 0 0 0 14 2 0 1 12 1 1 0 0 1 0 0 1 1 0 0 0 0 0 3 1 0 0 1 1 6 1 0 0 1 37 0 0 1 0 0 0 0 0 75 0 0 0 0 0 0 1 0 77 0 0 1 52 1 35 3 1 1 0 0 0 1 0 2 0 1 0 0 73 1 1 85 1 1 0 0 20 10 30 14 0 1 1 1 1 0 1 0 1 52 0 0 66 1 
0 0 0 34 1 0 0 0 1 0 0 0 1 0 0 0 0 48 0 0 0 0 0 0 0 0 0 0 0 0 0 0 0 1 0 0 0 0 0 0 2 1 0 0 0 0 0 0 0 0 0 0 0 2 0 1 1 0 0 0 0 0 0 0 1 1 1 0 0 0 1 1 0 1 32 0 71 0 95 0 0 82 0 0 0 0 0 58 0 0 0 91 0 0 0 0 1 1 0 0 
1 3 1 0 1 0 1 1 27 1 0 0 1 31 0 0 0 10 1 123 0 0 0 0 0 0 1 0 0 0 0 1 2 1 0 1 1 0 0 0 1 88 0 0 0 0 0 0 0 0 0 0 43 1 1 0 0 22 4 1 0 1 0 0 0 1 1 1 0 1 0 1 0 11 25 1 1 0 1 99 0 9 110 1 1 0 0 1 0 120 1 25 26 0 34 0 4 0 1 82 
1 0 0 0 4 1 0 0 12 0 0 0 0 0 0 0 0 1 0 43 0 9 24 1 1 1 0 5 1 0 0 0 0 0 126 0 0 1 0 0 0 0 18 1 1 0 0 0 20 1 1 102 0 110 1 0 92 0 0 0 0 0 0 0 0 0 0 1 1 0 0 0 1 0 0 0 0 0 50 41 0 0 0 0 0 0 1 0 0 0 37 0 0 80 0 0 0 21 4 0 
1 0 0 0 1 1 0 0 2 0 0 0 1 0 52 1 1 0 0 0 0 0 24 60 1 1 0 0 90 0 0 0 0 1 0 91 0 0 0 0 0 0 17 19 64 0 0 0 0 5 1 9 1 1 1 1 88 0 0 0 0 0 0 0 93 1 0 1 0 0 1 69 10 0 12 0 0 0 1 1 0 41 0 0 0 0 0 0 0 0 24 0 0 0 0 0 0 105 4 0 
1 2 0 0 1 0 45 0 0 1 0 0 4 1 0 7 0 0 0 0 0 0 0 0 0 0 12 0 0 0 0 16 106 8 0 1 112 0 0 0 1 1 0 0 0 0 0 0 0 0 0 0 65 0 1 0 0 0 124 1 0 14 1 4 0 1 1 0 0 1 0 1 0 1 2 44 1 0 12 0 0 0 2 15 1 0 0 1 0 1 119 94 1 0 1 0 18 0 0 1 
121 0 8 0 1 0 1 22 0 0 0 1 0 7 0 1 93 0 0 0 1 1 0 1 0 1 124 1 0 30 1 0 0 0 0 6 1 105 1 1 0 0 0 5 1 1 9 21 1 4 0 0 2 45 4 0 0 1 0 1 1 0 0 0 0 0 0 1 1 1 0 0 0 0 66 1 0 5 1 1 1 0 43 0 0 2 69 0 15 0 1 0 3 1 0 0 0 0 1 0 
0 0 13 0 0 0 0 1 0 0 0 1 0 0 0 0 0 0 0 19 0 35 0 0 0 1 0 0 0 1 1 0 0 0 0 0 0 0 1 1 0 0 0 0 0 1 1 1 0 0 0 0 0 0 0 0 0 1 0 0 1 0 0 0 0 0 0 0 1 0 0 0 0 0 0 0 0 86 0 0 1 0 9 0 0 1 1 0 85 0 0 0 0 1 0 0 0 0 1 0 
4 0 1 0 0 0 0 1 0 0 0 1 0 0 0 0 26 0 0 1 14 0 0 14 0 1 0 1 0 75 1 0 0 0 0 0 0 1 118 2 0 0 0 1 1 27 4 1 108 8 0 0 73 0 7 0 0 1 0 0 1 0 0 0 0 0 0 67 3 0 0 0 0 0 0 0 0 1 0 1 12 0 1 0 0 54 5 0 1 0 1 0 0 1 0 0 0 0 102 0 
0 0 0 0 1 1 0 0 1 0 0 0 0 0 0 0 1 1 0 0 0 0 0 1 1 0 0 18 1 0 0 0 0 0 2 0 0 0 0 0 0 0 1 74 1 0 0 0 1 1 79 1 0 1 0 1 38 0 0 0 0 0 0 0 0 0 0 0 0 0 53 0 2 0 0 0 0 0 1 0 0 0 0 0 0 0 0 0 0 0 0 0 0 0 0 0 0 29 0 0 
36 0 0 0 25 1 0 0 1 0 0 0 0 0 0 0 1 1 0 1 0 1 37 0 1 3 0 1 1 0 0 0 0 0 4 0 0 5 0 0 0 0 1 1 1 0 0 0 3 1 1 24 0 2 0 0 0 0 0 0 0 0 0 0 0 0 0 5 1 0 0 0 1 0 0 0 0 0 1 1 0 0 0 0 0 0 1 0 0 0 72 0 0 5 0 0 0 1 1 0 
0 0 0 0 0 1 0 0 1 0 0 0 0 0 0 0 1 6 0 0 0 0 3 43 0 0 0 1 53 0 0 0 0 0 1 0 0 0 0 0 0 0 1 5 0 0 0 0 1 1 43 124 0 1 0 0 1 0 0 0 0 0 0 0 0 0 0 0 0 0 1 0 50 0 0 0 0 0 0 0 0 0 0 0 0 0 0 0 0 0 0 0 0 0 0 0 0 1 0 0 
1 0 1 0 1 0 0 1 0 0 0 11 0 64 0 0 1 1 0 1 7 5 0 1 0 0 1 3 0 1 1 0 0 0 0 18 1 4 1 1 0 0 0 39 1 1 72 4 1 98 26 0 1 3 1 0 0 5 0 1 1 0 0 0 0 0 0 3 3 22 0 0 66 0 80 1 0 1 7 4 8 0 1 0 0 14 1 0 76 0 1 0 6 21 0 0 0 0 1 0 
1 15 1 0 0 0 1 1 0 16 3 38 9 14 0 24 0 0 27 71 0 0 0 0 0 1 0 0 0 2 1 1 1 0 0 117 1 0 0 1 0 0 0 0 0 5 0 0 0 0 0 0 1 0 1 0 0 1 1 95 14 29 40 0 0 0 0 1 0 1 0 10 0 0 61 51 49 16 0 1 37 0 1 1 1 20 0 1 1 20 65 0 1 0 1 1 0 0 34 16 
0 0 0 0 0 1 0 0 0 0 0 0 0 0 0 0 121 0 0 13 0 6 1 1 55 1 0 0 51 0 0 0 0 0 1 0 0 1 0 0 0 0 122 1 2 0 0 0 1 75 24 1 0 3 0 0 0 0 0 0 0 0 0 0 0 0 0 1 1 0 0 0 1 0 0 0 0 0 29 57 0 0 0 0 0 0 1 0 0 0 0 0 0 0 0 0 0 0 1 0 
0 0 0 0 1 61 0 0 2 0 0 0 0 0 0 0 1 14 0 0 0 0 1 121 10 0 0 1 0 0 0 0 0 0 1 0 0 0 0 0 0 0 1 9 119 0 0 0 57 1 19 1 0 1 0 1 1 0 0 0 0 0 0 0 0 0 0 0 0 0 1 0 81 0 0 0 0 0 1 0 0 27 0 0 0 0 0 0 0 0 0 0 0 0 0 0 0 1 0 0 
1 0 1 0 0 0 1 38 0 5 0 30 0 1 0 0 0 0 0 17 21 1 0 0 0 33 2 0 0 0 45 0 0 0 0 81 1 0 1 83 0 0 0 0 3 109 1 1 0 0 0 0 9 0 106 0 0 1 0 1 94 0 0 0 0 0 0 1 12 1 0 0 0 0 0 1 0 6 0 7 1 0 3 0 0 1 1 0 103 0 1 0 25 1 0 0 0 0 1 0 
1 0 25 0 0 0 16 1 0 0 0 1 0 58 0 0 0 0 0 1 1 80 0 0 0 1 15 0 0 23 0 0 0 0 0 84 1 85 1 1 0 0 0 0 6 1 43 1 0 1 0 0 1 0 1 0 0 79 0 1 1 0 0 0 0 0 0 1 1 38 0 0 0 0 0 22 0 84 0 3 2 0 11 0 0 1 1 0 6 0 2 0 1 1 0 0 0 0 1 0 
0 1 0 0 0 0 1 0 0 38 2 0 1 1 0 33 0 0 1 0 0 0 0 0 0 0 1 0 0 0 0 0 14 1 0 1 1 0 0 0 0 0 0 0 0 0 0 0 0 0 0 0 7 0 62 0 0 1 1 4 0 1 1 1 0 0 73 0 0 1 0 25 0 1 1 1 11 0 0 0 0 0 1 1 20 0 0 90 0 4 0 0 90 0 32 1 1 0 0 1 
2 17 0 0 0 0 1 0 0 94 3 0 1 24 0 1 0 0 76 0 0 0 0 0 0 0 9 0 0 0 0 1 0 1 0 1 1 0 0 0 95 41 0 0 0 0 0 0 0 0 0 0 1 0 1 0 0 0 1 1 0 45 1 4 0 101 1 0 0 1 0 115 0 1 1 1 6 0 68 0 0 0 1 1 48 0 0 98 0 68 15 21 1 0 14 0 1 0 0 1 
1 1 0 52 2 0 1 0 1 0 0 0 1 0 61 1 0 1 2 0 0 0 0 0 0 0 0 0 0 0 0 1 1 0 0 1 1 0 0 0 1 13 0 0 0 0 0 0 0 0 0 0 13 0 1 1 0 0 1 1 0 8 0 0 1 88 50 0 0 0 0 1 0 1 7 0 6 0 1 0 0 1 0 0 1 0 0 66 0 5 0 121 1 0 1 0 1 0 0 0 
0 0 0 0 0 91 0 0 0 0 0 0 0 0 0 0 1 0 0 0 0 0 1 52 1 0 0 1 122 0 0 0 0 0 0 0 0 0 0 0 0 0 1 1 0 0 0 0 0 0 2 1 0 0 0 0 7 0 0 0 0 0 0 0 0 0 0 0 0 0 1 0 4 0 0 0 0 0 0 0 0 0 0 0 0 0 0 0 0 0 0 0 0 0 0 0 0 0 0 0 
29 27 1 0 1 0 1 66 0 1 0 10 57 1 0 9 0 3 1 43 0 0 0 0 0 23 1 0 0 1 1 34 1 32 0 0 9 0 0 6 0 0 0 0 0 1 0 0 0 0 0 0 1 1 1 0 0 1 1 1 1 21 1 0 0 65 11 1 0 30 0 22 0 1 95 12 16 0 1 26 0 0 24 2 23 70 0 2 3 1 15 0 5 0 1 1 0 0 1 1 
18 126 1 0 0 0 1 1 0 24 1 1 16 1 0 13 0 0 1 51 0 0 0 0 0 1 1 0 0 15 1 1 1 1 0 1 0 0 0 23 0 0 0 0 0 1 0 0 0 0 0 0 94 0 117 0 0 84 38 19 1 1 4 1 0 0 0 1 0 1 0 14 0 0 1 97 1 0 0 1 0 0 8 1 2 55 0 1 16 53 54 0 1 0 30 1 0 0 1 64 
87 0 0 0 0 0 0 0 0 0 0 1 0 0 0 0 1 0 0 44 0 94 0 1 0 67 0 1 0 0 1 0 0 0 0 0 0 0 0 1 0 0 0 1 1 0 17 0 1 1 1 0 0 1 0 0 0 0 0 0 0 0 0 0 0 0 0 1 1 0 0 0 1 0 0 0 0 0 3 5 0 0 0 0 0 0 1 0 0 0 1 0 0 1 0 0 0 0 1 0 
0 0 11 0 0 0 0 1 0 0 0 1 0 0 0 0 0 0 0 1 1 1 0 0 0 1 0 0 0 3 37 0 0 0 0 0 0 0 0 1 0 0 0 0 0 1 1 1 0 0 0 0 0 0 0 0 0 1 0 0 1 0 0 0 0 0 0 0 1 0 0 0 0 0 0 0 0 1 0 0 2 0 0 0 0 50 0 0 1 0 0 0 0 1 0 0 0 0 0 0 
0 0 1 0 0 0 0 1 0 0 0 11 0 2 0 0 0 0 0 1 105 57 0 0 0 1 5 0 0 1 1 0 0 0 0 1 1 1 1 0 0 0 0 0 1 1 30 1 0 1 0 0 2 0 27 0 0 27 0 1 1 0 0 0 0 0 0 1 72 1 0 0 0 0 0 1 0 4 0 16 9 0 1 0 0 1 4 0 3 0 1 0 0 123 0 0 0 0 3 0 
0 9 0 3 0 0 1 0 0 0 0 0 2 0 1 1 0 0 1 0 0 0 0 0 0 0 0 0 0 0 0 0 1 5 0 0 0 0 0 0 0 3 0 0 0 0 0 0 0 0 0 0 0 0 0 6 0 0 93 0 0 1 0 0 5 1 9 0 0 0 0 1 0 28 9 0 14 0 0 0 0 5 0 0 1 0 0 6 0 1 0 1 3 0 0 0 1 0 0 0 
0 1 0 1 0 0 7 0 0 0 0 0 1 0 3 1 0 0 1 0 0 0 0 0 0 0 0 0 0 0 0 0 2 1 0 0 0 0 0 0 1 0 0 0 0 0 0 0 0 0 0 0 0 0 0 21 0 0 1 0 0 1 0 0 1 1 1 0 0 0 0 1 0 1 39 0 1 0 0 0 0 16 0 0 7 0 0 13 0 24 0 2 2 0 0 0 1 0 0 0 
1 0 0 0 1 2 0 0 1 0 0 0 0 0 0 0 1 1 0 0 0 0 49 2 1 0 0 1 12 0 0 0 0 0 1 0 0 0 0 0 0 0 0 1 11 0 0 0 1 1 42 57 0 5 0 1 1 0 0 0 0 0 0 0 51 114 0 23 0 0 1 0 41 0 1 0 0 0 10 1 0 9 0 0 0 0 0 0 0 0 2 0 0 0 0 0 0 1 1 0 
1 0 0 0 1 8 0 0 1 0 0 0 0 0 0 0 15 1 0 1 0 1 15 1 1 1 0 1 5 0 0 0 0 0 22 0 0 74 0 0 0 0 29 0 2 0 1 0 1 1 1 1 0 59 0 0 0 0 0 0 0 0 0 0 0 0 0 118 1 0 0 0 24 0 0 0 0 0 3 1 0 0 0 0 0 0 1 0 0 0 96 0 0 1 0 0 0 0 1 0 
1 0 0 0 32 1 0 0 1 0 0 44 0 0 0 0 1 18 0 1 0 1 1 1 0 1 0 1 93 69 1 0 0 0 0 0 0 1 0 1 0 0 1 11 0 0 1 0 2 1 14 125 1 3 17 0 0 0 0 0 0 0 0 0 0 0 0 23 1 0 0 0 1 0 0 0 0 0 1 55 0 0 1 0 0 0 1 0 0 0 1 0 0 1 0 0 0 0 86 0 
0 0 1 0 0 0 0 35 0 0 0 1 0 9 0 0 0 0 0 1 43 1 0 0 0 1 1 0 0 24 11 0 0 0 0 4 12 0 35 1 0 0 0 0 0 0 34 1 0 0 0 0 1 0 52 0 0 1 0 1 1 0 0 0 0 0 0 1 1 1 0 0 0 0 0 1 0 1 0 1 1 0 1 0 0 51 0 0 1 0 1 0 0 36 0 0 0 0 6 0 
0 0 104 0 0 0 0 2 0 0 0 14 0 0 0 0 0 0 0 1 45 114 0 0 0 1 0 0 0 26 1 0 0 0 0 0 0 1 1 1 0 0 0 12 1 1 0 54 1 1 0 0 0 0 0 0 0 1 0 0 2 0 0 0 0 0 0 56 7 0 0 0 0 0 0 0 0 1 0 13 33 0 0 0 0 86 1 0 2 0 0 0 0 1 0 0 0 0 1 0 
0 0 1 0 0 0 0 1 0 0 0 13 0 0 0 0 0 0 0 9 5 1 0 0 0 35 0 0 0 1 41 0 0 0 0 0 0 0 17 1 0 0 0 0 0 120 1 0 0 0 0 0 0 0 0 0 0 10 0 0 1 0 0 0 0 0 0 0 1 0 0 0 0 0 0 0 0 123 0 0 1 0 0 0 0 78 0 0 1 0 0 0 0 1 0 0 0 0 0 0 
1 0 0 0 3 0 0 0 0 0 0 0 0 0 0 0 1 0 0 1 0 1 44 1 6 1 0 1 1 0 0 0 0 0 0 0 0 1 0 0 0 0 1 1 17 0 1 0 0 15 11 1 0 116 0 0 0 0 0 0 0 0 0 0 0 0 0 2 59 0 0 0 1 0 0 0 0 0 29 50 0 0 0 0 0 0 1 0 0 0 1 0 0 45 0 0 0 0 1 0 
2 0 0 0 1 1 0 0 30 0 0 0 0 0 0 0 1 84 0 1 0 5 1 1 5 50 0 1 1 0 27 0 0 0 0 0 0 65 0 3 0 0 1 1 1 0 42 0 5 0 14 27 0 27 0 0 0 0 0 0 0 0 0 0 0 0 0 18 10 0 0 0 1 0 0 0 0 0 10 23 0 0 0 0 0 0 40 0 0 0 10 0 0 1 0 0 0 0 1 0 
1 0 0 0 1 34 0 0 5 0 0 0 0 0 0 0 1 1 0 0 0 0 110 1 1 1 0 1 5 0 0 0 0 0 1 0 0 51 0 0 0 0 29 1 20 0 0 0 28 7 0 1 0 18 0 0 92 0 0 0 0 0 0 0 0 0 0 1 0 0 0 0 27 0 0 0 0 0 2 1 0 0 0 0 0 0 6 0 0 0 95 0 0 0 0 0 0 1 1 0 
13 0 0 0 81 37 0 0 24 0 0 0 0 0 0 0 1 1 0 0 0 0 1 1 1 0 0 1 1 0 0 0 0 0 1 0 0 0 0 0 0 0 13 50 12 0 0 0 1 1 14 0 0 23 0 1 1 0 0 0 0 0 0 0 8 15 0 69 0 0 1 0 53 0 0 0 0 0 2 16 0 17 0 0 0 0 0 0 0 0 36 0 0 0 0 0 0 47 0 0 
23 1 25 0 1 0 2 1 1 1 0 1 9 1 0 1 0 1 1 1 0 104 0 0 0 99 1 0 0 2 1 1 16 24 0 1 1 0 0 1 0 0 0 0 1 6 0 0 0 0 0 0 0 1 42 0 0 1 1 59 1 3 72 0 0 11 0 1 0 1 0 3 0 0 1 4 1 0 1 23 0 0 82 1 1 1 0 5 1 1 1 0 1 1 1 95 0 0 2 1 
100 0 0 0 1 1 1 0 11 0 0 0 5 0 12 1 1 1 0 1 0 0 1 1 9 74 0 2 25 0 0 0 0 0 0 11 0 1 0 0 0 0 87 9 1 0 0 0 83 1 1 4 125 0 59 14 5 0 0 1 0 0 0 0 0 1 0 1 0 0 99 47 1 0 1 0 0 0 1 1 0 15 1 0 0 0 106 0 0 0 1 0 1 0 0 0 0 1 5 0 
89 1 32 0 4 0 1 1 7 12 0 4 4 1 0 1 41 1 35 1 0 1 0 0 0 1 1 0 0 3 1 1 120 1 0 3 4 0 0 4 0 0 0 0 10 1 0 0 0 0 0 0 1 1 0 0 0 5 1 1 0 1 0 0 0 1 0 12 0 4 0 1 0 0 76 1 2 0 1 1 0 0 1 0 3 1 0 1 27 1 1 0 19 0 8 0 0 0 1 0 
1 0 0 1 1 1 0 0 1 0 0 0 1 0 1 0 0 1 0 0 0 0 23 0 0 0 0 0 46 0 0 0 0 1 0 0 0 0 0 0 1 92 1 0 0 0 0 0 0 0 0 11 0 3 0 0 1 0 0 0 0 0 0 0 1 1 0 0 0 0 1 0 37 0 1 0 0 0 13 0 0 85 0 0 0 0 0 0 0 0 0 1 0 0 0 0 0 49 0 0 
0 0 0 0 1 55 0 0 9 0 0 0 0 0 2 0 1 127 0 0 0 0 75 0 1 0 0 0 26 0 0 0 0 0 12 0 0 0 0 0 0 0 3 0 0 0 0 0 0 0 1 1 0 1 0 5 0 0 0 0 0 0 0 0 1 0 0 0 0 0 3 0 1 0 0 0 0 0 1 0 0 36 0 0 0 0 0 0 0 0 0 0 0 0 0 0 0 1 0 0 
9 0 1 0 0 0 66 34 0 1 0 1 0 1 0 2 0 0 0 70 8 1 0 0 0 55 37 0 0 4 1 1 0 0 0 1 1 0 1 1 0 0 0 0 0 61 1 3 0 0 0 0 1 0 22 0 0 0 0 1 10 0 47 0 0 0 0 16 0 117 0 21 0 0 1 21 0 1 0 2 16 0 37 1 83 1 0 0 2 1 1 0 1 1 2 1 0 0 1 1 
0 21 0 0 0 0 5 0 0 1 1 0 1 1 0 1 0 0 49 0 0 0 0 0 0 0 62 0 0 0 0 3 88 1 0 1 1 0 0 0 1 1 0 0 0 0 0 0 0 0 0 0 1 0 1 0 0 0 0 1 0 11 21 6 0 0 10 0 0 14 0 8 0 6 6 25 1 0 0 0 0 0 2 1 1 0 0 3 0 111 0 0 1 0 54 1 1 0 0 1 
1 71 10 0 2 0 47 1 0 121 79 17 104 1 0 10 0 0 1 1 0 0 0 0 0 120 2 0 0 1 1 1 10 1 0 52 1 0 0 1 0 0 0 0 0 7 0 0 0 0 0 0 1 1 1 0 0 60 1 0 7 1 1 0 0 1 1 1 0 1 0 28 0 1 1 1 1 0 3 16 0 0 1 87 1 1 0 1 1 48 1 0 4 0 1 29 0 0 1 39 
0 0 1 0 0 0 0 28 0 27 0 1 0 61 0 0 0 0 0 1 1 15 0 0 0 1 2 0 0 1 1 0 0 0 0 1 1 0 3 1 0 0 0 0 0 45 4 1 0 0 0 0 17 0 0 0 0 1 0 13 0 0 0 0 0 0 0 0 0 1 0 0 0 0 0 29 0 76 0 0 8 0 18 0 0 55 0 0 47 0 0 0 0 19 0 3 0 0 0 1 
0 1 0 0 0 0 1 0 0 1 1 0 1 1 0 1 0 0 3 0 0 0 0 0 0 0 1 0 0 0 0 2 86 1 0 12 114 0 0 0 1 1 0 0 0 0 0 0 0 0 0 0 87 0 1 0 0 0 1 1 0 0 1 110 0 1 9 0 0 2 0 6 0 4 1 54 18 0 0 0 0 0 1 1 11 0 0 1 0 1 0 1 1 0 1 9 1 0 0 1 
0 7 20 0 0 0 27 10 0 1 96 0 0 1 0 0 0 0 41 0 0 0 0 0 0 0 1 0 0 0 0 2 2 0 0 1 1 0 0 0 0 0 0 0 0 0 0 0 0 0 0 0 29 0 0 0 0 2 9 1 0 1 0 22 0 0 0 0 0 62 0 0 0 0 0 98 0 0 0 0 0 0 1 1 1 72 0 0 0 9 0 0 1 0 1 1 0 0 0 2 
0 19 0 0 0 0 1 0 0 1 1 0 0 1 0 0 0 0 22 0 0 0 0 0 0 0 0 0 0 0 0 3 1 0 0 0 1 0 0 0 0 0 0 0 0 0 0 0 0 0 0 0 0 0 0 0 0 0 3 0 0 1 1 0 0 0 0 0 0 1 0 0 0 42 0 1 1 0 0 0 0 0 0 47 55 0 0 12 0 4 0 0 1 0 1 1 0 0 0 92 
0 0 0 17 1 78 0 0 36 0 0 0 0 0 17 0 0 1 0 0 0 0 0 0 0 0 0 0 0 0 0 0 0 54 0 0 0 0 0 0 1 124 1 0 0 0 0 0 0 0 0 1 0 0 0 17 1 0 0 0 0 0 0 0 0 7 0 0 0 0 1 0 0 0 0 0 0 0 0 0 0 1 0 0 0 0 0 0 0 0 0 113 0 0 0 0 0 1 0 0 
1 1 0 5 1 0 86 0 18 0 0 0 97 0 1 13 0 26 1 0 0 0 0 0 0 0 0 0 0 0 0 0 4 84 0 3 0 0 0 0 45 1 48 0 0 0 0 0 0 0 0 1 1 34 1 1 0 0 0 1 0 1 0 0 3 0 1 0 0 0 15 11 0 1 1 0 1 0 1 1 0 96 0 0 19 0 0 1 0 1 17 1 1 0 0 0 9 1 0 0 
0 1 0 0 0 0 1 0 0 0 0 0 19 0 1 1 0 0 99 0 0 0 0 0 0 0 0 0 0 0 0 1 1 1 0 63 0 0 0 0 1 3 0 0 0 0 0 0 0 0 0 0 0 0 0 0 0 0 55 1 0 1 0 0 0 1 0 0 0 0 0 1 0 1 57 0 1 0 0 0 0 0 0 0 3 0 0 15 0 1 0 2 89 0 1 0 6 0 0 0 
1 0 1 0 1 0 1 1 12 0 0 1 0 1 0 12 1 1 0 1 0 1 0 73 0 25 1 35 0 1 1 0 0 0 0 5 1 1 0 1 0 0 1 36 1 6 1 0 1 1 1 1 56 1 14 0 0 28 0 1 0 0 0 0 0 0 0 0 1 9 0 0 1 0 59 4 0 0 1 1 0 0 90 0 0 96 3 0 1 0 114 0 1 3 0 0 0 0 1 0 
0 0 51 0 0 0 0 22 0 0 0 25 0 0 0 0 1 0 0 2 1 56 0 22 0 5 0 1 0 1 1 0 0 0 0 0 0 1 4 1 0 0 0 78 2 69 35 1 5 13 0 0 0 0 0 0 0 0 0 0 0 0 0 0 0 0 0 2 0 0 0 0 0 0 0 0 0 1 0 12 1 0 0 0 0 0 10 0 1 0 8 0 0 1 0 0 0 0 6 0 
25 2 1 0 0 0 4 1 0 10 10 47 1 1 0 1 0 0 1 1 0 0 0 0 0 1 1 0 0 1 1 14 31 0 0 1 1 0 0 1 0 0 0 0 0 1 0 0 0 0 0 0 1 0 23 0 0 1 2 28 26 9 8 8 0 0 0 58 0 0 0 1 0 0 4 56 1 0 0 10 0 0 1 1 64 1 0 1 3 4 26 0 1 0 2 1 0 0 122 16 
0 0 0 1 1 5 0 0 3 0 0 0 0 0 19 0 0 20 0 0 0 0 1 0 1 0 0 0 1 0 0 0 0 0 96 0 0 0 0 0 0 0 17 0 0 0 0 0 0 0 0 6 0 1 0 1 15 0 0 0 0 0 0 0 1 1 0 0 0 0 0 0 6 0 0 0 0 0 47 0 0 1 0 0 0 0 0 0 0 0 0 0 0 0 0 0 0 65 0 0 
1 1 1 0 1 0 7 0 1 1 0 0 87 1 35 59 0 66 5 0 0 0 0 0 0 0 29 0 0 0 0 1 1 1 0 36 1 0 0 0 1 11 0 0 0 0 0 0 0 0 0 0 1 1 3 0 0 1 1 32 0 78 0 0 0 1 1 0 0 1 0 0 0 37 1 1 1 0 1 1 0 13 3 8 1 0 0 1 0 8 1 1 70 0 32 0 5 0 1 67 
18 0 0 0 1 9 0 0 1 0 0 0 0 0 0 0 1 7 0 0 0 0 79 1 1 33 0 62 9 0 0 0 0 0 20 0 0 31 0 0 0 0 1 3 1 0 0 0 17 1 1 36 0 1 0 1 94 0 0 0 0 0 0 0 0 0 0 53 0 0 1 0 0 0 0 0 0 0 94 34 0 1 0 0 0 0 1 0 0 0 96 0 0 0 0 0 0 1 1 0 
0 8 0 0 0 0 1 0 0 0 0 0 56 0 1 77 0 0 1 0 0 0 0 0 0 0 0 0 0 0 0 1 1 1 0 46 0 0 0 0 1 1 0 0 0 0 0 0 0 0 0 0 0 0 0 0 0 0 1 36 0 1 0 7 0 1 1 0 0 0 0 53 0 0 1 0 28 0 0 0 0 0 0 0 1 0 0 1 0 1 0 49 108 0 1 0 16 0 0 0 
1 1 0 0 40 0 1 0 1 0 0 0 1 1 1 14 0 1 1 105 0 0 0 0 0 1 55 0 0 0 0 30 1 96 0 1 1 0 0 0 2 1 1 0 0 0 0 0 0 0 0 0 4 43 1 28 0 1 1 1 0 1 0 0 0 60 52 1 0 1 0 24 0 1 0 1 8 0 1 1 0 91 96 0 3 0 0 8 0 1 1 1 6 0 1 0 89 85 1 0 
0 0 22 0 0 0 75 18 0 1 92 71 1 1 0 1 0 0 58 1 0 0 0 0 0 4 3 0 0 1 1 2 1 0 0 114 1 0 0 9 0 0 0 0 0 1 0 0 0 0 0 0 3 0 1 0 0 1 1 15 1 3 1 51 0 0 0 11 0 1 0 61 0 0 9 0 1 44 0 1 31 0 1 1 67 47 0 1 29 1 1 0 2 0 1 1 0 0 1 1 
9 1 0 0 1 0 1 0 0 1 0 0 1 1 4 1 0 0 9 0 0 0 0 0 0 0 1 0 0 0 0 1 1 1 0 1 88 0 0 0 55 51 0 0 0 0 0 0 0 0 0 0 35 0 1 0 0 0 1 1 0 1 0 32 0 2 1 0 0 1 0 1 0 1 91 1 0 0 1 0 0 0 10 0 1 0 0 1 0 5 8 15 9 0 1 0 12 0 0 0 
0 0 1 0 0 0 0 12 0 0 0 60 0 1 0 0 0 0 0 1 1 5 0 0 0 1 1 0 0 1 47 0 0 0 0 0 0 0 1 91 0 0 0 0 0 33 15 1 0 0 0 0 0 0 0 0 0 1 0 0 1 0 0 0 0 0 0 0 1 0 0 0 0 0 0 1 0 0 0 0 1 0 1 0 0 66 0 0 112 0 0 0 0 112 0 0 0 0 7 0 
1 0 0 0 64 21 1 0 91 0 0 0 12 58 1 1 1 37 1 105 0 0 5 1 0 74 0 1 1 0 0 0 19 1 0 4 0 1 0 0 0 0 1 1 122 0 0 0 1 1 27 1 50 14 1 1 77 0 0 1 0 0 0 0 0 49 0 1 0 0 62 1 1 0 2 0 1 0 0 1 0 2 6 0 0 0 94 1 0 0 7 0 1 0 0 0 0 122 1 0 
1 0 71 0 1 0 1 1 1 0 0 75 5 1 0 3 1 1 0 1 0 7 0 2 0 1 1 26 0 118 42 0 0 0 0 1 1 30 0 1 0 0 1 19 14 1 1 0 1 1 1 8 1 17 1 0 0 25 0 43 0 0 0 0 0 3 0 1 80 1 0 95 74 0 1 1 0 0 1 0 0 0 3 0 0 1 1 0 1 0 9 0 1 1 0 0 0 0 4 0 
0 0 1 0 0 0 0 1 0 0 0 48 0 0 0 0 0 0 0 1 1 1 0 0 0 1 1 0 0 5 23 0 0 0 0 0 0 0 33 16 0 0 0 0 0 70 3 19 0 0 0 0 0 0 0 0 0 1 0 0 1 0 0 0 0 0 0 0 26 0 0 0 0 0 0 10 0 1 0 0 0 0 19 0 0 11 0 0 8 0 0 0 0 1 0 0 0 0 0 0 
1 0 0 1 1 1 0 0 1 0 0 0 1 0 1 4 0 1 0 0 0 0 0 0 0 0 0 0 120 0 0 0 0 28 0 0 0 0 0 0 1 1 17 0 0 0 0 0 0 0 0 1 0 1 0 1 6 0 0 0 0 0 0 0 1 29 0 0 0 0 1 40 12 0 1 0 0 0 1 0 0 0 0 0 0 0 0 0 0 0 69 1 0 0 0 0 0 1 0 0 
1 0 1 0 1 0 1 1 0 21 0 1 2 27 0 3 0 0 1 1 21 1 0 0 0 4 1 0 0 96 33 110 126 0 0 1 1 0 0 1 0 0 0 0 4 2 0 0 0 0 0 0 61 19 1 0 0 3 1 19 126 1 1 0 0 0 0 1 0 1 0 1 0 0 1 1 5 76 1 3 1 0 0 1 14 7 0 1 1 78 6 0 103 1 1 1 0 0 58 1 
0 1 1 0 0 0 1 1 0 1 16 0 0 1 0 103 0 0 5 0 0 0 0 0 0 0 7 0 0 0 0 126 1 0 0 53 2 0 0 0 0 0 0 0 0 0 0 0 0 0 0 0 39 0 0 0 0 6 35 73 0 41 56 78 0 0 0 0 0 1 0 27 0 0 0 12 0 0 0 0 0 0 16 0 1 1 0 5 0 1 0 0 1 0 12 94 0 0 0 102 
1 1 1 0 0 0 15 0 0 1 1 0 1 1 0 52 0 0 1 0 0 0 0 0 0 0 1 0 0 0 0 1 1 1 0 1 1 0 0 0 1 38 0 0 0 0 0 0 0 0 0 0 5 0 1 0 0 4 12 1 0 8 38 1 0 84 8 0 0 17 0 1 0 9 1 1 1 0 0 0 0 0 1 1 0 0 0 1 0 1 7 110 10 0 45 9 9 0 0 1 
0 0 54 0 0 0 15 28 0 1 0 1 0 1 0 0 0 0 0 2 1 1 0 0 0 6 1 0 0 1 1 0 0 0 0 5 51 0 1 1 0 0 0 0 0 1 112 97 0 0 0 0 6 0 12 0 0 49 0 1 1 0 1 0 0 0 0 1 0 1 0 0 0 0 0 1 0 1 0 1 19 0 1 1 0 0 0 0 35 0 1 0 30 1 0 1 0 0 1 1 
1 0 0 0 1 0 0 0 0 0 0 7 0 0 0 0 53 0 0 49 1 2 0 1 0 1 0 49 0 1 91 0 0 0 0 0 0 1 0 108 0 0 0 19 1 0 28 0 1 1 1 0 0 28 0 0 0 0 0 0 0 0 0 0 0 0 0 1 1 0 0 0 3 0 0 0 0 0 5 1 0 0 0 0 0 0 0 0 0 0 3 0 0 3 0 0 0 0 7 0 
2 1 0 0 4 0 20 0 0 5 0 0 11 122 1 8 0 0 102 0 0 0 0 0 0 0 78 0 0 0 0 10 1 2 0 1 1 0 0 0 9 7 0 0 0 0 0 0 0 0 0 0 35 0 43 0 0 0 4 1 0 1 0 26 0 4 1 0 0 1 0 95 0 84 9 1 3 0 1 0 0 0 1 80 1 0 0 0 0 2 14 88 1 0 1 0 1 0 0 1 
0 0 87 0 0 0 1 1 0 1 0 104 0 123 0 0 0 0 0 41 1 53 0 0 0 38 1 0 0 12 1 0 0 0 0 1 16 0 1 1 0 0 0 0 0 1 72 1 0 0 0 0 71 0 1 0 0 9 0 1 1 0 0 0 0 0 0 49 1 1 0 0 0 0 0 1 0 2 0 2 1 0 1 0 0 1 0 0 0 0 5 0 1 55 0 29 0 0 1 22 
1 1 0 0 0 0 122 0 0 30 31 0 25 1 0 1 0 0 1 0 0 0 0 0 0 0 7 0 0 0 0 1 80 6 0 1 1 0 0 0 7 34 0 0 0 0 0 0 0 0 0 0 12 0 1 0 0 1 1 104 0 8 1 38 0 7 23 0 0 5 0 4 0 1 1 1 9 0 0 0 0 0 26 7 1 0 0 7 0 0 5 1 1 0 82 3 1 0 0 30 
1 0 1 0 1 0 114 46 1 0 0 1 1 1 0 24 1 1 1 1 0 53 0 16 0 1 1 0 0 69 1 0 1 0 0 1 1 1 0 53 0 0 73 6 83 1 0 0 28 3 1 1 1 1 23 0 0 1 0 1 0 0 0 0 0 14 0 1 1 1 0 1 20 0 30 29 1 0 1 1 0 31 1 0 3 34 1 1 1 1 0 0 4 33 0 0 0 1 62 0 
0 16 0 30 0 0 0 0 0 0 0 0 8 0 49 1 0 0 1 0 0 0 0 0 0 0 0 0 0 0 0 0 1 1 0 0 0 0 0 0 54 1 0 0 0 0 0 0 0 0 0 0 0 0 0 1 0 0 0 0 0 1 0 0 7 1 1 0 0 0 0 2 0 7 24 0 1 0 0 0 0 1 0 0 1 0 0 29 0 1 0 0 0 0 0 0 1 0 0 0 
93 27 15 0 57 0 1 53 0 13 1 0 15 1 0 1 0 0 1 1 0 0 0 0 0 65 2 0 0 1 6 15 65 1 0 8 21 0 0 0 11 1 0 0 0 0 0 0 0 0 0 0 1 1 34 0 0 1 14 1 0 1 8 58 0 1 71 45 0 4 0 12 0 1 53 1 53 0 76 1 0 0 1 16 81 70 0 41 1 67 5 0 0 0 1 1 1 0 16 10 
0 0 15 0 0 0 0 1 0 0 0 10 0 0 0 0 101 0 0 1 1 1 0 1 0 105 0 0 0 1 1 0 0 0 0 0 0 1 1 4 0 0 0 1 1 1 1 10 1 2 0 0 8 0 0 0 0 1 0 0 1 0 0 0 0 0 0 1 1 0 0 0 0 0 0 0 0 19 0 1 127 0 1 0 0 1 1 0 1 0 1 0 0 0 0 0 0 0 1 0 
0 1 0 0 0 0 1 0 0 1 14 0 14 1 0 6 0 0 9 0 0 0 0 0 0 0 8 0 0 0 0 20 78 1 0 1 1 0 0 0 0 0 0 0 0 0 0 0 0 0 0 0 36 0 74 0 0 1 102 1 0 10 1 1 0 0 1 0 0 1 0 1 0 8 98 1 2 0 0 0 0 0 116 1 1 0 0 1 0 1 0 0 1 0 0 14 1 0 0 1 
0 0 126 0 0 0 35 4 0 1 1 0 0 4 0 0 0 0 0 0 0 0 0 0 0 0 40 0 0 0 0 1 0 0 0 21 1 0 0 0 0 0 0 0 0 0 0 0 0 0 0 0 1 0 0 0 0 1 1 4 1 37 1 1 0 0 0 0 0 1 0 0 0 0 0 27 0 0 0 0 0 0 1 7 1 52 0 0 1 1 0 0 127 0 10 0 0 0 0 2 
0 9 0 2 0 0 28 0 0 0 0 0 2 0 4 3 0 0 1 0 0 0 0 0 0 0 0 0 0 0 0 1 1 1 0 0 0 0 0 0 1 69 0 0 0 0 0 0 0 0 0 0 0 0 0 0 0 0 83 0 0 47 0 0 0 1 1 0 0 0 0 121 0 27 1 0 1 0 0 0 0 0 0 0 1 0 0 97 0 14 0 1 1 0 1 0 0 0 0 0 
1 0 0 1 1 90 0 0 1 0 0 0 0 0 43 0 10 1 0 0 0 0 108 3 1 0 0 0 1 0 0 0 0 0 0 0 0 0 0 0 0 0 4 0 0 0 0 0 0 0 9 1 0 1 0 92 1 0 0 0 0 0 0 0 1 20 0 0 0 0 1 0 84 0 16 0 0 0 15 0 0 1 0 0 0 0 0 0 0 0 1 0 0 0 0 0 0 0 0 0 
1 0 1 0 1 0 1 45 64 0 0 50 1 1 0 8 1 1 0 1 39 61 0 1 0 114 1 121 0 1 11 0 0 0 0 1 6 1 0 1 0 0 28 1 64 1 1 0 1 1 3 0 6 27 25 0 0 51 0 54 0 0 0 0 0 0 0 27 34 9 0 79 1 0 32 76 0 1 1 1 0 0 1 0 0 1 1 0 1 0 1 0 4 1 0 0 0 0 0 0 
0 1 95 0 0 0 6 8 0 5 26 0 0 8 0 51 0 0 1 0 0 0 0 0 0 0 1 0 0 0 0 1 1 0 0 1 64 0 0 0 0 0 0 0 0 0 0 0 0 0 0 0 42 0 0 0 0 59 1 1 1 1 1 25 0 0 0 0 0 1 0 1 0 0 0 2 0 0 0 0 0 0 1 1 61 1 0 56 10 16 0 0 1 0 83 1 0 0 0 0 
